rank ,         name ,    med   ,  iqr 
----------------------------------------------------
   1 , k_3_0.1_9_camel_entropic ,    8300  ,   400 (         *---  |              ),80.00, 80.00, 83.00, 84.00, 86.00
   1 , k_3_0.01_9_camel_entropic ,    8300  ,   300 (     --- * ----|              ),80.00, 82.00, 83.00, 85.00, 89.00
   1 , k_3_0.15_9_camel_entropic ,    8300  ,   500 (    -    * --- |              ),79.00, 80.00, 83.00, 85.00, 87.00
   1 , k_3_0_9_camel_entropic ,    8300  ,   300 (     --  *-    |              ),80.00, 81.00, 83.00, 84.00, 85.00
   2 , k_3_0.25_5_camel_entropic ,    8400  ,   300 (     ---  *----|              ),80.00, 82.00, 84.00, 85.00, 88.00
   2 , k_3_0_11_camel_entropic ,    8400  ,   300 (     ---- *----|              ),80.00, 83.00, 84.00, 85.00, 88.00
   2 , k_3_0.01_7_camel_entropic ,    8400  ,   300 (       -- *  --|              ),81.00, 83.00, 84.00, 86.00, 88.00
   2 , k_3_0.01_13_camel_entropic ,    8400  ,   400 (     ---- *  --|              ),80.00, 83.00, 84.00, 86.00, 89.00
   2 , k_3_0.2_5_camel_entropic ,    8400  ,   200 (        --*  --|              ),82.00, 84.00, 84.00, 86.00, 88.00
   2 , k_3_0.01_11_camel_entropic ,    8400  ,   400 (       -- *  - |              ),81.00, 83.00, 84.00, 86.00, 87.00
   2 , k_3_0.2_13_camel_entropic ,    8400  ,   400 (     ---  *--  |              ),80.00, 82.00, 84.00, 84.00, 86.00
   2 , k_3_0.05_13_camel_entropic ,    8400  ,   300 (        - *----|              ),82.00, 83.00, 84.00, 85.00, 88.00
   2 , k_3_0.25_13_camel_entropic ,    8400  ,   300 (     ---- *----|              ),80.00, 83.00, 84.00, 85.00, 88.00
   3 , k_3_0.15_13_camel_entropic ,    8500  ,   300 (         - *  -|---           ),83.00, 84.00, 85.00, 87.00, 91.00
   3 , k_3_0.25_7_camel_entropic ,    8500  ,   300 (     ----  * --|              ),80.00, 83.00, 85.00, 86.00, 88.00
   3 , k_3_0.25_9_camel_entropic ,    8500  ,   200 (        -- *---|              ),82.00, 84.00, 85.00, 85.00, 88.00
   3 , k_3_0.01_5_camel_entropic ,    8500  ,   400 (       --  *  -|              ),81.00, 83.00, 85.00, 87.00, 89.00
   3 , k_3_0.15_11_camel_entropic ,    8500  ,   400 (        -  *  -|              ),82.00, 83.00, 85.00, 87.00, 88.00
   3 , k_3_0.1_13_camel_entropic ,    8500  ,   400 (     ----  * --|              ),80.00, 83.00, 85.00, 86.00, 88.00
   4 , k_3_0.2_7_camel_entropic ,    8600  ,   400 (       ---   *-|              ),81.00, 84.00, 86.00, 87.00, 89.00
   4 , k_3_0.15_5_camel_entropic ,    8600  ,   300 (          -  * |              ),84.00, 85.00, 86.00, 88.00, 89.00
   4 , k_3_0.05_7_camel_entropic ,    8600  ,   400 (        -    *-|              ),82.00, 83.00, 86.00, 86.00, 88.00
   4 , k_3_0.1_7_camel_entropic ,    8600  ,   500 (    ------   * |              ),79.00, 84.00, 86.00, 88.00, 89.00
   4 , k_3_0.1_11_camel_entropic ,    8600  ,   500 (        -    * |              ),82.00, 83.00, 86.00, 88.00, 89.00
   4 , k_3_0.05_5_camel_entropic ,    8600  ,   300 (     -----   *-|              ),80.00, 84.00, 86.00, 87.00, 89.00
   4 , k_3_0_5_camel_entropic ,    8600  ,   400 (         --  *-|              ),83.00, 85.00, 86.00, 87.00, 89.00
   4 , k_3_0.15_7_camel_entropic ,    8600  ,   200 (         --  *-|              ),83.00, 85.00, 86.00, 87.00, 89.00
   4 , k_3_0_7_camel_entropic ,    8600  ,   300 (          -  * |              ),84.00, 85.00, 86.00, 88.00, 89.00
   5 , k_3_0.05_11_camel_entropic ,    8700  ,   400 (          --- *|-             ),84.00, 86.00, 87.00, 89.00, 90.00
   5 , k_3_0.2_9_camel_entropic ,    8700  ,   500 (              *| ---          ),85.00, 85.00, 87.00, 90.00, 92.00
   5 , k_3_0.25_11_camel_entropic ,    8700  ,   300 (         --   *|              ),83.00, 85.00, 87.00, 88.00, 89.00
   5 , k_3_0.2_11_camel_entropic ,    8800  ,   300 (           --- *---           ),85.00, 87.00, 88.00, 88.00, 91.00
   5 , k_3_0_13_camel_entropic ,    8800  ,   100 (           --- *-             ),85.00, 87.00, 88.00, 88.00, 90.00
   5 , k_3_0.1_5_camel_entropic ,    8800  ,   300 (          ---  *              ),84.00, 86.00, 88.00, 89.00, 89.00
   5 , k_3_0.05_9_camel_entropic ,    8900  ,   300 (           --- |*--           ),85.00, 87.00, 89.00, 90.00, 91.00
   6 , k_3_0.01_11_camel_random ,    9700  ,   100 (               |         -*   ),96.00, 97.00, 97.00, 98.00, 98.00
   6 , k_3_0_13_camel_spectral ,    9700  ,   100 (               |         -*   ),96.00, 97.00, 97.00, 98.00, 98.00
   6 , k_3_0_9_camel_random ,    9700  ,   200 (               |          *   ),96.00, 96.00, 97.00, 98.00, 98.00
   6 , k_3_0.1_13_camel_spectral ,    9700  ,   200 (               |       ---*   ),95.00, 97.00, 97.00, 98.00, 98.00
   6 , k_3_0.01_7_camel_spectral ,    9700  ,   100 (               |         -*   ),96.00, 97.00, 97.00, 98.00, 98.00
   6 , k_3_0.1_11_camel_spectral ,    9700  ,   200 (               |          *   ),96.00, 96.00, 97.00, 98.00, 98.00
   6 , k_3_0.1_9_camel_random ,    9700  ,   100 (               |         -*   ),96.00, 97.00, 97.00, 98.00, 98.00
   7 , k_3_0.25_5_camel_rp ,    9800  ,   100 (               |           *- ),98.00, 98.00, 98.00, 99.00, 100.00
   7 , k_3_0_9_camel_2 ,    9800  ,   100 (               |           *- ),98.00, 98.00, 98.00, 99.00, 100.00
   7 , k_3_0.25_5_camel_where ,    9800  ,   100 (               |           *- ),98.00, 98.00, 98.00, 99.00, 100.00
   7 , k_3_0.01_5_camel_spectral ,    9800  ,   100 (               |       --- *  ),95.00, 97.00, 98.00, 98.00, 98.00
   7 , k_3_0.1_13_camel_where ,    9800  ,     0 (               |           *  ),98.00, 98.00, 98.00, 98.00, 99.00
   7 , k_3_0.2_5_camel_random ,    9800  ,     0 (               |          -*  ),97.00, 98.00, 98.00, 98.00, 99.00
   7 , k_3_0.01_5_camel_rp ,    9800  ,   100 (               |           *- ),98.00, 98.00, 98.00, 98.00, 100.00
   7 , k_3_0.1_7_camel_where ,    9800  ,   100 (               |           *- ),98.00, 98.00, 98.00, 99.00, 100.00
   7 , k_3_0_7_camel_where ,    9800  ,   100 (               |           *  ),98.00, 98.00, 98.00, 98.00, 99.00
   7 , k_3_0_7_camel_rp ,    9800  ,   100 (               |           *  ),98.00, 98.00, 98.00, 99.00, 99.00
   7 , k_3_0.25_5_camel_pca ,    9800  ,   100 (               |           *- ),98.00, 98.00, 98.00, 99.00, 100.00
   7 , k_3_0.05_5_camel_spectral ,    9800  ,   100 (               |         - *  ),96.00, 97.00, 98.00, 98.00, 98.00
   7 , k_3_0_7_camel_kd ,    9800  ,   100 (               |           *  ),98.00, 98.00, 98.00, 99.00, 99.00
   7 , k_3_0.25_9_camel_rp ,    9800  ,   100 (               |           *  ),98.00, 98.00, 98.00, 99.00, 99.00
   7 , k_3_0.2_9_camel_where ,    9800  ,     0 (               |           *- ),98.00, 98.00, 98.00, 98.00, 100.00
   7 , k_3_0.1_11_camel_rp ,    9800  ,   100 (               |           *- ),98.00, 98.00, 98.00, 98.00, 100.00
   7 , k_3_0_11_camel_where ,    9800  ,   100 (               |           *  ),98.00, 98.00, 98.00, 98.00, 99.00
   7 , k_3_0.15_11_camel_rp ,    9800  ,   100 (               |           *- ),98.00, 98.00, 98.00, 99.00, 100.00
   7 , k_3_0.01_11_camel_where ,    9800  ,   100 (               |           *- ),98.00, 98.00, 98.00, 98.00, 100.00
   7 , k_3_0_9_camel_pca ,    9800  ,   200 (               |           *  ),98.00, 98.00, 98.00, 100.00, 100.00
   7 , k_3_0.05_5_camel_rp ,    9800  ,   100 (               |           *  ),98.00, 98.00, 98.00, 98.00, 99.00
   7 , k_3_0.2_5_camel_spectral ,    9800  ,     0 (               |         --*  ),96.00, 98.00, 98.00, 98.00, 98.00
   7 , k_3_0.1_11_camel_where ,    9800  ,     0 (               |          -*  ),97.00, 98.00, 98.00, 98.00, 99.00
   7 , k_3_0.25_5_camel_random ,    9800  ,     0 (               |           *  ),98.00, 98.00, 98.00, 98.00, 99.00
   7 , k_3_0.15_11_camel_kd ,    9800  ,   100 (               |           *  ),98.00, 98.00, 98.00, 99.00, 99.00
   7 , k_3_0.05_7_camel_kd ,    9800  ,   100 (               |           *- ),98.00, 98.00, 98.00, 99.00, 100.00
   7 , k_3_0.25_13_camel_rp ,    9800  ,   100 (               |           *- ),98.00, 98.00, 98.00, 98.00, 100.00
   7 , k_3_0.05_9_camel_where ,    9800  ,   100 (               |           *  ),98.00, 98.00, 98.00, 99.00, 99.00
   7 , k_3_0.25_9_camel_spectral ,    9800  ,   100 (               |           *  ),97.00, 97.00, 98.00, 98.00, 98.00
   7 , k_3_0.05_7_camel_where ,    9800  ,     0 (               |           *  ),98.00, 98.00, 98.00, 98.00, 99.00
   7 , k_3_0_7_camel_spectral ,    9800  ,   100 (               |      ---- *  ),94.00, 97.00, 98.00, 98.00, 98.00
   7 , k_3_0.2_11_camel_spectral ,    9800  ,     0 (               |          -*  ),97.00, 98.00, 98.00, 98.00, 98.00
   7 , k_3_0.01_13_camel_where ,    9800  ,   100 (               |           *  ),98.00, 98.00, 98.00, 98.00, 99.00
   7 , k_3_0.2_7_camel_rp ,    9800  ,     0 (               |           *  ),98.00, 98.00, 98.00, 98.00, 99.00
   7 , k_3_0.05_9_camel_2 ,    9800  ,   100 (               |           *- ),98.00, 98.00, 98.00, 98.00, 100.00
   7 , k_3_0.05_5_camel_kd ,    9800  ,   100 (               |           *  ),98.00, 98.00, 98.00, 99.00, 99.00
   7 , k_3_0.15_7_camel_rp ,    9800  ,   100 (               |           *  ),98.00, 98.00, 98.00, 99.00, 99.00
   7 , k_3_0.1_9_camel_where ,    9800  ,   100 (               |           *  ),98.00, 98.00, 98.00, 99.00, 99.00
   7 , k_3_0.1_9_camel_rp ,    9800  ,   100 (               |           *  ),98.00, 98.00, 98.00, 98.00, 99.00
   7 , k_3_0.2_7_camel_kd ,    9800  ,   100 (               |           *  ),98.00, 98.00, 98.00, 99.00, 99.00
   7 , k_3_0.15_9_camel_random ,    9800  ,     0 (               |         --*  ),96.00, 98.00, 98.00, 98.00, 99.00
   7 , k_3_0.15_5_camel_2 ,    9800  ,   100 (               |           *- ),98.00, 98.00, 98.00, 99.00, 100.00
   7 , k_3_0.2_9_camel_pca ,    9800  ,   100 (               |           *- ),98.00, 98.00, 98.00, 99.00, 100.00
   7 , k_3_0.05_9_camel_random ,    9800  ,   100 (               |         - *  ),96.00, 97.00, 98.00, 98.00, 98.00
   7 , k_3_0.01_13_camel_rp ,    9800  ,     0 (               |           *  ),98.00, 98.00, 98.00, 98.00, 99.00
   7 , k_3_0.01_9_camel_spectral ,    9800  ,   100 (               |         - *  ),96.00, 97.00, 98.00, 98.00, 98.00
   7 , k_3_0.05_11_camel_rp ,    9800  ,   100 (               |           *  ),98.00, 98.00, 98.00, 99.00, 99.00
   7 , k_3_0.1_5_camel_where ,    9800  ,   100 (               |           *  ),98.00, 98.00, 98.00, 99.00, 99.00
   7 , k_3_0.2_5_camel_where ,    9800  ,   100 (               |           *- ),98.00, 98.00, 98.00, 99.00, 100.00
   7 , k_3_0.05_11_camel_random ,    9800  ,     0 (               |          -*  ),97.00, 98.00, 98.00, 98.00, 98.00
   7 , k_3_0.1_7_camel_pca ,    9800  ,   100 (               |           *- ),98.00, 98.00, 98.00, 99.00, 100.00
   7 , k_3_0.01_7_camel_random ,    9800  ,   100 (               |       --- *  ),95.00, 97.00, 98.00, 98.00, 98.00
   7 , k_3_0.05_5_camel_2 ,    9800  ,   100 (               |           *- ),98.00, 98.00, 98.00, 99.00, 100.00
   7 , k_3_0.01_13_camel_spectral ,    9800  ,   100 (               |           *  ),97.00, 97.00, 98.00, 98.00, 98.00
   7 , k_3_0.1_13_camel_random ,    9800  ,   200 (               |       --  *  ),95.00, 96.00, 98.00, 98.00, 98.00
   7 , k_3_0.25_11_camel_random ,    9800  ,     0 (               |           *  ),98.00, 98.00, 98.00, 98.00, 98.00
   7 , k_3_0.2_7_camel_spectral ,    9800  ,     0 (               |          -*  ),97.00, 98.00, 98.00, 98.00, 99.00
   7 , k_3_0.2_9_camel_kd ,    9800  ,   100 (               |           *  ),98.00, 98.00, 98.00, 99.00, 99.00
   7 , k_3_0_13_camel_random ,    9800  ,   100 (               |         - *  ),96.00, 97.00, 98.00, 98.00, 98.00
   7 , k_3_0_13_camel_kd ,    9800  ,   100 (               |           *  ),98.00, 98.00, 98.00, 99.00, 99.00
   7 , k_3_0.05_7_camel_spectral ,    9800  ,   100 (               |          -*  ),97.00, 98.00, 98.00, 98.00, 98.00
   7 , k_3_0.25_11_camel_spectral ,    9800  ,   100 (               |         - *  ),96.00, 97.00, 98.00, 98.00, 98.00
   7 , k_3_0.01_9_camel_rp ,    9800  ,     0 (               |           *  ),98.00, 98.00, 98.00, 98.00, 99.00
   7 , k_3_0.1_11_camel_2 ,    9800  ,   100 (               |           *  ),98.00, 98.00, 98.00, 99.00, 99.00
   7 , k_3_0.25_7_camel_kd ,    9800  ,   100 (               |           *- ),98.00, 98.00, 98.00, 99.00, 100.00
   7 , k_3_0.2_13_camel_random ,    9800  ,     0 (               |           *  ),98.00, 98.00, 98.00, 98.00, 99.00
   7 , k_3_0.2_11_camel_where ,    9800  ,   100 (               |           *  ),98.00, 98.00, 98.00, 98.00, 99.00
   7 , k_3_0.05_13_camel_spectral ,    9800  ,   100 (               |         - *  ),96.00, 97.00, 98.00, 98.00, 99.00
   7 , k_3_0.25_13_camel_2 ,    9800  ,   100 (               |           *- ),98.00, 98.00, 98.00, 99.00, 100.00
   7 , k_3_0.15_5_camel_random ,    9800  ,     0 (               |         --*  ),96.00, 98.00, 98.00, 98.00, 98.00
   7 , k_3_0.05_13_camel_rp ,    9800  ,   100 (               |           *- ),98.00, 98.00, 98.00, 99.00, 100.00
   7 , k_3_0.15_7_camel_kd ,    9800  ,   100 (               |           *- ),98.00, 98.00, 98.00, 99.00, 100.00
   7 , k_3_0.05_11_camel_where ,    9800  ,     0 (               |           *  ),98.00, 98.00, 98.00, 98.00, 99.00
   7 , k_3_0.1_7_camel_random ,    9800  ,   100 (               |         - *  ),96.00, 97.00, 98.00, 98.00, 98.00
   7 , k_3_0.25_7_camel_where ,    9800  ,   100 (               |           *- ),98.00, 98.00, 98.00, 99.00, 100.00
   7 , k_3_0.05_13_camel_kd ,    9800  ,   100 (               |           *  ),98.00, 98.00, 98.00, 98.00, 99.00
   7 , k_3_0.05_9_camel_rp ,    9800  ,   100 (               |           *- ),98.00, 98.00, 98.00, 99.00, 100.00
   7 , k_3_0.15_13_camel_random ,    9800  ,   100 (               |         - *  ),96.00, 97.00, 98.00, 98.00, 98.00
   7 , k_3_0.05_7_camel_rp ,    9800  ,     0 (               |           *- ),98.00, 98.00, 98.00, 98.00, 100.00
   7 , k_3_0.01_9_camel_kd ,    9800  ,   100 (               |           *- ),98.00, 98.00, 98.00, 99.00, 100.00
   7 , k_3_0.05_9_camel_kd ,    9800  ,   100 (               |           *- ),98.00, 98.00, 98.00, 99.00, 100.00
   7 , k_3_0.2_11_camel_kd ,    9800  ,   100 (               |           *- ),98.00, 98.00, 98.00, 99.00, 100.00
   7 , k_3_0.1_11_camel_kd ,    9800  ,     0 (               |           *  ),98.00, 98.00, 98.00, 98.00, 99.00
   7 , k_3_0.15_9_camel_where ,    9800  ,   100 (               |           *  ),98.00, 98.00, 98.00, 98.00, 99.00
   7 , k_3_0.25_11_camel_rp ,    9800  ,   100 (               |           *  ),98.00, 98.00, 98.00, 99.00, 99.00
   7 , k_3_0.1_5_camel_spectral ,    9800  ,   100 (               |         - *  ),96.00, 97.00, 98.00, 98.00, 98.00
   7 , k_3_0_11_camel_rp ,    9800  ,   100 (               |           *  ),98.00, 98.00, 98.00, 99.00, 99.00
   7 , k_3_0.2_9_camel_rp ,    9800  ,     0 (               |           *  ),98.00, 98.00, 98.00, 98.00, 99.00
   7 , k_3_0.1_11_camel_random ,    9800  ,   200 (               |       --  *  ),95.00, 96.00, 98.00, 98.00, 98.00
   7 , k_3_0_13_camel_pca ,    9800  ,   100 (               |           *- ),98.00, 98.00, 98.00, 99.00, 100.00
   7 , k_3_0.2_11_camel_2 ,    9800  ,   100 (               |           *- ),98.00, 98.00, 98.00, 99.00, 100.00
   7 , k_3_0.1_5_camel_pca ,    9800  ,   100 (               |           *- ),98.00, 98.00, 98.00, 99.00, 100.00
   7 , k_3_0.15_7_camel_spectral ,    9800  ,   100 (               |         - *  ),96.00, 97.00, 98.00, 98.00, 98.00
   7 , k_3_0.25_7_camel_spectral ,    9800  ,   100 (               |         - *  ),96.00, 97.00, 98.00, 98.00, 98.00
   7 , k_3_0.2_13_camel_kd ,    9800  ,   100 (               |           *- ),98.00, 98.00, 98.00, 99.00, 100.00
   7 , k_3_0.2_11_camel_pca ,    9800  ,   100 (               |           *  ),98.00, 98.00, 98.00, 99.00, 99.00
   7 , k_3_0.2_9_camel_2 ,    9800  ,   100 (               |           *- ),98.00, 98.00, 98.00, 99.00, 100.00
   7 , k_3_0.15_11_camel_random ,    9800  ,     0 (               |         --*  ),96.00, 98.00, 98.00, 98.00, 99.00
   7 , k_3_0.01_11_camel_pca ,    9800  ,   100 (               |           *  ),98.00, 98.00, 98.00, 99.00, 99.00
   7 , k_3_0.01_11_camel_rp ,    9800  ,     0 (               |           *  ),98.00, 98.00, 98.00, 98.00, 99.00
   7 , k_3_0.01_5_camel_where ,    9800  ,     0 (               |           *- ),98.00, 98.00, 98.00, 98.00, 100.00
   7 , k_3_0_13_camel_rp ,    9800  ,   100 (               |           *  ),98.00, 98.00, 98.00, 99.00, 99.00
   7 , k_3_0.25_7_camel_rp ,    9800  ,   100 (               |           *  ),98.00, 98.00, 98.00, 99.00, 99.00
   7 , k_3_0.05_13_camel_where ,    9800  ,   100 (               |           *  ),98.00, 98.00, 98.00, 99.00, 99.00
   7 , k_3_0.01_9_camel_random ,    9800  ,   200 (               |       --- *  ),95.00, 97.00, 98.00, 98.00, 98.00
   7 , k_3_0_5_camel_spectral ,    9800  ,   100 (               |         - *  ),96.00, 97.00, 98.00, 98.00, 98.00
   7 , k_3_0.05_13_camel_random ,    9800  ,     0 (               |          -*  ),97.00, 98.00, 98.00, 98.00, 99.00
   7 , k_3_0.2_7_camel_random ,    9800  ,     0 (               |          -*  ),97.00, 98.00, 98.00, 98.00, 99.00
   7 , k_3_0.01_11_camel_spectral ,    9800  ,   100 (               |         --*  ),96.00, 98.00, 98.00, 98.00, 99.00
   7 , k_3_0_9_camel_where ,    9800  ,     0 (               |           *- ),98.00, 98.00, 98.00, 98.00, 100.00
   7 , k_3_0_7_camel_random ,    9800  ,   100 (               |         - *  ),96.00, 97.00, 98.00, 98.00, 99.00
   7 , k_3_0.15_11_camel_where ,    9800  ,     0 (               |           *  ),98.00, 98.00, 98.00, 98.00, 99.00
   7 , k_3_0.25_13_camel_where ,    9800  ,     0 (               |           *  ),98.00, 98.00, 98.00, 98.00, 99.00
   7 , k_3_0.1_13_camel_rp ,    9800  ,   100 (               |           *- ),98.00, 98.00, 98.00, 99.00, 100.00
   7 , k_3_0.25_9_camel_kd ,    9800  ,   100 (               |          -*- ),97.00, 98.00, 98.00, 99.00, 100.00
   7 , k_3_0.25_13_camel_random ,    9800  ,     0 (               |           *  ),98.00, 98.00, 98.00, 98.00, 98.00
   7 , k_3_0.1_13_camel_kd ,    9800  ,   100 (               |           *  ),98.00, 98.00, 98.00, 99.00, 99.00
   7 , k_3_0.1_5_camel_rp ,    9800  ,   100 (               |           *  ),98.00, 98.00, 98.00, 99.00, 99.00
   7 , k_3_0.2_13_camel_2 ,    9800  ,   100 (               |           *  ),98.00, 98.00, 98.00, 99.00, 99.00
   7 , k_3_0_5_camel_where ,    9800  ,     0 (               |          -*  ),97.00, 98.00, 98.00, 98.00, 98.00
   7 , k_3_0.2_11_camel_rp ,    9800  ,   100 (               |           *  ),98.00, 98.00, 98.00, 99.00, 99.00
   7 , k_3_0.2_9_camel_spectral ,    9800  ,     0 (               |          -*  ),97.00, 98.00, 98.00, 98.00, 99.00
   7 , k_3_0_11_camel_random ,    9800  ,   100 (               |       --- *  ),95.00, 97.00, 98.00, 98.00, 98.00
   7 , k_3_0.25_11_camel_kd ,    9800  ,   100 (               |           *- ),98.00, 98.00, 98.00, 98.00, 100.00
   7 , k_3_0_11_camel_spectral ,    9800  ,   100 (               |          -*  ),97.00, 98.00, 98.00, 98.00, 98.00
   7 , k_3_0.15_9_camel_spectral ,    9800  ,     0 (               |          -*  ),97.00, 98.00, 98.00, 98.00, 98.00
   7 , k_3_0.2_7_camel_where ,    9800  ,   100 (               |          -*  ),97.00, 98.00, 98.00, 98.00, 99.00
   7 , k_3_0.01_13_camel_random ,    9800  ,   100 (               |         - *  ),96.00, 97.00, 98.00, 98.00, 98.00
   7 , k_3_0.25_9_camel_random ,    9800  ,     0 (               |          -*  ),97.00, 98.00, 98.00, 98.00, 98.00
   7 , k_3_0.2_9_camel_random ,    9800  ,     0 (               |         --*  ),96.00, 98.00, 98.00, 98.00, 99.00
   7 , k_3_0.25_7_camel_random ,    9800  ,     0 (               |          -*  ),97.00, 98.00, 98.00, 98.00, 99.00
   7 , k_3_0.1_11_camel_pca ,    9800  ,   100 (               |           *- ),98.00, 98.00, 98.00, 99.00, 100.00
   7 , k_3_0.25_9_camel_pca ,    9800  ,   100 (               |           *- ),98.00, 98.00, 98.00, 99.00, 100.00
   7 , k_3_0.2_5_camel_kd ,    9800  ,   100 (               |           *  ),98.00, 98.00, 98.00, 99.00, 99.00
   7 , k_3_0.01_9_camel_2 ,    9800  ,   100 (               |           *- ),98.00, 98.00, 98.00, 99.00, 100.00
   7 , k_3_0.2_5_camel_rp ,    9800  ,   100 (               |           *  ),98.00, 98.00, 98.00, 99.00, 99.00
   7 , k_3_0.2_13_camel_where ,    9800  ,   100 (               |           *  ),98.00, 98.00, 98.00, 98.00, 99.00
   7 , k_3_0.01_11_camel_kd ,    9800  ,   100 (               |           *- ),98.00, 98.00, 98.00, 99.00, 100.00
   7 , k_3_0.25_13_camel_spectral ,    9800  ,   100 (               |         - *  ),96.00, 97.00, 98.00, 98.00, 99.00
   7 , k_3_0.2_13_camel_spectral ,    9800  ,     0 (               |          -*  ),97.00, 98.00, 98.00, 98.00, 99.00
   7 , k_3_0.15_13_camel_kd ,    9800  ,   100 (               |           *- ),98.00, 98.00, 98.00, 99.00, 100.00
   7 , k_3_0.15_5_camel_pca ,    9800  ,   100 (               |           *- ),98.00, 98.00, 98.00, 99.00, 100.00
   7 , k_3_0.05_7_camel_random ,    9800  ,   100 (               |         - *  ),96.00, 97.00, 98.00, 98.00, 98.00
   7 , k_3_0.01_9_camel_pca ,    9800  ,   100 (               |           *- ),98.00, 98.00, 98.00, 99.00, 100.00
   7 , k_3_0.2_7_camel_2 ,    9800  ,   100 (               |           *- ),98.00, 98.00, 98.00, 99.00, 100.00
   7 , k_3_0.15_9_camel_2 ,    9800  ,   100 (               |           *- ),98.00, 98.00, 98.00, 99.00, 100.00
   7 , k_3_0.05_11_camel_spectral ,    9800  ,   100 (               |           *  ),97.00, 97.00, 98.00, 98.00, 98.00
   7 , k_3_0.1_9_camel_2 ,    9800  ,   100 (               |           *  ),98.00, 98.00, 98.00, 99.00, 99.00
   7 , k_3_0_9_camel_rp ,    9800  ,   100 (               |           *  ),98.00, 98.00, 98.00, 99.00, 99.00
   7 , k_3_0.15_5_camel_spectral ,    9800  ,     0 (               |         --*  ),96.00, 98.00, 98.00, 98.00, 98.00
   7 , k_3_0.1_9_camel_spectral ,    9800  ,   200 (               |           *  ),96.00, 96.00, 98.00, 98.00, 98.00
   7 , k_3_0.05_5_camel_random ,    9800  ,   100 (               |         - *  ),96.00, 97.00, 98.00, 98.00, 98.00
   7 , k_3_0.01_7_camel_where ,    9800  ,     0 (               |          -*  ),97.00, 98.00, 98.00, 98.00, 98.00
   7 , k_3_0.25_11_camel_where ,    9800  ,   100 (               |           *- ),98.00, 98.00, 98.00, 99.00, 100.00
   7 , k_3_0.1_7_camel_rp ,    9800  ,     0 (               |           *  ),98.00, 98.00, 98.00, 98.00, 99.00
   7 , k_3_0.05_9_camel_spectral ,    9800  ,   100 (               |         - *  ),96.00, 97.00, 98.00, 98.00, 99.00
   7 , k_3_0.1_9_camel_kd ,    9800  ,   100 (               |           *- ),98.00, 98.00, 98.00, 98.00, 100.00
   7 , k_3_0.2_5_camel_pca ,    9800  ,   100 (               |           *- ),98.00, 98.00, 98.00, 99.00, 100.00
   7 , k_3_0.15_5_camel_kd ,    9800  ,   100 (               |           *  ),98.00, 98.00, 98.00, 99.00, 99.00
   7 , k_3_0.15_7_camel_random ,    9800  ,   100 (               |          -*  ),97.00, 98.00, 98.00, 98.00, 99.00
   7 , k_3_0_5_camel_2 ,    9800  ,   100 (               |           *- ),98.00, 98.00, 98.00, 99.00, 100.00
   7 , k_3_0.15_7_camel_where ,    9800  ,     0 (               |           *  ),98.00, 98.00, 98.00, 98.00, 99.00
   7 , k_3_0.15_9_camel_rp ,    9800  ,   100 (               |           *  ),98.00, 98.00, 98.00, 99.00, 99.00
   7 , k_3_0.15_13_camel_pca ,    9800  ,   100 (               |           *  ),98.00, 98.00, 98.00, 99.00, 99.00
   7 , k_3_0.01_9_camel_where ,    9800  ,   100 (               |           *- ),98.00, 98.00, 98.00, 99.00, 100.00
   7 , k_3_0.25_5_camel_spectral ,    9800  ,   100 (               |           *- ),98.00, 98.00, 98.00, 98.00, 100.00
   7 , k_3_0_11_camel_2 ,    9800  ,   100 (               |           *- ),98.00, 98.00, 98.00, 99.00, 100.00
   7 , k_3_0_5_camel_random ,    9800  ,   100 (               |         - *  ),96.00, 97.00, 98.00, 98.00, 98.00
   7 , k_3_0.01_5_camel_random ,    9800  ,   100 (               |           *  ),97.00, 97.00, 98.00, 98.00, 99.00
   7 , k_3_0.15_5_camel_where ,    9800  ,     0 (               |           *  ),98.00, 98.00, 98.00, 98.00, 99.00
   7 , k_3_0.15_11_camel_spectral ,    9800  ,   100 (               |         - *  ),96.00, 97.00, 98.00, 98.00, 98.00
   7 , k_3_0_9_camel_kd ,    9800  ,   100 (               |           *- ),98.00, 98.00, 98.00, 99.00, 100.00
   7 , k_3_0.05_13_camel_2 ,    9800  ,   100 (               |           *- ),98.00, 98.00, 98.00, 99.00, 100.00
   7 , k_3_0_13_camel_where ,    9800  ,   100 (               |           *- ),98.00, 98.00, 98.00, 99.00, 100.00
   7 , k_3_0.25_5_camel_kd ,    9800  ,   100 (               |           *- ),98.00, 98.00, 98.00, 99.00, 100.00
   7 , k_3_0_5_camel_rp ,    9800  ,     0 (               |           *  ),98.00, 98.00, 98.00, 98.00, 99.00
   7 , k_3_0.05_13_camel_pca ,    9800  ,   100 (               |           *- ),98.00, 98.00, 98.00, 99.00, 100.00
   7 , k_3_0.05_5_camel_where ,    9800  ,   100 (               |           *  ),98.00, 98.00, 98.00, 98.00, 99.00
   7 , k_3_0.1_7_camel_kd ,    9800  ,   100 (               |           *  ),98.00, 98.00, 98.00, 98.00, 99.00
   7 , k_3_0.15_11_camel_2 ,    9800  ,   100 (               |           *- ),98.00, 98.00, 98.00, 99.00, 100.00
   7 , k_3_0_9_camel_spectral ,    9800  ,   100 (               |         - *  ),96.00, 97.00, 98.00, 98.00, 98.00
   7 , k_3_0.1_5_camel_random ,    9800  ,   100 (               |         - *  ),96.00, 97.00, 98.00, 98.00, 98.00
   7 , k_3_0.15_11_camel_pca ,    9800  ,   100 (               |           *- ),98.00, 98.00, 98.00, 99.00, 100.00
   7 , k_3_0.2_11_camel_random ,    9800  ,     0 (               |           *  ),98.00, 98.00, 98.00, 98.00, 98.00
   7 , k_3_0.25_9_camel_where ,    9800  ,     0 (               |          -*  ),97.00, 98.00, 98.00, 98.00, 99.00
   7 , k_3_0_11_camel_kd ,    9800  ,   100 (               |           *- ),98.00, 98.00, 98.00, 99.00, 100.00
   7 , k_3_0.15_5_camel_rp ,    9800  ,   100 (               |           *- ),98.00, 98.00, 98.00, 99.00, 100.00
   7 , k_3_0.1_7_camel_spectral ,    9800  ,     0 (               |         --*  ),96.00, 98.00, 98.00, 98.00, 98.00
   7 , k_3_0.15_13_camel_spectral ,    9800  ,   100 (               |         --*  ),96.00, 98.00, 98.00, 98.00, 98.00
   8 , k_3_0.15_7_camel_pca ,    9900  ,   100 (               |            * ),98.00, 98.00, 99.00, 99.00, 100.00
   8 , k_3_0.1_13_camel_pca ,    9900  ,   100 (               |            * ),98.00, 98.00, 99.00, 99.00, 100.00
   8 , k_3_0.01_13_camel_kd ,    9900  ,   100 (               |            * ),98.00, 98.00, 99.00, 99.00, 100.00
   8 , k_3_0.25_7_camel_pca ,    9900  ,   100 (               |            * ),98.00, 98.00, 99.00, 99.00, 100.00
   8 , k_3_0.01_5_camel_kd ,    9900  ,   100 (               |            * ),98.00, 98.00, 99.00, 99.00, 100.00
   8 , k_3_0_11_camel_pca ,    9900  ,   100 (               |            * ),98.00, 98.00, 99.00, 99.00, 100.00
   8 , k_3_0.01_7_camel_kd ,    9900  ,   100 (               |            * ),98.00, 98.00, 99.00, 99.00, 100.00
   8 , k_3_0.05_11_camel_kd ,    9900  ,   100 (               |            * ),98.00, 98.00, 99.00, 99.00, 100.00
   8 , k_3_0.2_7_camel_pca ,    9900  ,   100 (               |            * ),98.00, 98.00, 99.00, 99.00, 100.00
   8 , k_3_0.15_9_camel_kd ,    9900  ,   100 (               |            * ),98.00, 98.00, 99.00, 99.00, 100.00
   8 , k_3_0.05_11_camel_pca ,    9900  ,   100 (               |            * ),98.00, 98.00, 99.00, 99.00, 100.00
   8 , k_3_0.25_7_camel_2 ,    9900  ,   100 (               |            * ),98.00, 98.00, 99.00, 99.00, 100.00
   8 , k_3_0_5_camel_pca ,    9900  ,   100 (               |            * ),98.00, 98.00, 99.00, 99.00, 100.00
   8 , k_3_0.1_7_camel_2 ,    9900  ,   200 (               |            * ),98.00, 98.00, 99.00, 99.00, 100.00
   8 , k_3_0.05_9_camel_pca ,    9900  ,   100 (               |            * ),98.00, 98.00, 99.00, 99.00, 100.00
   8 , k_3_0.01_7_camel_2 ,    9900  ,   200 (               |            * ),98.00, 98.00, 99.00, 100.00, 100.00
   8 , k_3_0.1_5_camel_kd ,    9900  ,   100 (               |            * ),98.00, 98.00, 99.00, 99.00, 99.00
   8 , k_3_0.25_13_camel_kd ,    9900  ,   100 (               |            * ),98.00, 98.00, 99.00, 99.00, 100.00
   8 , k_3_0.1_5_camel_2 ,    9900  ,   100 (               |            * ),98.00, 98.00, 99.00, 99.00, 100.00
   8 , k_3_0.1_13_camel_2 ,    9900  ,   200 (               |            * ),98.00, 98.00, 99.00, 99.00, 100.00
   8 , k_3_0.2_13_camel_rp ,    9900  ,   100 (               |            * ),98.00, 98.00, 99.00, 99.00, 99.00
   8 , k_3_0_13_camel_2 ,    9900  ,   100 (               |            * ),98.00, 98.00, 99.00, 99.00, 100.00
   8 , k_3_0.01_7_camel_rp ,    9900  ,   100 (               |            * ),98.00, 98.00, 99.00, 99.00, 99.00
   8 , k_3_0.01_11_camel_2 ,    9900  ,   100 (               |            * ),98.00, 98.00, 99.00, 99.00, 100.00
   8 , k_3_0.05_11_camel_2 ,    9900  ,   100 (               |            * ),98.00, 98.00, 99.00, 99.00, 100.00
   8 , k_3_0.01_13_camel_2 ,    9900  ,   100 (               |            * ),98.00, 98.00, 99.00, 99.00, 100.00
   8 , k_3_0.01_5_camel_pca ,    9900  ,   100 (               |            * ),98.00, 98.00, 99.00, 99.00, 100.00
   8 , k_3_0.01_7_camel_pca ,    9900  ,   200 (               |            * ),98.00, 98.00, 99.00, 99.00, 100.00
   8 , k_3_0.01_13_camel_pca ,    9900  ,   100 (               |            * ),98.00, 98.00, 99.00, 99.00, 100.00
   8 , k_3_0.1_9_camel_pca ,    9900  ,   100 (               |            * ),98.00, 98.00, 99.00, 99.00, 100.00
   8 , k_3_0.25_13_camel_pca ,    9900  ,   100 (               |           -* ),98.00, 99.00, 99.00, 100.00, 100.00
   8 , k_3_0_7_camel_pca ,    9900  ,   100 (               |            * ),98.00, 98.00, 99.00, 99.00, 100.00
   8 , k_3_0.2_13_camel_pca ,    9900  ,   100 (               |            * ),98.00, 98.00, 99.00, 99.00, 100.00
   8 , k_3_0.15_13_camel_where ,    9900  ,   100 (               |            * ),98.00, 98.00, 99.00, 99.00, 100.00
   8 , k_3_0.15_13_camel_rp ,    9900  ,   100 (               |            * ),98.00, 98.00, 99.00, 99.00, 100.00
   8 , k_3_0.25_11_camel_2 ,    9900  ,   100 (               |            * ),98.00, 98.00, 99.00, 99.00, 100.00
   8 , k_3_0.15_7_camel_2 ,    9900  ,   100 (               |            * ),98.00, 98.00, 99.00, 99.00, 99.00
   8 , k_3_0.05_7_camel_pca ,    9900  ,   200 (               |            * ),98.00, 98.00, 99.00, 100.00, 100.00
   8 , k_3_0.2_5_camel_2 ,    9900  ,   100 (               |            * ),98.00, 98.00, 99.00, 99.00, 100.00
   8 , k_3_0.25_9_camel_2 ,    9900  ,   100 (               |            * ),98.00, 98.00, 99.00, 99.00, 100.00
   8 , k_3_0.05_7_camel_2 ,    9900  ,   100 (               |            * ),98.00, 98.00, 99.00, 99.00, 100.00
   8 , k_3_0.05_5_camel_pca ,    9900  ,   100 (               |            * ),98.00, 98.00, 99.00, 99.00, 100.00
   8 , k_3_0.01_5_camel_2 ,    9900  ,   100 (               |            * ),98.00, 98.00, 99.00, 99.00, 100.00
   8 , k_3_0_7_camel_2 ,    9900  ,   100 (               |            * ),98.00, 98.00, 99.00, 99.00, 100.00
   8 , k_3_0_5_camel_kd ,    9900  ,   100 (               |            * ),98.00, 98.00, 99.00, 99.00, 99.00
   8 , k_3_0.15_13_camel_2 ,    9900  ,   200 (               |            * ),98.00, 98.00, 99.00, 99.00, 100.00
   8 , k_3_0.25_5_camel_2 ,    9900  ,   200 (               |            * ),98.00, 98.00, 99.00, 100.00, 100.00
   8 , k_3_0.15_9_camel_pca ,    9900  ,   100 (               |            * ),98.00, 98.00, 99.00, 99.00, 100.00
   8 , k_3_0.25_11_camel_pca ,    9900  ,   200 (               |           -* ),98.00, 99.00, 99.00, 100.00, 100.00
