rank ,         name ,    med   ,  iqr 
----------------------------------------------------
   1 , k_3_0.05_9_camel_entropic ,       0  ,     0 (*--            |              ), 0.00,  0.00,  0.00,  0.00, 12.00
   1 , k_3_0.25_5_camel_entropic ,       0  ,     0 (*--            |              ), 0.00,  0.00,  0.00,  0.00, 12.00
   1 , k_3_0.2_9_camel_entropic ,       0  ,  1400 (*  --          |              ), 0.00,  0.00,  0.00, 13.00, 20.00
   1 , k_3_0.15_5_camel_entropic ,       0  ,     0 (*--            |              ), 0.00,  0.00,  0.00,  0.00, 12.00
   1 , k_3_0.05_7_camel_entropic ,       0  ,  1200 (*  --          |              ), 0.00,  0.00,  0.00, 12.00, 18.00
   1 , k_3_0.1_7_camel_entropic ,       0  ,   900 (*----          |              ), 0.00,  0.00,  0.00,  0.00, 17.00
   1 , k_3_0.1_9_camel_entropic ,       0  ,     0 (*--            |              ), 0.00,  0.00,  0.00,  0.00, 11.00
   1 , k_3_0.01_9_camel_entropic ,       0  ,  1100 (* -            |              ), 0.00,  0.00,  0.00, 10.00, 13.00
   1 , k_3_0.01_13_camel_entropic ,       0  ,  1100 (* --           |              ), 0.00,  0.00,  0.00, 10.00, 15.00
   1 , k_3_0.2_11_camel_entropic ,       0  ,     0 (*----          |              ), 0.00,  0.00,  0.00,  0.00, 17.00
   1 , k_3_0.15_13_camel_entropic ,       0  ,  1100 (*----          |              ), 0.00,  0.00,  0.00,  0.00, 17.00
   1 , k_3_0.1_11_camel_entropic ,       0  ,     0 (*---           |              ), 0.00,  0.00,  0.00,  0.00, 15.00
   1 , k_3_0_9_camel_entropic ,       0  ,  1200 (*  --          |              ), 0.00,  0.00,  0.00, 12.00, 17.00
   1 , k_3_0.01_11_camel_entropic ,       0  ,  1200 (*  -           |              ), 0.00,  0.00,  0.00, 12.00, 14.00
   1 , k_3_0.25_7_camel_entropic ,       0  ,  1300 (*  --          |              ), 0.00,  0.00,  0.00, 12.00, 20.00
   1 , k_3_0_13_camel_entropic ,       0  ,  1500 (*   ---        |              ), 0.00,  0.00,  0.00, 14.00, 25.00
   1 , k_3_0.1_5_camel_entropic ,       0  ,  1200 (*---           |              ), 0.00,  0.00,  0.00,  0.00, 14.00
   1 , k_3_0.25_9_camel_entropic ,       0  ,     0 (*--            |              ), 0.00,  0.00,  0.00,  0.00, 12.00
   1 , k_3_0_5_camel_entropic ,       0  ,  1400 (*  --          |              ), 0.00,  0.00,  0.00, 13.00, 20.00
   1 , k_3_0.15_7_camel_entropic ,       0  ,  1700 (*   --         |              ), 0.00,  0.00,  0.00, 15.00, 22.00
   1 , k_3_0.01_5_camel_entropic ,       0  ,     0 (*--            |              ), 0.00,  0.00,  0.00,  0.00, 13.00
   1 , k_3_0.2_13_camel_entropic ,       0  ,  1200 (*  -           |              ), 0.00,  0.00,  0.00, 11.00, 15.00
   1 , k_3_0.15_11_camel_entropic ,       0  ,  1300 (*  -           |              ), 0.00,  0.00,  0.00, 12.00, 14.00
   1 , k_3_0.25_11_camel_entropic ,       0  ,  1300 (*  --          |              ), 0.00,  0.00,  0.00, 12.00, 17.00
   1 , k_3_0.25_13_camel_entropic ,       0  ,     0 (*--            |              ), 0.00,  0.00,  0.00,  0.00, 11.00
   1 , k_3_0.1_13_camel_entropic ,       0  ,  1300 (*  -           |              ), 0.00,  0.00,  0.00, 11.00, 15.00
   1 , k_3_0_7_camel_entropic ,       0  ,  1300 (*  --          |              ), 0.00,  0.00,  0.00, 13.00, 20.00
   2 , k_3_0_11_camel_entropic ,     800  ,  1200 (  *---         |              ), 0.00,  0.00,  8.00, 11.00, 23.00
   2 , k_3_0.15_9_camel_entropic ,     900  ,  1300 (  *----        |              ), 0.00,  0.00,  9.00, 12.00, 25.00
   2 , k_3_0.05_13_camel_entropic ,     900  ,  1400 (  *--          |              ), 0.00,  0.00,  9.00, 13.00, 17.00
   3 , k_3_0.2_5_camel_entropic ,    1200  ,  1800 (   *--         |              ), 0.00,  0.00, 12.00, 15.00, 22.00
   3 , k_3_0.01_7_camel_entropic ,    1300  ,  1700 (   * --        |              ), 0.00,  0.00, 13.00, 17.00, 26.00
   3 , k_3_0.05_11_camel_entropic ,    1400  ,   800 (--- *---       |              ), 0.00, 12.00, 14.00, 18.00, 28.00
   3 , k_3_0.05_5_camel_entropic ,    1400  ,  1000 (--- * -        |              ), 0.00, 11.00, 14.00, 21.00, 25.00
   3 , k_3_0.2_7_camel_entropic ,    1500  ,   800 (--- *---       |              ), 0.00, 12.00, 15.00, 18.00, 27.00
   4 , k_3_0.1_13_camel_random ,    7200  ,  1700 (               | --- *  --    ),57.00, 67.00, 72.00, 83.00, 88.00
   4 , k_3_0.01_7_camel_spectral ,    7300  ,  1800 (               |  ---*  --    ),63.00, 72.00, 73.00, 83.00, 89.00
   4 , k_3_0.1_5_camel_random ,    7300  ,  1300 (               |---- * ---    ),52.00, 67.00, 73.00, 78.00, 89.00
   4 , k_3_0_9_camel_random ,    7400  ,  1300 (               |  --  *---    ),63.00, 67.00, 74.00, 80.00, 87.00
   4 , k_3_0_13_camel_random ,    7500  ,  1000 (               |  --- *--     ),61.00, 71.00, 75.00, 80.00, 86.00
   4 , k_3_0.1_7_camel_random ,    7500  ,  1400 (               |   -  *--     ),64.00, 69.00, 75.00, 80.00, 86.00
   4 , k_3_0_13_camel_spectral ,    7500  ,  1600 (               |   -- *  -    ),64.00, 71.00, 75.00, 84.00, 88.00
   4 , k_3_0.01_9_camel_random ,    7500  ,  1300 (               |----  * ---   ),55.00, 70.00, 75.00, 81.00, 93.00
   4 , k_3_0.01_11_camel_spectral ,    7500  ,  1500 (               | ---  * ---   ),60.00, 67.00, 75.00, 82.00, 92.00
   4 , k_3_0.1_9_camel_spectral ,    7500  ,  1900 (               |  --  *---    ),63.00, 69.00, 75.00, 80.00, 87.00
   4 , k_3_0.1_13_camel_spectral ,    7500  ,  1600 (               |  --  *--     ),62.00, 69.00, 75.00, 80.00, 86.00
   4 , k_3_0.1_11_camel_spectral ,    7500  ,  1500 (               |----  *---    ),53.00, 69.00, 75.00, 80.00, 90.00
   4 , k_3_0.25_7_camel_spectral ,    7600  ,  1500 (               |    - * --    ),67.00, 73.00, 76.00, 82.00, 88.00
   4 , k_3_0.1_9_camel_random ,    7600  ,  1300 (               |   -- * --    ),64.00, 71.00, 76.00, 82.00, 89.00
   4 , k_3_0.05_9_camel_random ,    7700  ,  1300 (               | ----  *--    ),57.00, 73.00, 77.00, 80.00, 90.00
   4 , k_3_0.15_13_camel_random ,    7700  ,  1100 (               |    -- * --   ),67.00, 76.00, 77.00, 84.00, 92.00
   4 , k_3_0.1_11_camel_random ,    7700  ,  1500 (              -|----   *--    ),48.00, 69.00, 77.00, 81.00, 87.00
   4 , k_3_0.01_7_camel_random ,    7800  ,  1200 (               |    -- * -    ),69.00, 74.00, 78.00, 85.00, 89.00
   4 , k_3_0_7_camel_random ,    7800  ,  2000 (               | ----  * ---  ),59.00, 73.00, 78.00, 86.00, 95.00
   5 , k_3_0.05_9_camel_spectral ,    7900  ,  1200 (               |    -- *  -   ),67.00, 76.00, 79.00, 87.00, 93.00
   5 , k_3_0_5_camel_random ,    7900  ,  1300 (               |  ---- * --   ),63.00, 74.00, 79.00, 84.00, 92.00
   5 , k_3_0.01_5_camel_spectral ,    8000  ,  1200 (               |    -- * -    ),69.00, 74.00, 80.00, 86.00, 88.00
   5 , k_3_0_7_camel_spectral ,    8000  ,  1300 (               |  ---- * --   ),62.00, 74.00, 80.00, 84.00, 93.00
   5 , k_3_0.01_9_camel_spectral ,    8000  ,  1300 (               |    -- * -    ),67.00, 74.00, 80.00, 86.00, 90.00
   5 , k_3_0.05_13_camel_spectral ,    8000  ,  1600 (               |    -- *  --  ),67.00, 74.00, 80.00, 88.00, 95.00
   5 , k_3_0.01_11_camel_random ,    8000  ,  1000 (               |  ---- *--    ),63.00, 74.00, 80.00, 83.00, 89.00
   5 , k_3_0.1_5_camel_spectral ,    8000  ,  1000 (               |    ---* -    ),67.00, 77.00, 80.00, 85.00, 89.00
   5 , k_3_0_11_camel_random ,    8000  ,  1400 (               |   -   *--    ),65.00, 70.00, 80.00, 80.00, 87.00
   5 , k_3_0.01_13_camel_random ,    8000  ,  1300 (               | ----- * -    ),60.00, 75.00, 80.00, 86.00, 89.00
   5 , k_3_0.25_13_camel_spectral ,    8000  ,  1200 (               |    -- *  --  ),69.00, 76.00, 80.00, 87.00, 96.00
   5 , k_3_0.05_5_camel_random ,    8000  ,  1300 (               |   --- *---   ),64.00, 75.00, 80.00, 83.00, 91.00
   5 , k_3_0.15_11_camel_spectral ,    8000  ,  1200 (               |    -- * --   ),67.00, 75.00, 80.00, 86.00, 91.00
   6 , k_3_0.05_5_camel_spectral ,    8100  ,  1400 (               |    --  *-    ),67.00, 74.00, 81.00, 86.00, 90.00
   6 , k_3_0.2_5_camel_spectral ,    8100  ,  1600 (               |    --- *--   ),67.00, 77.00, 81.00, 86.00, 92.00
   6 , k_3_0.05_7_camel_spectral ,    8100  ,   900 (               |      - *--   ),76.00, 77.00, 81.00, 84.00, 93.00
   6 , k_3_0.05_11_camel_spectral ,    8100  ,   700 (               |     -- *--   ),72.00, 80.00, 81.00, 86.00, 92.00
   6 , k_3_0_9_camel_spectral ,    8100  ,  1100 (               |------- * -   ),56.00, 77.00, 81.00, 87.00, 93.00
   6 , k_3_0.01_13_camel_spectral ,    8200  ,  1900 (               |    -   * --  ),67.00, 71.00, 82.00, 87.00, 94.00
   6 , k_3_0_11_camel_spectral ,    8200  ,   900 (               |      - *--   ),74.00, 79.00, 82.00, 85.00, 91.00
   6 , k_3_0.05_7_camel_random ,    8200  ,  1100 (               |    --  *--   ),69.00, 75.00, 82.00, 86.00, 92.00
   6 , k_3_0.15_5_camel_spectral ,    8200  ,  1300 (               |    --  * -   ),67.00, 76.00, 82.00, 88.00, 92.00
   6 , k_3_0.25_11_camel_spectral ,    8300  ,  1100 (               |    --  *     ),67.00, 76.00, 83.00, 87.00, 90.00
   6 , k_3_0.15_5_camel_random ,    8300  ,  1200 (               | ------ * -   ),60.00, 77.00, 83.00, 87.00, 91.00
   6 , k_3_0.15_7_camel_spectral ,    8300  ,  1000 (               |     -  *--   ),71.00, 76.00, 83.00, 86.00, 92.00
   6 , k_3_0.15_11_camel_random ,    8300  ,  1400 (               |  ----- * -   ),62.00, 78.00, 83.00, 90.00, 92.00
   6 , k_3_0.2_7_camel_random ,    8300  ,  1200 (               |      - * --  ),75.00, 80.00, 83.00, 87.00, 95.00
   6 , k_3_0.25_9_camel_random ,    8300  ,  1000 (               |      - *     ),75.00, 78.00, 83.00, 88.00, 90.00
   6 , k_3_0.15_13_camel_spectral ,    8300  ,  1000 (               |    --- *--   ),69.00, 77.00, 83.00, 85.00, 91.00
   6 , k_3_0_5_camel_spectral ,    8400  ,  2200 (               | ---     *-   ),59.00, 69.00, 84.00, 88.00, 92.00
   6 , k_3_0.2_9_camel_random ,    8400  ,  1900 (               |    --   *--  ),67.00, 76.00, 84.00, 88.00, 96.00
   6 , k_3_0.15_7_camel_random ,    8400  ,  1300 (               |     --  * -  ),73.00, 79.00, 84.00, 91.00, 94.00
   6 , k_3_0.01_5_camel_random ,    8400  ,  1700 (               |    --   * -  ),70.00, 75.00, 84.00, 91.00, 96.00
   6 , k_3_0.1_7_camel_spectral ,    8400  ,  1000 (               |     --  *-   ),71.00, 80.00, 84.00, 88.00, 91.00
   7 , k_3_0.1_11_camel_where ,    8500  ,   800 (               |     --- *--  ),71.00, 82.00, 85.00, 89.00, 96.00
   7 , k_3_0.25_9_camel_spectral ,    8500  ,  1200 (               |     --  *-   ),73.00, 78.00, 85.00, 88.00, 93.00
   7 , k_3_0.01_7_camel_where ,    8500  ,  1100 (               |    ---- *-   ),70.00, 82.00, 85.00, 89.00, 92.00
   7 , k_3_0.2_11_camel_spectral ,    8600  ,  1000 (               |      -- *-   ),74.00, 82.00, 86.00, 88.00, 92.00
   7 , k_3_0.2_7_camel_spectral ,    8600  ,  1200 (               |     --  * -  ),72.00, 80.00, 86.00, 92.00, 96.00
   7 , k_3_0.05_13_camel_random ,    8600  ,   800 (               |    ---- *--  ),70.00, 82.00, 86.00, 88.00, 95.00
   7 , k_3_0.2_9_camel_spectral ,    8600  ,  1400 (               |     --- * -  ),72.00, 81.00, 86.00, 92.00, 95.00
   7 , k_3_0.15_9_camel_spectral ,    8600  ,  1100 (               |       - *-   ),77.00, 83.00, 86.00, 90.00, 93.00
   7 , k_3_0.2_11_camel_random ,    8600  ,  1400 (               |      -  * -  ),74.00, 80.00, 86.00, 92.00, 95.00
   8 , k_3_0.2_5_camel_random ,    8700  ,  1200 (               |      -   *-  ),76.00, 80.00, 87.00, 91.00, 95.00
   8 , k_3_0.25_7_camel_random ,    8700  ,   800 (               |     ---  *-- ),73.00, 82.00, 87.00, 90.00, 97.00
   8 , k_3_0.2_13_camel_spectral ,    8700  ,   800 (               |     ---- *   ),73.00, 84.00, 87.00, 90.00, 93.00
   8 , k_3_0.25_9_camel_where ,    8700  ,  1000 (               |       -  *-- ),80.00, 83.00, 87.00, 92.00, 97.00
   8 , k_3_0.1_11_camel_rp ,    8800  ,   900 (               |          *-- ),86.00, 86.00, 88.00, 93.00, 100.00
   8 , k_3_0.25_5_camel_random ,    8800  ,   700 (               |        - *-- ),81.00, 86.00, 88.00, 91.00, 97.00
   8 , k_3_0.15_9_camel_random ,    8800  ,  1200 (               |    ----- *-- ),69.00, 84.00, 88.00, 93.00, 97.00
   8 , k_3_0.05_11_camel_random ,    8800  ,   900 (               |       -  *-  ),80.00, 82.00, 88.00, 89.00, 94.00
   8 , k_3_0.2_13_camel_random ,    8800  ,  1000 (               |       -  *   ),77.00, 82.00, 88.00, 90.00, 93.00
   8 , k_3_0.15_9_camel_where ,    8800  ,  1100 (               |        - * - ),81.00, 85.00, 88.00, 94.00, 97.00
   8 , k_3_0.15_11_camel_where ,    8800  ,   700 (               |      --- *-- ),74.00, 86.00, 88.00, 92.00, 97.00
   8 , k_3_0.25_13_camel_where ,    8800  ,   700 (               |        - *-  ),81.00, 86.00, 88.00, 92.00, 96.00
   8 , k_3_0.25_13_camel_random ,    8800  ,  1300 (               |    ----  *-  ),69.00, 82.00, 88.00, 91.00, 94.00
   8 , k_3_0_5_camel_where ,    8800  ,   700 (               |     ---- *-  ),73.00, 84.00, 88.00, 89.00, 95.00
   8 , k_3_0.15_5_camel_where ,    8800  ,  1000 (               |       -  *-  ),80.00, 83.00, 88.00, 91.00, 95.00
   8 , k_3_0.05_7_camel_where ,    8900  ,   500 (               |        --*-  ),83.00, 87.00, 89.00, 92.00, 94.00
   8 , k_3_0.01_13_camel_rp ,    8900  ,   700 (               |       ---*-  ),80.00, 87.00, 89.00, 93.00, 96.00
   8 , k_3_0.25_11_camel_random ,    8900  ,   500 (               |       -- *   ),79.00, 85.00, 89.00, 90.00, 92.00
   8 , k_3_0.01_11_camel_rp ,    8900  ,   700 (               |       ---*-  ),77.00, 87.00, 89.00, 92.00, 96.00
   8 , k_3_0_9_camel_where ,    8900  ,   900 (               |       -- *-- ),79.00, 86.00, 89.00, 91.00, 100.00
   8 , k_3_0.2_7_camel_where ,    8900  ,  1000 (               |       -- * - ),80.00, 85.00, 89.00, 94.00, 98.00
   9 , k_3_0.1_13_camel_where ,    9000  ,   700 (               |        --*   ),83.00, 88.00, 90.00, 94.00, 96.00
   9 , k_3_0.05_5_camel_rp ,    9000  ,   800 (               |         -*-- ),84.00, 87.00, 90.00, 93.00, 97.00
   9 , k_3_0.05_9_camel_where ,    9000  ,   800 (               |        --*   ),82.00, 87.00, 90.00, 95.00, 96.00
   9 , k_3_0.01_13_camel_where ,    9000  ,  1000 (               |          *-- ),84.00, 86.00, 90.00, 92.00, 97.00
   9 , k_3_0.2_7_camel_rp ,    9000  ,   500 (               |        --*-  ),81.00, 87.00, 90.00, 92.00, 95.00
   9 , k_3_0.15_7_camel_rp ,    9000  ,  1000 (               |        --*   ),82.00, 87.00, 90.00, 95.00, 96.00
   9 , k_3_0.05_11_camel_rp ,    9000  ,  1000 (               |         -* - ),84.00, 87.00, 90.00, 95.00, 97.00
   9 , k_3_0.1_5_camel_where ,    9000  ,   700 (               |         -*-- ),84.00, 89.00, 90.00, 93.00, 97.00
   9 , k_3_0.1_11_camel_kd ,    9000  ,  1100 (               |      --- *-  ),75.00, 86.00, 90.00, 91.00, 96.00
   9 , k_3_0.25_11_camel_rp ,    9000  ,   700 (               |        --*-  ),83.00, 87.00, 90.00, 92.00, 96.00
   9 , k_3_0.2_9_camel_rp ,    9000  ,   500 (               |        --*-- ),83.00, 88.00, 90.00, 93.00, 97.00
   9 , k_3_0.01_5_camel_where ,    9000  ,   900 (               |        - * - ),81.00, 86.00, 90.00, 94.00, 100.00
   9 , k_3_0.15_7_camel_where ,    9000  ,   400 (               |        --*-  ),82.00, 88.00, 90.00, 92.00, 96.00
   9 , k_3_0.15_9_camel_rp ,    9000  ,  1000 (               |        - * - ),81.00, 86.00, 90.00, 94.00, 97.00
   9 , k_3_0.05_5_camel_where ,    9000  ,   800 (               |       ---*-- ),80.00, 87.00, 90.00, 92.00, 97.00
   9 , k_3_0.1_7_camel_kd ,    9000  ,   700 (               |       ---*-  ),80.00, 88.00, 90.00, 93.00, 96.00
   9 , k_3_0.01_5_camel_rp ,    9100  ,  1000 (               |        -- *- ),82.00, 87.00, 91.00, 94.00, 100.00
   9 , k_3_0_7_camel_where ,    9100  ,   700 (               |        -- *  ),83.00, 89.00, 91.00, 94.00, 96.00
   9 , k_3_0_7_camel_rp ,    9100  ,   800 (               |         - *- ),86.00, 89.00, 91.00, 94.00, 97.00
   9 , k_3_0.2_9_camel_where ,    9100  ,   700 (               |         - *- ),84.00, 87.00, 91.00, 92.00, 100.00
   9 , k_3_0.25_7_camel_kd ,    9100  ,   800 (               |         - *- ),86.00, 88.00, 91.00, 96.00, 100.00
   9 , k_3_0.05_11_camel_where ,    9100  ,   700 (               |       --- *- ),80.00, 87.00, 91.00, 93.00, 97.00
   9 , k_3_0.25_7_camel_where ,    9100  ,   800 (               |        -- *- ),83.00, 89.00, 91.00, 95.00, 100.00
   9 , k_3_0.2_11_camel_kd ,    9100  ,  1000 (               |        -- *- ),81.00, 87.00, 91.00, 95.00, 100.00
   9 , k_3_0_13_camel_rp ,    9100  ,   900 (               |        -- *- ),82.00, 87.00, 91.00, 96.00, 97.00
   9 , k_3_0.25_7_camel_rp ,    9100  ,   700 (               |         - *  ),84.00, 88.00, 91.00, 94.00, 96.00
   9 , k_3_0.2_5_camel_rp ,    9100  ,   800 (               |       --- *  ),80.00, 88.00, 91.00, 95.00, 96.00
   9 , k_3_0.1_7_camel_rp ,    9100  ,   400 (               |        -- *- ),83.00, 89.00, 91.00, 92.00, 97.00
   9 , k_3_0.1_9_camel_kd ,    9100  ,   800 (               |       --  *- ),80.00, 86.00, 91.00, 94.00, 100.00
   9 , k_3_0_13_camel_where ,    9100  ,  1000 (               |      ---  *- ),76.00, 85.00, 91.00, 93.00, 100.00
  10 , k_3_0.25_5_camel_where ,    9200  ,   700 (               |          -*- ),89.00, 91.00, 92.00, 96.00, 100.00
  10 , k_3_0_11_camel_where ,    9200  ,   500 (               |         - *- ),85.00, 90.00, 92.00, 93.00, 97.00
  10 , k_3_0.15_11_camel_rp ,    9200  ,   800 (               |         - *- ),84.00, 90.00, 92.00, 96.00, 100.00
  10 , k_3_0.01_11_camel_where ,    9200  ,   800 (               |         - *- ),85.00, 89.00, 92.00, 95.00, 100.00
  10 , k_3_0.25_13_camel_rp ,    9200  ,   700 (               |        -- *- ),82.00, 89.00, 92.00, 94.00, 100.00
  10 , k_3_0.1_9_camel_rp ,    9200  ,   700 (               |        -- *  ),81.00, 90.00, 92.00, 95.00, 96.00
  10 , k_3_0.2_5_camel_where ,    9200  ,   800 (               |         --*- ),84.00, 91.00, 92.00, 96.00, 100.00
  10 , k_3_0.1_7_camel_pca ,    9200  ,   700 (               |         - *- ),84.00, 89.00, 92.00, 96.00, 100.00
  10 , k_3_0.01_9_camel_rp ,    9200  ,   500 (               |         - *  ),86.00, 90.00, 92.00, 93.00, 96.00
  10 , k_3_0.2_11_camel_where ,    9200  ,   700 (               |         - *- ),84.00, 89.00, 92.00, 94.00, 97.00
  10 , k_3_0.25_13_camel_2 ,    9200  ,   800 (               |         - *- ),86.00, 89.00, 92.00, 94.00, 100.00
  10 , k_3_0.05_13_camel_rp ,    9200  ,   700 (               |        -- *- ),82.00, 88.00, 92.00, 93.00, 100.00
  10 , k_3_0.05_13_camel_kd ,    9200  ,   700 (               |         - *  ),84.00, 87.00, 92.00, 93.00, 96.00
  10 , k_3_0.05_9_camel_rp ,    9200  ,   700 (               |         - *- ),85.00, 90.00, 92.00, 95.00, 100.00
  10 , k_3_0.05_9_camel_kd ,    9200  ,   700 (               |         - *- ),86.00, 90.00, 92.00, 95.00, 100.00
  10 , k_3_0_11_camel_rp ,    9200  ,   700 (               |         - *- ),86.00, 90.00, 92.00, 96.00, 97.00
  10 , k_3_0.1_5_camel_rp ,    9200  ,   800 (               |         - *- ),84.00, 89.00, 92.00, 96.00, 97.00
  10 , k_3_0.2_11_camel_rp ,    9200  ,   700 (               |        -- *  ),83.00, 89.00, 92.00, 95.00, 96.00
  10 , k_3_0.1_11_camel_pca ,    9200  ,   900 (               |         - *- ),86.00, 87.00, 92.00, 95.00, 100.00
  10 , k_3_0.25_11_camel_where ,    9200  ,  1000 (               |         - *  ),84.00, 88.00, 92.00, 97.00, 100.00
  10 , k_3_0.01_9_camel_where ,    9200  ,   900 (               |        -- *- ),82.00, 87.00, 92.00, 95.00, 100.00
  10 , k_3_0.25_5_camel_spectral ,    9200  ,   900 (               |         - *- ),86.00, 87.00, 92.00, 96.00, 100.00
  10 , k_3_0.05_13_camel_2 ,    9200  ,   800 (               |         - *- ),86.00, 89.00, 92.00, 96.00, 100.00
  10 , k_3_0_5_camel_rp ,    9200  ,   800 (               |       --- *  ),80.00, 87.00, 92.00, 93.00, 96.00
  11 , k_3_0.25_5_camel_rp ,    9300  ,   500 (               |          -*- ),89.00, 91.00, 93.00, 95.00, 100.00
  11 , k_3_0.1_7_camel_where ,    9300  ,   800 (               |        -- *  ),81.00, 89.00, 93.00, 97.00, 100.00
  11 , k_3_0_7_camel_kd ,    9300  ,   500 (               |           *- ),87.00, 90.00, 93.00, 94.00, 97.00
  11 , k_3_0.25_9_camel_rp ,    9300  ,   800 (               |         --*  ),86.00, 91.00, 93.00, 97.00, 98.00
  11 , k_3_0.05_7_camel_kd ,    9300  ,   800 (               |         - *- ),85.00, 89.00, 93.00, 96.00, 100.00
  11 , k_3_0.05_11_camel_kd ,    9300  ,   800 (               |         - *- ),86.00, 88.00, 93.00, 96.00, 100.00
  11 , k_3_0.05_9_camel_2 ,    9300  ,   600 (               |           *- ),87.00, 90.00, 93.00, 96.00, 100.00
  11 , k_3_0.05_5_camel_kd ,    9300  ,   600 (               |         - *- ),86.00, 90.00, 93.00, 95.00, 97.00
  11 , k_3_0.1_9_camel_where ,    9300  ,   600 (               |         - *- ),84.00, 90.00, 93.00, 95.00, 97.00
  11 , k_3_0.2_9_camel_pca ,    9300  ,   400 (               |          -*- ),88.00, 92.00, 93.00, 95.00, 100.00
  11 , k_3_0.05_9_camel_pca ,    9300  ,   400 (               |          -*- ),89.00, 92.00, 93.00, 96.00, 100.00
  11 , k_3_0.1_11_camel_2 ,    9300  ,   600 (               |           *- ),89.00, 90.00, 93.00, 96.00, 97.00
  11 , k_3_0.05_7_camel_rp ,    9300  ,   500 (               |         - *- ),86.00, 90.00, 93.00, 94.00, 100.00
  11 , k_3_0.2_11_camel_2 ,    9300  ,   700 (               |         - *- ),84.00, 89.00, 93.00, 96.00, 100.00
  11 , k_3_0.01_7_camel_rp ,    9300  ,   600 (               |       --- *- ),80.00, 90.00, 93.00, 95.00, 97.00
  11 , k_3_0.25_9_camel_kd ,    9300  ,   900 (               |       --- *- ),77.00, 88.00, 93.00, 95.00, 100.00
  11 , k_3_0.1_13_camel_kd ,    9300  ,   400 (               |          -*- ),88.00, 92.00, 93.00, 96.00, 97.00
  11 , k_3_0.2_13_camel_2 ,    9300  ,   600 (               |          -*- ),88.00, 91.00, 93.00, 96.00, 97.00
  11 , k_3_0.25_11_camel_kd ,    9300  ,   600 (               |         - *- ),86.00, 89.00, 93.00, 94.00, 100.00
  11 , k_3_0.25_9_camel_pca ,    9300  ,   600 (               |         --*  ),84.00, 91.00, 93.00, 97.00, 100.00
  11 , k_3_0.2_5_camel_kd ,    9300  ,   500 (               |        -- *  ),83.00, 90.00, 93.00, 95.00, 96.00
  11 , k_3_0.2_13_camel_where ,    9300  ,   800 (               |       --- *- ),77.00, 88.00, 93.00, 95.00, 97.00
  11 , k_3_0.01_11_camel_kd ,    9300  ,   400 (               |          -*- ),90.00, 92.00, 93.00, 95.00, 100.00
  11 , k_3_0.2_7_camel_2 ,    9300  ,   800 (               |         - *- ),86.00, 90.00, 93.00, 96.00, 100.00
  11 , k_3_0.1_9_camel_2 ,    9300  ,   600 (               |          -*- ),88.00, 91.00, 93.00, 95.00, 100.00
  11 , k_3_0.2_5_camel_pca ,    9300  ,   700 (               |           *- ),87.00, 90.00, 93.00, 96.00, 100.00
  11 , k_3_0.15_5_camel_kd ,    9300  ,   500 (               |          -*- ),89.00, 92.00, 93.00, 95.00, 97.00
  11 , k_3_0.25_5_camel_kd ,    9300  ,   600 (               |           *- ),87.00, 90.00, 93.00, 95.00, 100.00
  11 , k_3_0.15_11_camel_2 ,    9300  ,   500 (               |          -*  ),89.00, 93.00, 93.00, 97.00, 100.00
  11 , k_3_0.15_11_camel_pca ,    9300  ,   700 (               |          -*- ),88.00, 91.00, 93.00, 96.00, 100.00
  11 , k_3_0_11_camel_kd ,    9300  ,   400 (               |      -----*- ),75.00, 91.00, 93.00, 94.00, 100.00
  11 , k_3_0.15_5_camel_rp ,    9300  ,   800 (               |         - *- ),85.00, 90.00, 93.00, 96.00, 100.00
  12 , k_3_0_9_camel_2 ,    9400  ,   900 (               |         -- * ),85.00, 91.00, 94.00, 96.00, 100.00
  12 , k_3_0.25_5_camel_pca ,    9400  ,   600 (               |         -  * ),84.00, 90.00, 94.00, 96.00, 100.00
  12 , k_3_0_9_camel_pca ,    9400  ,   800 (               |          - * ),89.00, 92.00, 94.00, 100.00, 100.00
  12 , k_3_0.15_11_camel_kd ,    9400  ,   500 (               |          - * ),89.00, 92.00, 94.00, 96.00, 97.00
  12 , k_3_0.2_7_camel_kd ,    9400  ,   500 (               |          - * ),88.00, 92.00, 94.00, 97.00, 98.00
  12 , k_3_0.15_5_camel_2 ,    9400  ,   400 (               |            * ),91.00, 93.00, 94.00, 97.00, 100.00
  12 , k_3_0.25_7_camel_2 ,    9400  ,   400 (               |            * ),91.00, 93.00, 94.00, 96.00, 100.00
  12 , k_3_0.05_5_camel_2 ,    9400  ,   600 (               |          - * ),88.00, 92.00, 94.00, 96.00, 100.00
  12 , k_3_0.1_5_camel_kd ,    9400  ,   500 (               |          - * ),88.00, 92.00, 94.00, 96.00, 97.00
  12 , k_3_0.2_9_camel_kd ,    9400  ,   700 (               |          - * ),88.00, 91.00, 94.00, 96.00, 97.00
  12 , k_3_0_13_camel_kd ,    9400  ,   500 (               |          - * ),89.00, 91.00, 94.00, 96.00, 97.00
  12 , k_3_0.15_7_camel_kd ,    9400  ,   700 (               |         -  * ),85.00, 90.00, 94.00, 96.00, 100.00
  12 , k_3_0.1_13_camel_2 ,    9400  ,   800 (               |          - * ),90.00, 92.00, 94.00, 97.00, 100.00
  12 , k_3_0.2_13_camel_rp ,    9400  ,   600 (               |        --  * ),83.00, 90.00, 94.00, 96.00, 97.00
  12 , k_3_0.1_5_camel_pca ,    9400  ,   600 (               |          - * ),89.00, 92.00, 94.00, 96.00, 100.00
  12 , k_3_0.2_11_camel_pca ,    9400  ,   800 (               |         -  * ),86.00, 89.00, 94.00, 96.00, 97.00
  12 , k_3_0.2_9_camel_2 ,    9400  ,   500 (               |        --- * ),82.00, 93.00, 94.00, 97.00, 100.00
  12 , k_3_0.01_11_camel_pca ,    9400  ,   700 (               |          - * ),89.00, 92.00, 94.00, 96.00, 97.00
  12 , k_3_0.05_13_camel_where ,    9400  ,   700 (               |         -  * ),84.00, 89.00, 94.00, 96.00, 98.00
  12 , k_3_0.1_13_camel_rp ,    9400  ,   500 (               |          - * ),89.00, 91.00, 94.00, 96.00, 100.00
  12 , k_3_0.2_13_camel_pca ,    9400  ,   500 (               |          - * ),90.00, 91.00, 94.00, 95.00, 100.00
  12 , k_3_0.01_9_camel_2 ,    9400  ,   600 (               |         -- * ),86.00, 91.00, 94.00, 96.00, 100.00
  12 , k_3_0.15_5_camel_pca ,    9400  ,   400 (               |          - * ),89.00, 92.00, 94.00, 94.00, 100.00
  12 , k_3_0.15_9_camel_2 ,    9400  ,   600 (               |         -- * ),86.00, 92.00, 94.00, 97.00, 100.00
  12 , k_3_0_9_camel_rp ,    9400  ,   300 (               |          - * ),90.00, 93.00, 94.00, 96.00, 98.00
  12 , k_3_0.05_5_camel_pca ,    9400  ,   400 (               |          - * ),90.00, 92.00, 94.00, 96.00, 100.00
  12 , k_3_0_5_camel_2 ,    9400  ,   500 (               |          - * ),90.00, 92.00, 94.00, 97.00, 100.00
  12 , k_3_0.15_13_camel_pca ,    9400  ,   400 (               |          - * ),90.00, 92.00, 94.00, 96.00, 97.00
  12 , k_3_0_9_camel_kd ,    9400  ,   700 (               |         -- * ),84.00, 91.00, 94.00, 96.00, 100.00
  13 , k_3_0.1_13_camel_pca ,    9500  ,   600 (               |          - * ),87.00, 92.00, 95.00, 96.00, 100.00
  13 , k_3_0.01_13_camel_kd ,    9500  ,   900 (               |         -  * ),84.00, 90.00, 95.00, 97.00, 100.00
  13 , k_3_0.01_5_camel_kd ,    9500  ,   400 (               |          - * ),87.00, 93.00, 95.00, 96.00, 100.00
  13 , k_3_0.15_9_camel_kd ,    9500  ,   600 (               |          - * ),87.00, 91.00, 95.00, 96.00, 100.00
  13 , k_3_0.1_7_camel_2 ,    9500  ,   800 (               |          - * ),88.00, 92.00, 95.00, 97.00, 100.00
  13 , k_3_0.25_13_camel_kd ,    9500  ,   400 (               |         -- * ),84.00, 93.00, 95.00, 96.00, 100.00
  13 , k_3_0.01_9_camel_kd ,    9500  ,   500 (               |          - * ),89.00, 93.00, 95.00, 97.00, 100.00
  13 , k_3_0_13_camel_pca ,    9500  ,   700 (               |         -  * ),84.00, 90.00, 95.00, 96.00, 100.00
  13 , k_3_0.2_13_camel_kd ,    9500  ,   800 (               |            * ),87.00, 90.00, 95.00, 97.00, 100.00
  13 , k_3_0.05_11_camel_2 ,    9500  ,   400 (               |          - * ),87.00, 92.00, 95.00, 96.00, 100.00
  13 , k_3_0.01_7_camel_pca ,    9500  ,   800 (               |          - * ),89.00, 92.00, 95.00, 97.00, 100.00
  13 , k_3_0.1_9_camel_pca ,    9500  ,   500 (               |          - * ),88.00, 93.00, 95.00, 97.00, 100.00
  13 , k_3_0.15_13_camel_rp ,    9500  ,   400 (               |          - * ),87.00, 93.00, 95.00, 97.00, 100.00
  13 , k_3_0.15_7_camel_2 ,    9500  ,   700 (               |            * ),87.00, 89.00, 95.00, 96.00, 97.00
  13 , k_3_0.2_5_camel_2 ,    9500  ,   700 (               |          - * ),88.00, 93.00, 95.00, 97.00, 100.00
  13 , k_3_0.25_9_camel_2 ,    9500  ,   300 (               |          --* ),90.00, 94.00, 95.00, 96.00, 100.00
  13 , k_3_0.01_9_camel_pca ,    9500  ,   600 (               |         -- * ),84.00, 91.00, 95.00, 97.00, 100.00
  13 , k_3_0_11_camel_2 ,    9500  ,   800 (               |         -- * ),85.00, 92.00, 95.00, 97.00, 100.00
  13 , k_3_0.15_9_camel_pca ,    9500  ,   500 (               |          - * ),90.00, 93.00, 95.00, 97.00, 100.00
  13 , k_3_0.05_13_camel_pca ,    9500  ,   700 (               |          - * ),88.00, 91.00, 95.00, 97.00, 100.00
  13 , k_3_0.15_7_camel_pca ,    9600  ,   400 (               |          - * ),88.00, 92.00, 96.00, 96.00, 100.00
  13 , k_3_0.25_7_camel_pca ,    9600  ,   400 (               |          --* ),89.00, 94.00, 96.00, 97.00, 100.00
  13 , k_3_0_11_camel_pca ,    9600  ,   300 (               |           -* ),91.00, 94.00, 96.00, 97.00, 100.00
  13 , k_3_0.01_7_camel_kd ,    9600  ,   700 (               |         -- * ),85.00, 91.00, 96.00, 97.00, 100.00
  13 , k_3_0.2_7_camel_pca ,    9600  ,   500 (               |          - * ),90.00, 92.00, 96.00, 97.00, 100.00
  13 , k_3_0_5_camel_pca ,    9600  ,   500 (               |         -- * ),86.00, 92.00, 96.00, 97.00, 100.00
  13 , k_3_0.1_5_camel_2 ,    9600  ,   700 (               |         -- * ),84.00, 93.00, 96.00, 97.00, 100.00
  13 , k_3_0_13_camel_2 ,    9600  ,   900 (               |          - * ),90.00, 92.00, 96.00, 97.00, 100.00
  13 , k_3_0.01_11_camel_2 ,    9600  ,   500 (               |          - * ),88.00, 92.00, 96.00, 97.00, 100.00
  13 , k_3_0.01_13_camel_2 ,    9600  ,   300 (               |          --* ),90.00, 94.00, 96.00, 96.00, 100.00
  13 , k_3_0.01_5_camel_pca ,    9600  ,   600 (               |          - * ),87.00, 91.00, 96.00, 97.00, 100.00
  13 , k_3_0.01_13_camel_pca ,    9600  ,   600 (               |          - * ),88.00, 92.00, 96.00, 97.00, 100.00
  13 , k_3_0_7_camel_pca ,    9600  ,   700 (               |          - * ),87.00, 92.00, 96.00, 97.00, 100.00
  13 , k_3_0.15_13_camel_where ,    9600  ,   400 (               |          --* ),89.00, 94.00, 96.00, 97.00, 100.00
  13 , k_3_0.25_11_camel_2 ,    9600  ,   400 (               |          - * ),90.00, 93.00, 96.00, 97.00, 100.00
  13 , k_3_0.05_7_camel_pca ,    9600  ,   900 (               |         -- * ),86.00, 92.00, 96.00, 100.00, 100.00
  13 , k_3_0.15_13_camel_kd ,    9600  ,   400 (               |          - * ),89.00, 93.00, 96.00, 96.00, 100.00
  13 , k_3_0.05_7_camel_2 ,    9600  ,   400 (               |          - * ),89.00, 93.00, 96.00, 97.00, 100.00
  13 , k_3_0.01_5_camel_2 ,    9600  ,   400 (               |          - * ),88.00, 93.00, 96.00, 97.00, 100.00
  13 , k_3_0_7_camel_2 ,    9600  ,   400 (               |            * ),91.00, 93.00, 96.00, 96.00, 100.00
  13 , k_3_0_5_camel_kd ,    9600  ,   600 (               |          - * ),87.00, 93.00, 96.00, 97.00, 97.00
  13 , k_3_0.15_13_camel_2 ,    9600  ,   800 (               |          - * ),87.00, 93.00, 96.00, 100.00, 100.00
  13 , k_3_0.25_5_camel_2 ,    9600  ,   700 (               |          - * ),90.00, 93.00, 96.00, 100.00, 100.00
  14 , k_3_0.05_11_camel_pca ,    9700  ,   300 (               |           - *),91.00, 95.00, 97.00, 97.00, 100.00
  14 , k_3_0.25_13_camel_pca ,    9700  ,   500 (               |           - *),93.00, 95.00, 97.00, 100.00, 100.00
  14 , k_3_0.25_11_camel_pca ,    9700  ,   600 (               |          -- *),90.00, 95.00, 97.00, 100.00, 100.00
  14 , k_3_0.01_7_camel_2 ,    10000  ,   700 (               |         --  *),86.00, 93.00, 100.00, 100.00, 100.00
