rank ,         name ,    med   ,  iqr 
----------------------------------------------------
   1 , k_3_0.01_7_camel_2 ,       0  ,  1200 (*  ----        |              ), 0.00,  0.00,  0.00, 12.00, 24.00
   1 , k_3_0.05_11_camel_pca ,     500  ,   600 (-*--           |              ), 0.00,  4.00,  5.00,  9.00, 16.00
   1 , k_3_0.25_11_camel_pca ,     500  ,  1000 ( *---          |              ), 0.00,  0.00,  5.00,  8.00, 17.00
   1 , k_3_0.01_7_camel_kd ,     600  ,  1200 (-*  ----       |              ), 0.00,  5.00,  6.00, 16.00, 26.00
   1 , k_3_0.25_13_camel_pca ,     600  ,   900 ( *-            |              ), 0.00,  0.00,  6.00,  9.00, 12.00
   1 , k_3_0.15_13_camel_2 ,     600  ,  1300 ( * ---         |              ), 0.00,  0.00,  6.00, 12.00, 22.00
   2 , k_3_0.15_7_camel_pca ,     700  ,   800 (- * --         |              ), 0.00,  6.00,  7.00, 13.00, 20.00
   2 , k_3_0.25_7_camel_pca ,     700  ,   800 (- *--          |              ), 0.00,  6.00,  7.00, 10.00, 19.00
   2 , k_3_0_11_camel_pca ,     700  ,   500 (- *-           |              ), 0.00,  5.00,  7.00, 10.00, 16.00
   2 , k_3_0.2_7_camel_pca ,     700  ,   900 (- * -          |              ), 0.00,  5.00,  7.00, 14.00, 17.00
   2 , k_3_0_5_camel_pca ,     700  ,   900 (- * ---        |              ), 0.00,  5.00,  7.00, 13.00, 24.00
   2 , k_3_0.1_5_camel_2 ,     700  ,  1300 (- *-----       |              ), 0.00,  5.00,  7.00, 12.00, 26.00
   2 , k_3_0_13_camel_2 ,     700  ,  1600 (- * -          |              ), 0.00,  5.00,  7.00, 13.00, 17.00
   2 , k_3_0.2_13_camel_kd ,     700  ,  1300 (- *  -         |              ), 0.00,  5.00,  7.00, 17.00, 22.00
   2 , k_3_0.01_11_camel_2 ,     700  ,   800 (- * --         |              ), 0.00,  5.00,  7.00, 13.00, 20.00
   2 , k_3_0.01_13_camel_2 ,     700  ,   600 (- *--          |              ), 0.00,  6.00,  7.00, 11.00, 17.00
   2 , k_3_0.01_5_camel_pca ,     700  ,  1100 (- * --         |              ), 0.00,  5.00,  7.00, 15.00, 22.00
   2 , k_3_0.01_13_camel_pca ,     700  ,  1100 (- * --         |              ), 0.00,  5.00,  7.00, 14.00, 21.00
   2 , k_3_0_7_camel_pca ,     700  ,  1200 (- * ---        |              ), 0.00,  6.00,  7.00, 13.00, 23.00
   2 , k_3_0.15_13_camel_where ,     700  ,   600 (- *--          |              ), 0.00,  6.00,  7.00, 11.00, 19.00
   2 , k_3_0.25_11_camel_2 ,     700  ,   700 (- *--          |              ), 0.00,  5.00,  7.00, 12.00, 17.00
   2 , k_3_0.05_7_camel_pca ,     700  ,  1500 (  * ---        |              ), 0.00,  0.00,  7.00, 13.00, 24.00
   2 , k_3_0.15_13_camel_kd ,     700  ,   700 (- *--          |              ), 0.00,  6.00,  7.00, 12.00, 19.00
   2 , k_3_0.05_7_camel_2 ,     700  ,   800 (- *--          |              ), 0.00,  5.00,  7.00, 12.00, 19.00
   2 , k_3_0.01_5_camel_2 ,     700  ,   700 (- *---         |              ), 0.00,  5.00,  7.00, 12.00, 21.00
   2 , k_3_0_7_camel_2 ,     700  ,   600 (- *-           |              ), 0.00,  6.00,  7.00, 12.00, 16.00
   2 , k_3_0_5_camel_kd ,     700  ,  1100 (  *---         |              ), 5.00,  6.00,  7.00, 12.00, 22.00
   2 , k_3_0.25_5_camel_2 ,     700  ,  1200 (  *--          |              ), 0.00,  0.00,  7.00, 12.00, 17.00
   2 , k_3_0.01_13_camel_kd ,     800  ,  1600 (- *  ---       |              ), 0.00,  5.00,  8.00, 18.00, 26.00
   2 , k_3_0.1_7_camel_2 ,     800  ,  1400 (- * --         |              ), 0.00,  5.00,  8.00, 14.00, 20.00
   2 , k_3_0.25_13_camel_kd ,     800  ,   800 (- *-----       |              ), 0.00,  6.00,  8.00, 12.00, 27.00
   2 , k_3_0.05_11_camel_2 ,     800  ,   700 (--* --         |              ), 0.00,  7.00,  8.00, 13.00, 22.00
   2 , k_3_0.01_7_camel_pca ,     800  ,  1300 (- * -          |              ), 0.00,  6.00,  8.00, 13.00, 19.00
   2 , k_3_0.1_9_camel_pca ,     800  ,   800 (- *---         |              ), 0.00,  6.00,  8.00, 12.00, 20.00
   2 , k_3_0.15_13_camel_rp ,     800  ,   800 (- *---         |              ), 0.00,  5.00,  8.00, 12.00, 22.00
   2 , k_3_0.15_7_camel_2 ,     800  ,  1300 (  *  -         |              ), 5.00,  6.00,  8.00, 19.00, 22.00
   2 , k_3_0.25_9_camel_2 ,     800  ,   500 (- *--          |              ), 0.00,  6.00,  8.00, 10.00, 17.00
   2 , k_3_0_9_camel_2 ,     900  ,  1400 (- * ----       |              ), 0.00,  6.00,  9.00, 16.00, 26.00
   2 , k_3_0.1_13_camel_pca ,     900  ,  1100 (--* --         |              ), 0.00,  7.00,  9.00, 13.00, 22.00
   2 , k_3_0.01_5_camel_kd ,     900  ,   600 (--*---         |              ), 0.00,  7.00,  9.00, 12.00, 22.00
   2 , k_3_0.15_9_camel_kd ,     900  ,  1000 (- * ---        |              ), 0.00,  6.00,  9.00, 16.00, 23.00
   2 , k_3_0.15_5_camel_2 ,     900  ,   700 (- *-           |              ), 0.00,  6.00,  9.00, 12.00, 14.00
   2 , k_3_0.01_9_camel_kd ,     900  ,   700 (- *--          |              ), 0.00,  6.00,  9.00, 12.00, 18.00
   2 , k_3_0_13_camel_pca ,     900  ,  1100 (- *  ---       |              ), 0.00,  6.00,  9.00, 17.00, 26.00
   2 , k_3_0.2_5_camel_2 ,     900  ,  1100 (- *---         |              ), 0.00,  6.00,  9.00, 12.00, 20.00
   2 , k_3_0.01_9_camel_pca ,     900  ,  1100 (- * ----       |              ), 0.00,  6.00,  9.00, 16.00, 26.00
   2 , k_3_0_11_camel_2 ,     900  ,  1600 (- * ---        |              ), 0.00,  5.00,  9.00, 14.00, 25.00
   2 , k_3_0.15_9_camel_pca ,     900  ,   900 (- *--          |              ), 0.00,  6.00,  9.00, 12.00, 17.00
   2 , k_3_0.05_13_camel_pca ,     900  ,  1100 (- * --         |              ), 0.00,  6.00,  9.00, 16.00, 20.00
   2 , k_3_0_9_camel_pca ,    1000  ,  1400 (   *-          |              ), 0.00,  0.00, 10.00, 14.00, 19.00
   2 , k_3_0.2_7_camel_kd ,    1000  ,   800 (   *--         |              ), 4.00,  6.00, 10.00, 13.00, 21.00
   2 , k_3_0.25_7_camel_2 ,    1000  ,   700 (-  *           |              ), 0.00,  6.00, 10.00, 12.00, 16.00
   2 , k_3_0.05_5_camel_2 ,    1000  ,  1000 (-- *--         |              ), 0.00,  7.00, 10.00, 13.00, 20.00
   2 , k_3_0.1_5_camel_kd ,    1000  ,   800 ( - *--         |              ), 5.00,  7.00, 10.00, 14.00, 21.00
   2 , k_3_0_13_camel_kd ,    1000  ,  1000 ( - *-          |              ), 5.00,  7.00, 10.00, 16.00, 19.00
   2 , k_3_0.1_13_camel_2 ,    1000  ,  1400 (-  *-          |              ), 0.00,  5.00, 10.00, 14.00, 17.00
   2 , k_3_0.2_13_camel_rp ,    1000  ,  1000 ( - * ---       |              ), 5.00,  7.00, 10.00, 17.00, 28.00
   2 , k_3_0.2_11_camel_pca ,    1000  ,  1300 ( - * --        |              ), 5.00,  7.00, 10.00, 19.00, 24.00
   2 , k_3_0.2_9_camel_2 ,    1000  ,   800 (-  *-----      |              ), 0.00,  5.00, 10.00, 12.00, 29.00
   2 , k_3_0.01_11_camel_pca ,    1000  ,  1100 ( - *-          |              ), 5.00,  7.00, 10.00, 13.00, 19.00
   2 , k_3_0.2_13_camel_pca ,    1000  ,   900 (-- *-          |              ), 0.00,  8.00, 10.00, 16.00, 17.00
   2 , k_3_0.01_9_camel_2 ,    1000  ,  1100 (-  *---        |              ), 0.00,  6.00, 10.00, 16.00, 23.00
   2 , k_3_0.15_9_camel_2 ,    1000  ,  1100 (-  *---        |              ), 0.00,  5.00, 10.00, 13.00, 23.00
   2 , k_3_0.05_5_camel_pca ,    1000  ,   700 (-- *-          |              ), 0.00,  7.00, 10.00, 13.00, 18.00
   2 , k_3_0_5_camel_2 ,    1000  ,   700 (-  *-          |              ), 0.00,  6.00, 10.00, 13.00, 17.00
   3 , k_3_0.25_5_camel_pca ,    1100  ,  1200 (-  * ---       |              ), 0.00,  6.00, 11.00, 17.00, 26.00
   3 , k_3_0.15_11_camel_kd ,    1100  ,   900 ( - *-          |              ), 5.00,  7.00, 11.00, 14.00, 19.00
   3 , k_3_0.2_9_camel_kd ,    1100  ,  1200 ( - *--         |              ), 5.00,  7.00, 11.00, 16.00, 21.00
   3 , k_3_0.15_7_camel_kd ,    1100  ,  1300 (-- * --        |              ), 0.00,  7.00, 11.00, 18.00, 25.00
   3 , k_3_0.1_5_camel_pca ,    1100  ,   900 (-- *-          |              ), 0.00,  7.00, 11.00, 14.00, 19.00
   3 , k_3_0.05_13_camel_where ,    1100  ,  1300 (   * ---       |              ), 4.00,  6.00, 11.00, 19.00, 26.00
   3 , k_3_0.1_13_camel_rp ,    1100  ,   900 (-- *-          |              ), 0.00,  7.00, 11.00, 16.00, 19.00
   3 , k_3_0.15_5_camel_pca ,    1100  ,   700 (---*-          |              ), 0.00, 10.00, 11.00, 13.00, 19.00
   3 , k_3_0_9_camel_rp ,    1100  ,   500 ( - *-          |              ), 4.00,  7.00, 11.00, 12.00, 17.00
   3 , k_3_0.15_13_camel_pca ,    1100  ,   600 ( - *-          |              ), 5.00,  7.00, 11.00, 13.00, 18.00
   3 , k_3_0_9_camel_kd ,    1100  ,  1200 (-- *----       |              ), 0.00,  7.00, 11.00, 15.00, 26.00
   3 , k_3_0.25_5_camel_rp ,    1200  ,   900 (-- *-          |              ), 0.00,  8.00, 12.00, 16.00, 19.00
   3 , k_3_0_7_camel_kd ,    1200  ,  1000 ( --* -         |              ), 5.00, 10.00, 12.00, 17.00, 22.00
   3 , k_3_0.25_9_camel_rp ,    1200  ,  1300 (-  *---        |              ), 3.00,  5.00, 12.00, 16.00, 24.00
   3 , k_3_0.05_7_camel_kd ,    1200  ,  1300 (-- * ---       |              ), 0.00,  7.00, 12.00, 19.00, 26.00
   3 , k_3_0.05_11_camel_kd ,    1200  ,  1400 (-  *  -        |              ), 0.00,  6.00, 12.00, 20.00, 24.00
   3 , k_3_0.05_9_camel_2 ,    1200  ,  1100 (-- * --        |              ), 0.00,  7.00, 12.00, 17.00, 23.00
   3 , k_3_0.05_5_camel_kd ,    1200  ,  1100 ( - * --        |              ), 5.00,  8.00, 12.00, 17.00, 24.00
   3 , k_3_0.2_9_camel_pca ,    1200  ,   800 (-- *--         |              ), 0.00,  8.00, 12.00, 14.00, 20.00
   3 , k_3_0.05_9_camel_pca ,    1200  ,   700 (-- *-          |              ), 0.00,  7.00, 12.00, 14.00, 19.00
   3 , k_3_0.1_11_camel_2 ,    1200  ,  1000 ( - *           |              ), 5.00,  7.00, 12.00, 17.00, 19.00
   3 , k_3_0.05_7_camel_rp ,    1200  ,   900 (---* --        |              ), 0.00, 10.00, 12.00, 18.00, 24.00
   3 , k_3_0.2_11_camel_2 ,    1200  ,  1300 (-- * ---       |              ), 0.00,  7.00, 12.00, 19.00, 26.00
   3 , k_3_0.01_7_camel_rp ,    1200  ,  1100 ( - * ----      |              ), 4.00,  8.00, 12.00, 17.00, 32.00
   3 , k_3_0.25_9_camel_kd ,    1200  ,  1600 (-- *  -----    |              ), 0.00,  9.00, 12.00, 21.00, 36.00
   3 , k_3_0.1_13_camel_kd ,    1200  ,   800 ( - *--         |              ), 4.00,  7.00, 12.00, 14.00, 20.00
   3 , k_3_0.2_13_camel_2 ,    1200  ,  1000 ( - *--         |              ), 6.00,  7.00, 12.00, 16.00, 21.00
   3 , k_3_0.25_11_camel_kd ,    1200  ,  1100 (-- * --        |              ), 0.00,  9.00, 12.00, 18.00, 24.00
   3 , k_3_0.25_9_camel_pca ,    1200  ,  1200 (-  *----       |              ), 0.00,  6.00, 12.00, 16.00, 26.00
   3 , k_3_0.2_5_camel_kd ,    1200  ,   900 ( - * ---       |              ), 6.00,  8.00, 12.00, 17.00, 28.00
   3 , k_3_0.2_13_camel_where ,    1200  ,  1400 ( - *  -----    |              ), 5.00,  9.00, 12.00, 20.00, 37.00
   3 , k_3_0.01_11_camel_kd ,    1200  ,   700 (-- *-          |              ), 0.00,  8.00, 12.00, 13.00, 17.00
   3 , k_3_0.2_7_camel_2 ,    1200  ,  1400 (-  * --        |              ), 0.00,  6.00, 12.00, 17.00, 24.00
   3 , k_3_0.1_9_camel_2 ,    1200  ,  1000 (-- *--         |              ), 0.00,  8.00, 12.00, 16.00, 21.00
   3 , k_3_0.2_5_camel_pca ,    1200  ,  1200 (-- * --        |              ), 0.00,  7.00, 12.00, 17.00, 23.00
   3 , k_3_0.15_5_camel_kd ,    1200  ,   800 ( - *-          |              ), 5.00,  8.00, 12.00, 14.00, 19.00
   3 , k_3_0.25_5_camel_kd ,    1200  ,  1100 (-- * --        |              ), 0.00,  9.00, 12.00, 17.00, 23.00
   3 , k_3_0.15_11_camel_2 ,    1200  ,   800 (-  *-          |              ), 0.00,  5.00, 12.00, 12.00, 19.00
   3 , k_3_0.15_11_camel_pca ,    1200  ,  1300 (-- *--         |              ), 0.00,  7.00, 12.00, 16.00, 21.00
   3 , k_3_0_11_camel_kd ,    1200  ,   700 (---*--------   |              ), 0.00, 10.00, 12.00, 16.00, 39.00
   3 , k_3_0.15_5_camel_rp ,    1200  ,  1400 (-  *---        |              ), 0.00,  6.00, 12.00, 16.00, 25.00
   4 , k_3_0.25_5_camel_where ,    1300  ,  1100 (-   *          |              ), 0.00,  6.00, 13.00, 16.00, 19.00
   4 , k_3_0.1_7_camel_where ,    1300  ,  1300 (-   *----      |              ), 0.00,  6.00, 13.00, 19.00, 30.00
   4 , k_3_0_11_camel_where ,    1300  ,   900 ( -- *--        |              ), 5.00, 12.00, 13.00, 17.00, 24.00
   4 , k_3_0.15_11_camel_rp ,    1300  ,  1400 (--  *---       |              ), 0.00,  7.00, 13.00, 17.00, 26.00
   4 , k_3_0.01_11_camel_where ,    1300  ,  1300 (--  *---       |              ), 0.00,  9.00, 13.00, 19.00, 26.00
   4 , k_3_0.1_9_camel_where ,    1300  ,  1000 ( -  *---       |              ), 5.00,  9.00, 13.00, 17.00, 26.00
   4 , k_3_0.1_9_camel_rp ,    1300  ,  1200 ( -  *----      |              ), 6.00,  8.00, 13.00, 18.00, 30.00
   4 , k_3_0.25_13_camel_2 ,    1300  ,  1400 (--- *--        |              ), 0.00, 10.00, 13.00, 19.00, 24.00
   4 , k_3_0.05_13_camel_rp ,    1300  ,  1100 (--- * ---      |              ), 0.00, 12.00, 13.00, 21.00, 29.00
   4 , k_3_0.05_13_camel_kd ,    1300  ,  1200 (  - * --       |              ), 7.00, 12.00, 13.00, 22.00, 26.00
   4 , k_3_0.05_9_camel_rp ,    1300  ,  1100 (--  *---       |              ), 0.00,  8.00, 13.00, 17.00, 26.00
   4 , k_3_0.05_9_camel_kd ,    1300  ,  1200 (--  *--        |              ), 0.00,  8.00, 13.00, 18.00, 23.00
   4 , k_3_0.1_5_camel_rp ,    1300  ,  1300 ( -  *---       |              ), 6.00,  7.00, 13.00, 19.00, 27.00
   4 , k_3_0.25_11_camel_where ,    1300  ,  1800 (-   * --       |              ), 0.00,  5.00, 13.00, 20.00, 26.00
   4 , k_3_0.25_13_camel_rp ,    1400  ,  1300 (--- *----      |              ), 0.00, 10.00, 14.00, 19.00, 29.00
   4 , k_3_0.2_5_camel_where ,    1400  ,  1400 (-   *---       |              ), 0.00,  6.00, 14.00, 16.00, 26.00
   4 , k_3_0.1_7_camel_pca ,    1400  ,  1200 (--  *---       |              ), 0.00,  7.00, 14.00, 19.00, 27.00
   4 , k_3_0.01_9_camel_rp ,    1400  ,   800 ( -- *--        |              ), 6.00, 12.00, 14.00, 17.00, 24.00
   4 , k_3_0.2_11_camel_where ,    1400  ,  1200 ( -- *---       |              ), 5.00, 10.00, 14.00, 19.00, 26.00
   4 , k_3_0_11_camel_rp ,    1400  ,  1200 ( -  *--        |              ), 6.00,  7.00, 14.00, 17.00, 23.00
   4 , k_3_0.2_11_camel_rp ,    1400  ,  1200 (    *---       |              ), 7.00,  9.00, 14.00, 19.00, 28.00
   4 , k_3_0.1_11_camel_pca ,    1400  ,  1500 (--  * -        |              ), 0.00,  8.00, 14.00, 21.00, 24.00
   4 , k_3_0.01_9_camel_where ,    1400  ,  1600 (--  *  --      |              ), 0.00,  9.00, 14.00, 23.00, 29.00
   4 , k_3_0.25_5_camel_spectral ,    1400  ,  1500 (--  * -        |              ), 0.00,  7.00, 14.00, 22.00, 24.00
   4 , k_3_0.05_13_camel_2 ,    1400  ,  1500 (--  *--        |              ), 0.00,  7.00, 14.00, 19.00, 24.00
   4 , k_3_0_5_camel_rp ,    1400  ,  1400 (  - * ---      |              ), 7.00, 12.00, 14.00, 22.00, 32.00
   4 , k_3_0_7_camel_rp ,    1500  ,  1300 ( -- *--        |              ), 4.00, 10.00, 15.00, 19.00, 24.00
   4 , k_3_0.25_7_camel_kd ,    1500  ,  1400 (--  * -        |              ), 0.00,  7.00, 15.00, 21.00, 24.00
   5 , k_3_0.01_5_camel_rp ,    1600  ,  1700 (--- *  --      |              ), 0.00, 10.00, 16.00, 23.00, 30.00
   5 , k_3_0_7_camel_where ,    1600  ,  1200 (  - *---       |              ), 7.00, 10.00, 16.00, 19.00, 28.00
   5 , k_3_0.2_9_camel_where ,    1600  ,  1200 (----* --       |              ), 0.00, 14.00, 16.00, 22.00, 26.00
   5 , k_3_0.05_11_camel_where ,    1600  ,  1200 ( -- *  --      |              ), 5.00, 12.00, 16.00, 23.00, 32.00
   5 , k_3_0.25_7_camel_where ,    1600  ,  1300 (--  *---       |              ), 0.00,  9.00, 16.00, 19.00, 28.00
   5 , k_3_0.2_11_camel_kd ,    1600  ,  1700 (--  * ---      |              ), 0.00,  9.00, 16.00, 22.00, 30.00
   5 , k_3_0_13_camel_rp ,    1600  ,  1500 ( -  * ---      |              ), 6.00,  7.00, 16.00, 22.00, 30.00
   5 , k_3_0.25_7_camel_rp ,    1600  ,  1200 ( -- * --       |              ), 6.00, 10.00, 16.00, 20.00, 27.00
   5 , k_3_0.2_5_camel_rp ,    1600  ,  1400 (    * ---      |              ), 7.00,  8.00, 16.00, 21.00, 32.00
   5 , k_3_0.1_7_camel_rp ,    1600  ,   700 ( ---*---       |              ), 5.00, 14.00, 16.00, 19.00, 28.00
   5 , k_3_0.1_9_camel_kd ,    1600  ,  1400 (--- *  --      |              ), 0.00, 11.00, 16.00, 24.00, 32.00
   5 , k_3_0_13_camel_where ,    1600  ,  1600 (--- *   ---    |              ), 0.00, 12.00, 16.00, 26.00, 37.00
   6 , k_3_0.1_13_camel_where ,    1700  ,  1200 (  -  *--       |              ), 7.00, 11.00, 17.00, 20.00, 28.00
   6 , k_3_0.05_5_camel_rp ,    1700  ,  1500 ( --  *--       |              ), 5.00, 12.00, 17.00, 22.00, 26.00
   6 , k_3_0.05_9_camel_where ,    1700  ,  1500 (     *---      |              ), 7.00,  9.00, 17.00, 22.00, 29.00
   6 , k_3_0.15_7_camel_rp ,    1700  ,  1800 (     *---      |              ), 7.00,  9.00, 17.00, 22.00, 29.00
   6 , k_3_0.1_5_camel_where ,    1700  ,  1100 ( --  *--       |              ), 5.00, 12.00, 17.00, 19.00, 26.00
   6 , k_3_0.1_11_camel_kd ,    1700  ,  1700 (  -- * -----   |              ), 7.00, 16.00, 17.00, 24.00, 39.00
   6 , k_3_0.2_9_camel_rp ,    1700  ,   900 ( --  *--       |              ), 5.00, 12.00, 17.00, 20.00, 28.00
   6 , k_3_0.15_7_camel_where ,    1700  ,   700 (  -- *---      |              ), 7.00, 14.00, 17.00, 20.00, 29.00
   6 , k_3_0.05_5_camel_where ,    1700  ,  1300 ( --- *---      |              ), 4.00, 13.00, 17.00, 22.00, 31.00
   6 , k_3_0.1_7_camel_kd ,    1700  ,  1100 ( --  *---      |              ), 6.00, 12.00, 17.00, 21.00, 32.00
   6 , k_3_0.01_13_camel_where ,    1800  ,  1700 ( --- * -       |              ), 5.00, 14.00, 18.00, 24.00, 26.00
   6 , k_3_0.2_7_camel_rp ,    1800  ,   900 (  -- *---      |              ), 8.00, 13.00, 18.00, 22.00, 30.00
   6 , k_3_0.05_11_camel_rp ,    1800  ,  1700 ( -   * -       |              ), 5.00,  9.00, 18.00, 23.00, 26.00
   6 , k_3_0.25_11_camel_rp ,    1800  ,  1200 (  -- *--       |              ), 7.00, 13.00, 18.00, 22.00, 28.00
   6 , k_3_0.01_5_camel_where ,    1800  ,  1600 (---  * --      |              ), 0.00, 11.00, 18.00, 24.00, 31.00
   6 , k_3_0.15_9_camel_rp ,    1800  ,  1700 ( --  * --      |              ), 5.00, 10.00, 18.00, 24.00, 30.00
   7 , k_3_0.05_7_camel_where ,    1900  ,  1000 (   - *--       |              ),10.00, 14.00, 19.00, 22.00, 28.00
   7 , k_3_0.01_13_camel_rp ,    1900  ,  1200 (  -  *---      |              ), 7.00, 12.00, 19.00, 22.00, 32.00
   7 , k_3_0.25_11_camel_random ,    1900  ,   900 (    -*  --     |              ),13.00, 18.00, 19.00, 26.00, 33.00
   7 , k_3_0.01_11_camel_rp ,    1900  ,  1200 (  -- * ----    |              ), 7.00, 13.00, 19.00, 23.00, 36.00
   7 , k_3_0_9_camel_where ,    1900  ,  1400 (---- * ---     |              ), 0.00, 16.00, 19.00, 24.00, 33.00
   7 , k_3_0.2_7_camel_where ,    1900  ,  1800 ( --  * --      |              ), 4.00, 10.00, 19.00, 25.00, 32.00
   7 , k_3_0.1_11_camel_rp ,    2000  ,  1500 (---   *        |              ), 0.00, 12.00, 20.00, 24.00, 24.00
   7 , k_3_0.25_5_camel_random ,    2000  ,  1100 ( ---  *--      |              ), 6.00, 16.00, 20.00, 24.00, 30.00
   7 , k_3_0.15_9_camel_random ,    2000  ,  2000 ( --   * ------ |              ), 5.00, 12.00, 20.00, 27.00, 45.00
   7 , k_3_0.2_13_camel_random ,    2000  ,  1400 (   -- *  --    |              ),12.00, 17.00, 20.00, 30.00, 36.00
   7 , k_3_0.15_9_camel_where ,    2000  ,  1700 ( --   * -      |              ), 6.00, 10.00, 20.00, 26.00, 30.00
   7 , k_3_0.25_13_camel_where ,    2000  ,  1200 (  --  *--      |              ), 7.00, 14.00, 20.00, 24.00, 30.00
   7 , k_3_0_5_camel_where ,    2000  ,  1100 (  --- * ----   |              ), 8.00, 19.00, 20.00, 27.00, 40.00
   7 , k_3_0.15_5_camel_where ,    2000  ,  1500 (  --  * -      |              ), 9.00, 16.00, 20.00, 28.00, 32.00
   8 , k_3_0.05_11_camel_random ,    2100  ,  1300 (   -- *        |              ),10.00, 19.00, 21.00, 29.00, 32.00
   8 , k_3_0.15_11_camel_where ,    2100  ,  1200 ( ---  *-----   |              ), 5.00, 13.00, 21.00, 24.00, 40.00
   8 , k_3_0.25_13_camel_random ,    2100  ,  1900 (   -  *  ----- |              ),11.00, 16.00, 21.00, 29.00, 45.00
   8 , k_3_0.2_5_camel_random ,    2200  ,  1800 (  --  *  --    |              ), 8.00, 16.00, 22.00, 32.00, 37.00
   8 , k_3_0.25_7_camel_random ,    2200  ,  1300 ( ---- * ----   |              ), 5.00, 17.00, 22.00, 28.00, 41.00
   8 , k_3_0.2_13_camel_spectral ,    2200  ,  1200 (   -- * ----   |              ),12.00, 17.00, 22.00, 26.00, 41.00
   8 , k_3_0.15_9_camel_spectral ,    2300  ,  1600 (    -  *---    |              ),13.00, 17.00, 23.00, 28.00, 36.00
   8 , k_3_0.25_9_camel_where ,    2300  ,  1600 ( ---   *-      |              ), 6.00, 14.00, 23.00, 28.00, 32.00
   8 , k_3_0.2_11_camel_spectral ,    2400  ,  1500 (    -- * ---   |              ),13.00, 20.00, 24.00, 30.00, 39.00
   8 , k_3_0.2_7_camel_spectral ,    2400  ,  1800 (  --   * ----  |              ), 7.00, 14.00, 24.00, 32.00, 42.00
   8 , k_3_0.05_13_camel_random ,    2400  ,  1100 (  ---- * ----  |              ), 8.00, 20.00, 24.00, 30.00, 44.00
   8 , k_3_0.2_9_camel_spectral ,    2400  ,  2100 (  --   * ----  |              ), 8.00, 14.00, 24.00, 31.00, 42.00
   8 , k_3_0.2_11_camel_random ,    2400  ,  2100 (  --   * ---   |              ), 7.00, 14.00, 24.00, 32.00, 40.00
   9 , k_3_0.1_11_camel_where ,    2600  ,  1100 (  ---   *----  |              ), 7.00, 19.00, 26.00, 30.00, 43.00
   9 , k_3_0.25_9_camel_spectral ,    2600  ,  1800 (   ---  * --   |              ),12.00, 21.00, 26.00, 35.00, 41.00
   9 , k_3_0_5_camel_spectral ,    2600  ,  2900 (    --  *    --|-             ),14.00, 20.00, 26.00, 44.00, 55.00
   9 , k_3_0.01_7_camel_where ,    2600  ,  1600 (    -   *----- |              ),13.00, 19.00, 26.00, 30.00, 45.00
   9 , k_3_0.2_9_camel_random ,    2700  ,  2500 (  ----  *  ----|              ), 7.00, 21.00, 27.00, 37.00, 49.00
   9 , k_3_0.15_7_camel_random ,    2700  ,  1900 (   -    * --   |              ),10.00, 16.00, 27.00, 33.00, 41.00
   9 , k_3_0.01_5_camel_random ,    2700  ,  2300 ( ---    *  --  |              ), 6.00, 16.00, 27.00, 38.00, 44.00
   9 , k_3_0.1_7_camel_spectral ,    2700  ,  1400 (    --  *----  |              ),15.00, 21.00, 27.00, 32.00, 42.00
   9 , k_3_0.25_11_camel_spectral ,    2800  ,  1500 (     -  *  --- |              ),17.00, 22.00, 28.00, 37.00, 48.00
   9 , k_3_0.15_5_camel_random ,    2800  ,  1600 (    --  *  ----|              ),16.00, 22.00, 28.00, 36.00, 54.00
   9 , k_3_0.15_7_camel_spectral ,    2800  ,  1300 (    --- *  --  |              ),14.00, 24.00, 28.00, 37.00, 42.00
   9 , k_3_0.15_11_camel_random ,    2800  ,  2000 (    -   * -----|              ),13.00, 18.00, 28.00, 35.00, 53.00
   9 , k_3_0.2_7_camel_random ,    2800  ,  1800 (  ----  *---   |              ), 9.00, 22.00, 28.00, 32.00, 39.00
   9 , k_3_0.25_9_camel_random ,    2800  ,  1500 (     -  * -    |              ),17.00, 21.00, 28.00, 35.00, 38.00
   9 , k_3_0.15_13_camel_spectral ,    2800  ,  1200 (    --- *  --  |              ),15.00, 25.00, 28.00, 36.00, 44.00
   9 , k_3_0.01_13_camel_spectral ,    2900  ,  2500 (   ----  *   - |              ),10.00, 23.00, 29.00, 43.00, 48.00
   9 , k_3_0_11_camel_spectral ,    2900  ,  1300 (    ---  *--   |              ),16.00, 25.00, 29.00, 33.00, 39.00
   9 , k_3_0.05_5_camel_spectral ,    3000  ,  1800 (     --  *  -- |              ),17.00, 24.00, 30.00, 40.00, 48.00
   9 , k_3_0.2_5_camel_spectral ,    3000  ,  2100 (    ---  * --- |              ),14.00, 24.00, 30.00, 37.00, 48.00
   9 , k_3_0.05_7_camel_spectral ,    3000  ,  1100 (   ----- *-    |              ),12.00, 26.00, 30.00, 35.00, 37.00
   9 , k_3_0.05_7_camel_random ,    3000  ,  1400 (    ---  * --  |              ),14.00, 24.00, 30.00, 38.00, 44.00
   9 , k_3_0.05_11_camel_spectral ,    3000  ,   900 (    ---  *---  |              ),13.00, 24.00, 30.00, 32.00, 42.00
   9 , k_3_0.15_5_camel_spectral ,    3000  ,  1800 (    --   * ----|              ),13.00, 21.00, 30.00, 37.00, 49.00
  10 , k_3_0_7_camel_spectral ,    3100  ,  1700 (   ----- *  ---|              ),12.00, 26.00, 31.00, 40.00, 54.00
  10 , k_3_0_9_camel_spectral ,    3100  ,  1400 (   ---   *-----|--            ),12.00, 22.00, 31.00, 35.00, 59.00
  10 , k_3_0.01_5_camel_spectral ,    3200  ,  1600 (      -  *  -  |              ),21.00, 24.00, 32.00, 40.00, 44.00
  10 , k_3_0.01_9_camel_spectral ,    3200  ,  1700 (     --  *  -- |              ),18.00, 24.00, 32.00, 39.00, 48.00
  10 , k_3_0.05_13_camel_spectral ,    3200  ,  2100 (  ----   *  -- |              ), 9.00, 20.00, 32.00, 39.00, 48.00
  10 , k_3_0.01_11_camel_random ,    3200  ,  1400 (     --- *  ---|              ),19.00, 28.00, 32.00, 39.00, 50.00
  10 , k_3_0.1_5_camel_spectral ,    3200  ,  1300 (     --- * --- |              ),19.00, 26.00, 32.00, 36.00, 48.00
  10 , k_3_0_11_camel_random ,    3200  ,  1900 (      ---*     |              ),22.00, 32.00, 32.00, 45.00, 48.00
  10 , k_3_0.01_13_camel_random ,    3200  ,  1600 (     --  * ----|              ),19.00, 24.00, 32.00, 38.00, 53.00
  10 , k_3_0.25_13_camel_spectral ,    3200  ,  1600 (  -----  * --- |              ), 7.00, 23.00, 32.00, 37.00, 45.00
  10 , k_3_0.05_5_camel_random ,    3200  ,  1600 (    ---- * ----|              ),15.00, 28.00, 32.00, 38.00, 50.00
  10 , k_3_0.15_11_camel_spectral ,    3200  ,  1600 (    ---  * --- |              ),16.00, 24.00, 32.00, 38.00, 47.00
  10 , k_3_0.05_9_camel_spectral ,    3300  ,  1600 (   ---    *--- |              ),12.00, 22.00, 33.00, 37.00, 48.00
  10 , k_3_0_5_camel_random ,    3300  ,  1600 (    ----  * ---|              ),13.00, 27.00, 33.00, 40.00, 53.00
  10 , k_3_0.01_7_camel_random ,    3500  ,  1400 (     ---  * -- |              ),19.00, 26.00, 35.00, 40.00, 45.00
  10 , k_3_0_7_camel_random ,    3500  ,  2500 (  -----   * ---|-             ), 9.00, 24.00, 35.00, 41.00, 55.00
  11 , k_3_0.15_13_camel_random ,    3600  ,  1300 (    ----   *-- |              ),13.00, 26.00, 36.00, 37.00, 48.00
  11 , k_3_0.1_11_camel_random ,    3600  ,  1800 (      ---  *  -|----          ),22.00, 30.00, 36.00, 45.00, 65.00
  11 , k_3_0.05_9_camel_random ,    3700  ,  1600 (     ----  *---|-             ),18.00, 32.00, 37.00, 41.00, 57.00
  11 , k_3_0.25_7_camel_spectral ,    3700  ,  1800 (      ---  *-- |              ),20.00, 29.00, 37.00, 41.00, 48.00
  11 , k_3_0.1_9_camel_random ,    3700  ,  1600 (     ----  * --|              ),19.00, 30.00, 37.00, 43.00, 50.00
  11 , k_3_0_13_camel_random ,    3800  ,  1200 (       --  * --|              ),24.00, 32.00, 38.00, 42.00, 53.00
  11 , k_3_0.1_7_camel_random ,    3800  ,  1800 (       --  * --|              ),24.00, 32.00, 38.00, 44.00, 50.00
  11 , k_3_0_13_camel_spectral ,    3800  ,  2000 (      --   * --|              ),20.00, 27.00, 38.00, 43.00, 50.00
  11 , k_3_0.01_9_camel_random ,    3800  ,  1400 (   ------  * --|--            ),12.00, 30.00, 38.00, 44.00, 59.00
  11 , k_3_0.1_13_camel_spectral ,    3800  ,  1900 (       --  *  -|              ),24.00, 32.00, 38.00, 45.00, 53.00
  11 , k_3_0.1_11_camel_spectral ,    3800  ,  1900 (     ----  *  -|---           ),17.00, 32.00, 38.00, 45.00, 61.00
  11 , k_3_0.01_11_camel_spectral ,    3900  ,  2000 (    -----   *  |-             ),13.00, 30.00, 39.00, 49.00, 55.00
  11 , k_3_0_9_camel_random ,    3900  ,  1600 (       --   * -|              ),23.00, 32.00, 39.00, 47.00, 53.00
  11 , k_3_0.1_9_camel_spectral ,    3900  ,  2400 (      ---   * -|              ),22.00, 32.00, 39.00, 45.00, 52.00
  11 , k_3_0.01_7_camel_spectral ,    4000  ,  2200 (     ---    *--|              ),19.00, 28.00, 40.00, 42.00, 53.00
  11 , k_3_0.1_5_camel_random ,    4100  ,  1600 (     -----  * -|--            ),19.00, 35.00, 41.00, 48.00, 60.00
  11 , k_3_0.1_13_camel_random ,    4200  ,  2200 (      --     *-|-             ),20.00, 28.00, 42.00, 48.00, 57.00
  12 , k_3_0.2_7_camel_entropic ,    8300  ,   500 (               |        -*-   ),77.00, 82.00, 83.00, 84.00, 89.00
  12 , k_3_0.2_5_camel_entropic ,    8300  ,   600 (               |        -* -  ),78.00, 82.00, 83.00, 87.00, 90.00
  12 , k_3_0.05_5_camel_entropic ,    8300  ,   500 (               |       - *-   ),76.00, 79.00, 83.00, 84.00, 88.00
  12 , k_3_0.05_11_camel_entropic ,    8400  ,   500 (               |       -- *-  ),75.00, 82.00, 84.00, 85.00, 90.00
  12 , k_3_0.01_7_camel_entropic ,    8400  ,   400 (               |        - *   ),77.00, 83.00, 84.00, 85.00, 89.00
  12 , k_3_0.15_9_camel_entropic ,    8400  ,   500 (               |        - *-  ),77.00, 82.00, 84.00, 87.00, 90.00
  13 , k_3_0_11_camel_entropic ,    8500  ,   700 (               |        - *-  ),78.00, 83.00, 85.00, 89.00, 90.00
  13 , k_3_0.25_7_camel_entropic ,    8500  ,   600 (               |        - *-  ),78.00, 83.00, 85.00, 88.00, 90.00
  13 , k_3_0.05_13_camel_entropic ,    8500  ,   800 (               |          *-  ),81.00, 83.00, 85.00, 89.00, 90.00
  13 , k_3_0.2_13_camel_entropic ,    8600  ,   500 (               |         -*   ),83.00, 84.00, 86.00, 88.00, 89.00
  14 , k_3_0.1_9_camel_entropic ,    8700  ,   200 (               |         --*  ),83.00, 87.00, 87.00, 89.00, 90.00
  14 , k_3_0.01_9_camel_entropic ,    8700  ,   500 (               |         - *  ),82.00, 85.00, 87.00, 89.00, 90.00
  14 , k_3_0_9_camel_entropic ,    8700  ,   700 (               |        -  *  ),80.00, 82.00, 87.00, 89.00, 90.00
  14 , k_3_0.1_13_camel_entropic ,    8700  ,   600 (               |           *  ),82.00, 83.00, 87.00, 89.00, 92.00
  14 , k_3_0.25_5_camel_entropic ,    8800  ,   300 (               |          -*  ),84.00, 87.00, 88.00, 90.00, 92.00
  14 , k_3_0.05_7_camel_entropic ,    8800  ,   600 (               |         - *  ),82.00, 84.00, 88.00, 89.00, 91.00
  14 , k_3_0.01_13_camel_entropic ,    8800  ,   600 (               |         - *  ),81.00, 85.00, 88.00, 90.00, 92.00
  14 , k_3_0.01_11_camel_entropic ,    8800  ,   600 (               |         - *  ),82.00, 84.00, 88.00, 88.00, 91.00
  14 , k_3_0_5_camel_entropic ,    8800  ,   600 (               |         - *  ),81.00, 84.00, 88.00, 90.00, 91.00
  14 , k_3_0.15_11_camel_entropic ,    8800  ,   500 (               |         - *  ),83.00, 85.00, 88.00, 90.00, 91.00
  14 , k_3_0.25_13_camel_entropic ,    8800  ,   200 (               |          -*  ),84.00, 88.00, 88.00, 90.00, 91.00
  15 , k_3_0.1_7_camel_entropic ,    8900  ,   700 (               |         - *  ),83.00, 86.00, 89.00, 91.00, 92.00
  15 , k_3_0.15_13_camel_entropic ,    8900  ,   600 (               |         - *- ),82.00, 85.00, 89.00, 90.00, 93.00
  15 , k_3_0.1_11_camel_entropic ,    8900  ,   300 (               |          -*  ),84.00, 88.00, 89.00, 91.00, 92.00
  15 , k_3_0.25_9_camel_entropic ,    8900  ,   300 (               |         --*  ),83.00, 88.00, 89.00, 90.00, 91.00
  15 , k_3_0.15_7_camel_entropic ,    8900  ,   900 (               |        -  *  ),79.00, 83.00, 89.00, 91.00, 91.00
  15 , k_3_0.25_11_camel_entropic ,    8900  ,   800 (               |         - *- ),83.00, 85.00, 89.00, 91.00, 93.00
  15 , k_3_0_7_camel_entropic ,    8900  ,   700 (               |         - *  ),82.00, 84.00, 89.00, 90.00, 92.00
  15 , k_3_0.2_9_camel_entropic ,    9000  ,   600 (               |         -  * ),83.00, 85.00, 90.00, 91.00, 93.00
  15 , k_3_0.15_5_camel_entropic ,    9000  ,   300 (               |          - * ),85.00, 89.00, 90.00, 91.00, 92.00
  15 , k_3_0_13_camel_entropic ,    9000  ,   800 (               |        --  * ),77.00, 85.00, 90.00, 91.00, 92.00
  15 , k_3_0.1_5_camel_entropic ,    9000  ,   600 (               |         -- * ),83.00, 89.00, 90.00, 92.00, 93.00
  15 , k_3_0.01_5_camel_entropic ,    9000  ,   300 (               |         -- * ),82.00, 88.00, 90.00, 91.00, 92.00
  16 , k_3_0.05_9_camel_entropic ,    9200  ,   300 (               |          --* ),86.00, 91.00, 92.00, 93.00, 93.00
  16 , k_3_0.2_11_camel_entropic ,    9200  ,   200 (               |          --* ),84.00, 90.00, 92.00, 92.00, 93.00
