rank ,         name ,    med   ,  iqr 
----------------------------------------------------
   1 , k_3_0.1_9_felix_entropic ,    8400  ,   200 (  ----  *---   |              ),80.00, 83.00, 84.00, 85.00, 87.00
   1 , k_3_0.05_11_felix_entropic ,    8500  ,   300 (      -- *---  |              ),83.00, 84.00, 85.00, 86.00, 88.00
   1 , k_3_0.25_5_felix_entropic ,    8500  ,   300 (    --   *--   |              ),81.00, 83.00, 85.00, 86.00, 87.00
   1 , k_3_0.01_11_felix_entropic ,    8500  ,   400 (     -   *--   |              ),82.00, 83.00, 85.00, 86.00, 87.00
   2 , k_3_0.15_13_felix_entropic ,    8600  ,   300 (        --*  - |              ),84.00, 86.00, 86.00, 88.00, 89.00
   2 , k_3_0.01_9_felix_entropic ,    8600  ,   400 (      --- *  - |              ),83.00, 85.00, 86.00, 88.00, 89.00
   2 , k_3_0.1_5_felix_entropic ,    8600  ,   200 (          * -- |              ),85.00, 85.00, 86.00, 87.00, 89.00
   2 , k_3_0.1_11_felix_entropic ,    8600  ,   400 (      --  * -  |              ),83.00, 84.00, 86.00, 87.00, 88.00
   2 , k_3_0.15_7_felix_entropic ,    8600  ,   300 (     ---  * -  |              ),82.00, 84.00, 86.00, 87.00, 88.00
   2 , k_3_0_13_felix_entropic ,    8600  ,   300 (    ----  * -- |              ),81.00, 84.00, 86.00, 87.00, 89.00
   2 , k_3_0.25_13_felix_entropic ,    8600  ,   300 (        - * -- |              ),84.00, 85.00, 86.00, 87.00, 89.00
   2 , k_3_0.01_13_felix_entropic ,    8600  ,   200 (        --* -- |              ),84.00, 86.00, 86.00, 87.00, 89.00
   3 , k_3_0.05_5_felix_entropic ,    8700  ,   200 (        --  *--|              ),84.00, 86.00, 87.00, 88.00, 90.00
   3 , k_3_0.2_5_felix_entropic ,    8700  ,   200 (        --  *- |              ),84.00, 86.00, 87.00, 88.00, 89.00
   3 , k_3_0.15_11_felix_entropic ,    8700  ,   200 (         -  *--|              ),85.00, 86.00, 87.00, 87.00, 90.00
   3 , k_3_0.25_9_felix_entropic ,    8700  ,   300 (            * -|              ),86.00, 86.00, 87.00, 89.00, 90.00
   3 , k_3_0.2_11_felix_entropic ,    8700  ,   300 (         -  * -|-             ),85.00, 86.00, 87.00, 89.00, 91.00
   3 , k_3_0.15_9_felix_entropic ,    8700  ,   300 (        --  *- |              ),84.00, 86.00, 87.00, 88.00, 89.00
   3 , k_3_0.05_9_felix_entropic ,    8700  ,   200 (        --  *- |              ),84.00, 86.00, 87.00, 88.00, 89.00
   3 , k_3_0.25_11_felix_entropic ,    8700  ,   300 (        --  *- |              ),84.00, 86.00, 87.00, 88.00, 89.00
   3 , k_3_0.2_9_felix_entropic ,    8700  ,   200 (         -  *- |              ),85.00, 86.00, 87.00, 88.00, 89.00
   3 , k_3_0.1_13_felix_entropic ,    8700  ,   300 (         -  *- |              ),85.00, 86.00, 87.00, 88.00, 89.00
   4 , k_3_0.05_7_felix_entropic ,    8800  ,   200 (          ---*-|-             ),86.00, 88.00, 88.00, 89.00, 91.00
   4 , k_3_0.01_5_felix_entropic ,    8800  ,   400 (          -- *-|              ),86.00, 87.00, 88.00, 89.00, 90.00
   4 , k_3_0.15_5_felix_entropic ,    8800  ,   100 (        ---- *-|              ),84.00, 87.00, 88.00, 88.00, 90.00
   4 , k_3_0_11_felix_entropic ,    8800  ,   100 (      ------ * |              ),83.00, 87.00, 88.00, 88.00, 89.00
   4 , k_3_0_9_felix_entropic ,    8800  ,   400 (         -   *-|              ),85.00, 86.00, 88.00, 89.00, 90.00
   4 , k_3_0.05_13_felix_entropic ,    8800  ,   200 (          -- *-|              ),86.00, 87.00, 88.00, 89.00, 90.00
   4 , k_3_0.1_7_felix_entropic ,    8800  ,   200 (          ---*-|-             ),86.00, 88.00, 88.00, 89.00, 91.00
   4 , k_3_0_7_felix_entropic ,    8800  ,   200 (         --- *-|-             ),85.00, 87.00, 88.00, 89.00, 91.00
   4 , k_3_0.01_7_felix_entropic ,    8800  ,   200 (          ---*-|              ),86.00, 88.00, 88.00, 89.00, 90.00
   4 , k_3_0.25_7_felix_entropic ,    8800  ,   300 (         --- *-|              ),85.00, 87.00, 88.00, 88.00, 90.00
   5 , k_3_0_5_felix_entropic ,    8900  ,   200 (        ----  *|              ),84.00, 87.00, 89.00, 89.00, 90.00
   5 , k_3_0.2_7_felix_entropic ,    8900  ,   200 (          --- *|-             ),86.00, 88.00, 89.00, 89.00, 91.00
   5 , k_3_0.2_13_felix_entropic ,    8900  ,   200 (          ----*|-             ),86.00, 89.00, 89.00, 90.00, 91.00
   6 , k_3_0.1_13_felix_where ,    9400  ,   200 (               |     * -      ),93.00, 93.00, 94.00, 95.00, 96.00
   7 , k_3_0.25_5_felix_spectral ,    9500  ,   300 (               |    -  * --   ),93.00, 94.00, 95.00, 97.00, 98.00
   7 , k_3_0_11_felix_spectral ,    9500  ,   200 (               |    -  *-     ),93.00, 94.00, 95.00, 96.00, 97.00
   7 , k_3_0_7_felix_where ,    9500  ,   200 (               |     --*-     ),94.00, 95.00, 95.00, 96.00, 97.00
   7 , k_3_0.1_5_felix_spectral ,    9500  ,   300 (               |    ---*-     ),93.00, 95.00, 95.00, 96.00, 97.00
   7 , k_3_0.1_11_felix_spectral ,    9500  ,   200 (               |    -  *-     ),93.00, 94.00, 95.00, 96.00, 97.00
   7 , k_3_0.1_11_felix_random ,    9500  ,   200 (               |    -  *-     ),93.00, 94.00, 95.00, 96.00, 97.00
   7 , k_3_0.01_11_felix_where ,    9500  ,   200 (               |     --*-     ),94.00, 95.00, 95.00, 96.00, 97.00
   7 , k_3_0.2_13_felix_spectral ,    9500  ,   200 (               |     --*-     ),94.00, 95.00, 95.00, 96.00, 97.00
   7 , k_3_0.1_13_felix_spectral ,    9500  ,   200 (               |       *-     ),94.00, 94.00, 95.00, 96.00, 97.00
   7 , k_3_0_9_felix_where ,    9500  ,   200 (               |     --*-     ),94.00, 95.00, 95.00, 96.00, 97.00
   7 , k_3_0_7_felix_spectral ,    9500  ,   200 (               |    -  *-     ),93.00, 94.00, 95.00, 96.00, 97.00
   7 , k_3_0.01_11_felix_random ,    9500  ,   100 (               |    ---*---   ),93.00, 95.00, 95.00, 96.00, 98.00
   7 , k_3_0_5_felix_where ,    9500  ,   200 (               |    ---*-     ),93.00, 95.00, 95.00, 96.00, 97.00
   7 , k_3_0.05_13_felix_spectral ,    9500  ,   200 (               |    -  *-     ),93.00, 94.00, 95.00, 96.00, 97.00
   7 , k_3_0.25_13_felix_spectral ,    9500  ,   200 (               |       *      ),94.00, 94.00, 95.00, 96.00, 96.00
   7 , k_3_0.01_7_felix_spectral ,    9500  ,   200 (               |    -  *-     ),93.00, 94.00, 95.00, 96.00, 97.00
   7 , k_3_0_11_felix_where ,    9500  ,   100 (               |     --*-     ),94.00, 95.00, 95.00, 96.00, 97.00
   7 , k_3_0_13_felix_spectral ,    9500  ,   200 (               |    -  *      ),93.00, 94.00, 95.00, 96.00, 96.00
   7 , k_3_0.1_9_felix_random ,    9500  ,   200 (               |    -  *-     ),93.00, 94.00, 95.00, 96.00, 97.00
   7 , k_3_0.1_5_felix_where ,    9500  ,   200 (               |    -  *-     ),93.00, 94.00, 95.00, 96.00, 97.00
   7 , k_3_0_13_felix_random ,    9500  ,   200 (               |    -  *-     ),93.00, 94.00, 95.00, 95.00, 97.00
   7 , k_3_0.15_13_felix_spectral ,    9500  ,   200 (               |     --*-     ),94.00, 95.00, 95.00, 96.00, 97.00
   7 , k_3_0.01_9_felix_spectral ,    9500  ,   100 (               |   ----*---   ),92.00, 95.00, 95.00, 96.00, 98.00
   7 , k_3_0.01_5_felix_spectral ,    9500  ,   200 (               |    -  *---   ),93.00, 94.00, 95.00, 96.00, 98.00
   8 , k_3_0.25_5_felix_random ,    9600  ,   100 (               |     ---*---  ),94.00, 96.00, 96.00, 97.00, 99.00
   8 , k_3_0.2_7_felix_random ,    9600  ,   200 (               |       -*--   ),95.00, 96.00, 96.00, 97.00, 98.00
   8 , k_3_0_9_felix_random ,    9600  ,   200 (               |     -- *--   ),94.00, 95.00, 96.00, 97.00, 98.00
   8 , k_3_0_7_felix_2 ,    9600  ,   100 (               |       -*--   ),95.00, 96.00, 96.00, 97.00, 98.00
   8 , k_3_0.05_5_felix_rp ,    9600  ,   200 (               |       -*--   ),95.00, 96.00, 96.00, 97.00, 98.00
   8 , k_3_0.2_11_felix_where ,    9600  ,   200 (               |    --- *     ),93.00, 95.00, 96.00, 96.00, 97.00
   8 , k_3_0.01_13_felix_pca ,    9600  ,   200 (               |        *     ),95.00, 95.00, 96.00, 97.00, 97.00
   8 , k_3_0.01_9_felix_where ,    9600  ,   200 (               |    ----*--   ),93.00, 96.00, 96.00, 97.00, 98.00
   8 , k_3_0.05_7_felix_spectral ,    9600  ,   200 (               |       -*--   ),95.00, 96.00, 96.00, 97.00, 98.00
   8 , k_3_0.15_5_felix_where ,    9600  ,   100 (               |        *     ),95.00, 95.00, 96.00, 96.00, 97.00
   8 , k_3_0.1_7_felix_random ,    9600  ,   200 (               |     -- *--   ),94.00, 95.00, 96.00, 97.00, 98.00
   8 , k_3_0_5_felix_spectral ,    9600  ,   100 (               |     -- *     ),94.00, 95.00, 96.00, 96.00, 97.00
   8 , k_3_0.01_7_felix_pca ,    9600  ,   100 (               |     ---*--   ),94.00, 96.00, 96.00, 97.00, 98.00
   8 , k_3_0.05_11_felix_spectral ,    9600  ,   200 (               |     -- *--   ),94.00, 95.00, 96.00, 97.00, 98.00
   8 , k_3_0.05_5_felix_2 ,    9600  ,   200 (               |     -- *--   ),94.00, 95.00, 96.00, 97.00, 98.00
   8 , k_3_0.1_9_felix_pca ,    9600  ,   100 (               |     -- *--   ),94.00, 95.00, 96.00, 96.00, 98.00
   8 , k_3_0.05_7_felix_where ,    9600  ,   200 (               |    --- *     ),93.00, 95.00, 96.00, 97.00, 97.00
   8 , k_3_0_9_felix_2 ,    9600  ,   100 (               |       -*--   ),95.00, 96.00, 96.00, 97.00, 98.00
   8 , k_3_0.05_9_felix_spectral ,    9600  ,   200 (               |    --- *--   ),93.00, 95.00, 96.00, 97.00, 98.00
   8 , k_3_0.15_9_felix_random ,    9600  ,   200 (               |     -- *--   ),94.00, 95.00, 96.00, 97.00, 98.00
   8 , k_3_0.25_7_felix_where ,    9600  ,   100 (               |        *--   ),95.00, 95.00, 96.00, 96.00, 98.00
   8 , k_3_0.15_9_felix_spectral ,    9600  ,   100 (               |     ---*--   ),94.00, 96.00, 96.00, 97.00, 98.00
   8 , k_3_0_9_felix_pca ,    9600  ,   300 (               |     -- *--   ),94.00, 95.00, 96.00, 97.00, 98.00
   8 , k_3_0.2_9_felix_spectral ,    9600  ,   100 (               |       -*     ),95.00, 96.00, 96.00, 97.00, 97.00
   8 , k_3_0_5_felix_rp ,    9600  ,   100 (               |       -*--   ),95.00, 96.00, 96.00, 97.00, 98.00
   8 , k_3_0_13_felix_where ,    9600  ,   100 (               |    --- *--   ),93.00, 95.00, 96.00, 96.00, 98.00
   8 , k_3_0.25_9_felix_pca ,    9600  ,   100 (               |       -*--   ),95.00, 96.00, 96.00, 97.00, 98.00
   8 , k_3_0.15_9_felix_where ,    9600  ,   300 (               |     -- *--   ),94.00, 95.00, 96.00, 97.00, 98.00
   8 , k_3_0.1_13_felix_random ,    9600  ,   300 (               |     -- *--   ),94.00, 95.00, 96.00, 97.00, 98.00
   8 , k_3_0.01_7_felix_random ,    9600  ,   200 (               |    --- *     ),93.00, 95.00, 96.00, 97.00, 97.00
   8 , k_3_0.2_11_felix_spectral ,    9600  ,   200 (               |     ---*--   ),94.00, 96.00, 96.00, 97.00, 98.00
   8 , k_3_0.01_5_felix_pca ,    9600  ,   100 (               |     ---*--   ),94.00, 96.00, 96.00, 97.00, 98.00
   8 , k_3_0.2_13_felix_where ,    9600  ,   100 (               |       -*     ),95.00, 96.00, 96.00, 97.00, 97.00
   8 , k_3_0.01_7_felix_2 ,    9600  ,   300 (               |     -- *     ),94.00, 95.00, 96.00, 97.00, 97.00
   8 , k_3_0.05_11_felix_random ,    9600  ,   300 (               |     -- *  -  ),94.00, 95.00, 96.00, 98.00, 99.00
   8 , k_3_0.1_5_felix_random ,    9600  ,   200 (               |        *     ),95.00, 95.00, 96.00, 97.00, 97.00
   8 , k_3_0.01_5_felix_where ,    9600  ,   300 (               |    --- *     ),93.00, 95.00, 96.00, 96.00, 97.00
   8 , k_3_0.05_11_felix_where ,    9600  ,   100 (               |       -*--   ),95.00, 96.00, 96.00, 97.00, 98.00
   8 , k_3_0.2_5_felix_spectral ,    9600  ,   200 (               |     ---*     ),94.00, 96.00, 96.00, 96.00, 97.00
   8 , k_3_0_11_felix_random ,    9600  ,   200 (               |     ---*--   ),94.00, 96.00, 96.00, 97.00, 98.00
   8 , k_3_0.05_5_felix_random ,    9600  ,   200 (               |     -- *--   ),94.00, 95.00, 96.00, 97.00, 98.00
   8 , k_3_0.25_11_felix_spectral ,    9600  ,   200 (               |     -- *--   ),94.00, 95.00, 96.00, 97.00, 98.00
   8 , k_3_0.1_9_felix_spectral ,    9600  ,   200 (               |    --- *     ),93.00, 95.00, 96.00, 97.00, 97.00
   8 , k_3_0.01_7_felix_where ,    9600  ,   200 (               |   ---- *--   ),92.00, 95.00, 96.00, 96.00, 98.00
   8 , k_3_0.05_9_felix_where ,    9600  ,   200 (               |     ---*--   ),94.00, 96.00, 96.00, 97.00, 98.00
   8 , k_3_0_11_felix_2 ,    9600  ,   100 (               |       -*--   ),95.00, 96.00, 96.00, 97.00, 98.00
   8 , k_3_0.25_9_felix_spectral ,    9600  ,   200 (               |     -- *     ),94.00, 95.00, 96.00, 97.00, 97.00
   8 , k_3_0.1_11_felix_where ,    9600  ,   200 (               |    --- *     ),93.00, 95.00, 96.00, 96.00, 97.00
   8 , k_3_0.01_13_felix_where ,    9600  ,   200 (               |     -- *     ),94.00, 95.00, 96.00, 97.00, 97.00
   8 , k_3_0.1_5_felix_rp ,    9600  ,   100 (               |       -*--   ),95.00, 96.00, 96.00, 97.00, 98.00
   8 , k_3_0.01_13_felix_random ,    9600  ,   100 (               |       -*--   ),95.00, 96.00, 96.00, 97.00, 98.00
   8 , k_3_0.05_13_felix_where ,    9600  ,   200 (               |    --- *--   ),93.00, 95.00, 96.00, 96.00, 98.00
   8 , k_3_0.1_9_felix_where ,    9600  ,   100 (               |     -- *     ),94.00, 95.00, 96.00, 96.00, 97.00
   8 , k_3_0.01_11_felix_pca ,    9600  ,   200 (               |     -- *--   ),94.00, 95.00, 96.00, 97.00, 98.00
   8 , k_3_0_11_felix_pca ,    9600  ,   300 (               |       -*--   ),95.00, 96.00, 96.00, 97.00, 98.00
   8 , k_3_0.15_13_felix_random ,    9600  ,   200 (               |     -- *---  ),94.00, 95.00, 96.00, 97.00, 99.00
   8 , k_3_0_5_felix_random ,    9600  ,   200 (               |    --- *     ),93.00, 95.00, 96.00, 97.00, 97.00
   8 , k_3_0.05_5_felix_where ,    9600  ,   100 (               |     ---*--   ),94.00, 96.00, 96.00, 97.00, 98.00
   8 , k_3_0.01_9_felix_random ,    9600  ,   200 (               |     -- *     ),94.00, 95.00, 96.00, 97.00, 97.00
   8 , k_3_0.1_7_felix_2 ,    9600  ,   100 (               |     ---*--   ),94.00, 96.00, 96.00, 97.00, 98.00
   8 , k_3_0.2_5_felix_where ,    9600  ,   200 (               |     ---*--   ),94.00, 96.00, 96.00, 97.00, 98.00
   8 , k_3_0.05_7_felix_random ,    9600  ,   200 (               |       -*     ),95.00, 96.00, 96.00, 98.00, 98.00
   8 , k_3_0.25_9_felix_where ,    9600  ,   200 (               |       -*--   ),95.00, 96.00, 96.00, 97.00, 98.00
   8 , k_3_0.1_11_felix_pca ,    9600  ,   100 (               |       -*--   ),95.00, 96.00, 96.00, 97.00, 98.00
   8 , k_3_0.05_13_felix_2 ,    9600  ,   100 (               |     ---*--   ),94.00, 96.00, 96.00, 97.00, 98.00
   8 , k_3_0.2_11_felix_kd ,    9600  ,   100 (               |       -*--   ),95.00, 96.00, 96.00, 97.00, 98.00
   8 , k_3_0_9_felix_spectral ,    9600  ,   200 (               |   ---- *--   ),92.00, 95.00, 96.00, 96.00, 98.00
   8 , k_3_0.05_5_felix_spectral ,    9600  ,   200 (               |     -- *--   ),94.00, 95.00, 96.00, 97.00, 98.00
   8 , k_3_0.1_5_felix_pca ,    9600  ,   100 (               |       -*--   ),95.00, 96.00, 96.00, 97.00, 98.00
   8 , k_3_0.15_7_felix_spectral ,    9600  ,   200 (               |     -- *--   ),94.00, 95.00, 96.00, 97.00, 98.00
   8 , k_3_0.05_13_felix_pca ,    9600  ,   200 (               |     ---*--   ),94.00, 96.00, 96.00, 97.00, 98.00
   8 , k_3_0.2_7_felix_spectral ,    9600  ,   100 (               |        *     ),95.00, 95.00, 96.00, 96.00, 97.00
   8 , k_3_0.25_9_felix_2 ,    9600  ,   100 (               |       -*--   ),95.00, 96.00, 96.00, 97.00, 98.00
   8 , k_3_0.01_5_felix_random ,    9600  ,   200 (               |     -- *--   ),94.00, 95.00, 96.00, 96.00, 98.00
   8 , k_3_0.25_7_felix_spectral ,    9600  ,   200 (               |        *--   ),94.00, 94.00, 96.00, 96.00, 98.00
   8 , k_3_0.01_13_felix_kd ,    9600  ,   100 (               |       -*--   ),95.00, 96.00, 96.00, 97.00, 98.00
   8 , k_3_0.25_7_felix_random ,    9600  ,   100 (               |     ---*--   ),94.00, 96.00, 96.00, 97.00, 98.00
   8 , k_3_0.01_11_felix_2 ,    9600  ,   200 (               |     -- *--   ),94.00, 95.00, 96.00, 97.00, 98.00
   8 , k_3_0_7_felix_random ,    9600  ,   200 (               |     -- *--   ),94.00, 95.00, 96.00, 97.00, 98.00
   8 , k_3_0.15_11_felix_where ,    9600  ,   200 (               |     -- *--   ),94.00, 95.00, 96.00, 97.00, 98.00
   8 , k_3_0.01_11_felix_spectral ,    9600  ,   200 (               |       -*--   ),95.00, 96.00, 96.00, 97.00, 98.00
   8 , k_3_0.01_9_felix_2 ,    9600  ,   100 (               |     ---*--   ),94.00, 96.00, 96.00, 97.00, 98.00
   8 , k_3_0.1_7_felix_where ,    9600  ,   200 (               |     -- *--   ),94.00, 95.00, 96.00, 97.00, 98.00
   8 , k_3_0.01_9_felix_pca ,    9600  ,   100 (               |     ---*--   ),94.00, 96.00, 96.00, 97.00, 98.00
   8 , k_3_0.01_13_felix_spectral ,    9600  ,   200 (               |     -- *--   ),94.00, 95.00, 96.00, 97.00, 98.00
   8 , k_3_0.2_9_felix_where ,    9600  ,   300 (               |    --- *--   ),93.00, 95.00, 96.00, 97.00, 98.00
   8 , k_3_0.15_7_felix_random ,    9600  ,   200 (               |     -- *--   ),94.00, 95.00, 96.00, 97.00, 98.00
   8 , k_3_0.15_7_felix_where ,    9600  ,   200 (               |     -- *--   ),94.00, 95.00, 96.00, 97.00, 98.00
   8 , k_3_0.15_7_felix_2 ,    9600  ,   100 (               |       -*--   ),95.00, 96.00, 96.00, 97.00, 98.00
   8 , k_3_0.15_13_felix_where ,    9600  ,   200 (               |     -- *     ),94.00, 95.00, 96.00, 96.00, 97.00
   9 , k_3_0.05_5_felix_pca ,    9700  ,   200 (               |       - *    ),95.00, 96.00, 97.00, 98.00, 98.00
   9 , k_3_0.15_5_felix_spectral ,    9700  ,   400 (               |    -    *    ),93.00, 94.00, 97.00, 98.00, 98.00
   9 , k_3_0.25_13_felix_rp ,    9700  ,   200 (               |       - * -  ),95.00, 96.00, 97.00, 98.00, 99.00
   9 , k_3_0_9_felix_rp ,    9700  ,   300 (               |     --- *    ),94.00, 96.00, 97.00, 98.00, 98.00
   9 , k_3_0.2_13_felix_pca ,    9700  ,   200 (               |       --*-   ),95.00, 97.00, 97.00, 97.00, 98.00
   9 , k_3_0.2_7_felix_rp ,    9700  ,   200 (               |       - *--  ),95.00, 96.00, 97.00, 97.00, 99.00
   9 , k_3_0.15_11_felix_kd ,    9700  ,   100 (               |       --*    ),95.00, 97.00, 97.00, 98.00, 98.00
   9 , k_3_0.15_11_felix_rp ,    9700  ,   200 (               |       - *    ),95.00, 96.00, 97.00, 98.00, 98.00
   9 , k_3_0.2_7_felix_where ,    9700  ,   200 (               |       - *    ),95.00, 96.00, 97.00, 98.00, 98.00
   9 , k_3_0.05_13_felix_random ,    9700  ,   200 (               |       --*    ),95.00, 97.00, 97.00, 98.00, 98.00
   9 , k_3_0_13_felix_pca ,    9700  ,   200 (               |       --*    ),95.00, 97.00, 97.00, 98.00, 98.00
   9 , k_3_0.15_5_felix_kd ,    9700  ,   200 (               |        -*-   ),96.00, 97.00, 97.00, 97.00, 98.00
   9 , k_3_0.1_7_felix_spectral ,    9700  ,   100 (               |    ---- *-   ),93.00, 96.00, 97.00, 97.00, 98.00
   9 , k_3_0_11_felix_rp ,    9700  ,   200 (               |       - *    ),95.00, 96.00, 97.00, 98.00, 98.00
   9 , k_3_0.15_9_felix_2 ,    9700  ,   200 (               |         * -  ),96.00, 96.00, 97.00, 98.00, 99.00
   9 , k_3_0_13_felix_kd ,    9700  ,   100 (               |       - *-   ),95.00, 96.00, 97.00, 97.00, 98.00
   9 , k_3_0.15_5_felix_pca ,    9700  ,   200 (               |       - *    ),95.00, 96.00, 97.00, 98.00, 98.00
   9 , k_3_0_11_felix_kd ,    9700  ,   200 (               |         *    ),96.00, 96.00, 97.00, 98.00, 98.00
   9 , k_3_0.25_5_felix_kd ,    9700  ,   100 (               |         *-   ),96.00, 96.00, 97.00, 97.00, 98.00
   9 , k_3_0_5_felix_pca ,    9700  ,   100 (               |       - *-   ),95.00, 96.00, 97.00, 97.00, 98.00
   9 , k_3_0_5_felix_kd ,    9700  ,   100 (               |        -* -  ),96.00, 97.00, 97.00, 98.00, 99.00
   9 , k_3_0.1_7_felix_rp ,    9700  ,   200 (               |        -* -  ),96.00, 97.00, 97.00, 98.00, 99.00
   9 , k_3_0.05_13_felix_rp ,    9700  ,   100 (               |        -* -  ),96.00, 97.00, 97.00, 98.00, 99.00
   9 , k_3_0.05_7_felix_rp ,    9700  ,   100 (               |        -* -  ),96.00, 97.00, 97.00, 98.00, 99.00
   9 , k_3_0_9_felix_kd ,    9700  ,   200 (               |         *    ),96.00, 96.00, 97.00, 98.00, 98.00
   9 , k_3_0.01_11_felix_kd ,    9700  ,   200 (               |       - * -  ),95.00, 96.00, 97.00, 98.00, 99.00
   9 , k_3_0.05_9_felix_kd ,    9700  ,   200 (               |       - *    ),95.00, 96.00, 97.00, 98.00, 98.00
   9 , k_3_0.05_9_felix_rp ,    9700  ,   100 (               |        -* -  ),96.00, 97.00, 97.00, 98.00, 99.00
   9 , k_3_0.05_7_felix_kd ,    9700  ,   100 (               |       - *-   ),95.00, 96.00, 97.00, 97.00, 98.00
   9 , k_3_0.25_7_felix_2 ,    9700  ,   200 (               |        -* -  ),96.00, 97.00, 97.00, 98.00, 99.00
   9 , k_3_0_13_felix_2 ,    9700  ,   200 (               |         * -  ),96.00, 96.00, 97.00, 98.00, 99.00
   9 , k_3_0.25_13_felix_where ,    9700  ,   100 (               |     ----* -  ),94.00, 97.00, 97.00, 98.00, 99.00
   9 , k_3_0.1_7_felix_kd ,    9700  ,   100 (               |        -*    ),96.00, 97.00, 97.00, 98.00, 98.00
   9 , k_3_0.01_11_felix_rp ,    9700  ,   200 (               |       - *    ),95.00, 96.00, 97.00, 98.00, 98.00
   9 , k_3_0.15_13_felix_kd ,    9700  ,   200 (               |       - *    ),95.00, 96.00, 97.00, 98.00, 98.00
   9 , k_3_0_7_felix_rp ,    9700  ,   200 (               |       - *-   ),95.00, 96.00, 97.00, 97.00, 98.00
   9 , k_3_0.15_7_felix_pca ,    9700  ,   200 (               |       --*    ),95.00, 97.00, 97.00, 98.00, 98.00
   9 , k_3_0.1_9_felix_2 ,    9700  ,   100 (               |       - *-   ),95.00, 96.00, 97.00, 97.00, 98.00
   9 , k_3_0.2_9_felix_2 ,    9700  ,   100 (               |        -* -  ),96.00, 97.00, 97.00, 98.00, 99.00
   9 , k_3_0.15_13_felix_rp ,    9700  ,   100 (               |        -* -  ),96.00, 97.00, 97.00, 98.00, 99.00
   9 , k_3_0.1_13_felix_2 ,    9700  ,   100 (               |       --* -  ),95.00, 97.00, 97.00, 98.00, 99.00
   9 , k_3_0.2_5_felix_rp ,    9700  ,   100 (               |        -* -  ),96.00, 97.00, 97.00, 98.00, 99.00
   9 , k_3_0.25_11_felix_pca ,    9700  ,   100 (               |         * -  ),97.00, 97.00, 97.00, 98.00, 99.00
   9 , k_3_0.01_9_felix_kd ,    9700  ,   200 (               |       - * -  ),95.00, 96.00, 97.00, 98.00, 99.00
   9 , k_3_0.2_11_felix_pca ,    9700  ,   200 (               |       - *    ),95.00, 96.00, 97.00, 98.00, 98.00
   9 , k_3_0.01_5_felix_kd ,    9700  ,   100 (               |        -* -  ),96.00, 97.00, 97.00, 98.00, 99.00
   9 , k_3_0.01_5_felix_rp ,    9700  ,   100 (               |       --*    ),95.00, 97.00, 97.00, 98.00, 98.00
   9 , k_3_0_7_felix_kd ,    9700  ,   200 (               |        -*    ),96.00, 97.00, 97.00, 98.00, 98.00
   9 , k_3_0.25_9_felix_rp ,    9700  ,   100 (               |       --*    ),95.00, 97.00, 97.00, 98.00, 98.00
   9 , k_3_0.15_7_felix_rp ,    9700  ,   200 (               |        -* -  ),96.00, 97.00, 97.00, 98.00, 99.00
   9 , k_3_0.25_5_felix_pca ,    9700  ,   200 (               |         *-   ),96.00, 96.00, 97.00, 97.00, 98.00
   9 , k_3_0.2_11_felix_rp ,    9700  ,   200 (               |         *    ),96.00, 96.00, 97.00, 98.00, 98.00
   9 , k_3_0.15_11_felix_spectral ,    9700  ,   100 (               |       - *-   ),95.00, 96.00, 97.00, 97.00, 98.00
   9 , k_3_0.2_7_felix_pca ,    9700  ,   100 (               |       --* -  ),95.00, 97.00, 97.00, 98.00, 99.00
   9 , k_3_0.05_11_felix_rp ,    9700  ,   200 (               |       --* -  ),95.00, 97.00, 97.00, 98.00, 99.00
   9 , k_3_0.1_11_felix_kd ,    9700  ,   100 (               |        -*    ),96.00, 97.00, 97.00, 98.00, 98.00
   9 , k_3_0.1_5_felix_kd ,    9700  ,   100 (               |        -*    ),96.00, 97.00, 97.00, 98.00, 98.00
   9 , k_3_0.01_7_felix_rp ,    9700  ,   200 (               |        -* -  ),96.00, 97.00, 97.00, 98.00, 99.00
   9 , k_3_0.05_11_felix_kd ,    9700  ,   200 (               |        -* -  ),96.00, 97.00, 97.00, 98.00, 99.00
   9 , k_3_0.15_13_felix_pca ,    9700  ,   100 (               |        -* -  ),96.00, 97.00, 97.00, 98.00, 99.00
   9 , k_3_0.1_13_felix_rp ,    9700  ,   100 (               |         *    ),97.00, 97.00, 97.00, 98.00, 98.00
   9 , k_3_0.25_5_felix_where ,    9700  ,   200 (               |       - *-   ),95.00, 96.00, 97.00, 97.00, 98.00
   9 , k_3_0.01_13_felix_2 ,    9700  ,   200 (               |     --- *    ),94.00, 96.00, 97.00, 98.00, 98.00
   9 , k_3_0.05_9_felix_random ,    9700  ,   200 (               |     --- *-   ),94.00, 96.00, 97.00, 97.00, 98.00
   9 , k_3_0.05_9_felix_2 ,    9700  ,   100 (               |       - *-   ),95.00, 96.00, 97.00, 97.00, 98.00
   9 , k_3_0.15_11_felix_2 ,    9700  ,   200 (               |       - * -  ),95.00, 96.00, 97.00, 98.00, 99.00
   9 , k_3_0.1_7_felix_pca ,    9700  ,   100 (               |        -* -  ),96.00, 97.00, 97.00, 98.00, 99.00
   9 , k_3_0.2_9_felix_pca ,    9700  ,   200 (               |       - *    ),95.00, 96.00, 97.00, 98.00, 98.00
   9 , k_3_0.15_13_felix_2 ,    9700  ,   100 (               |        -* -  ),96.00, 97.00, 97.00, 98.00, 99.00
   9 , k_3_0.15_5_felix_random ,    9700  ,   100 (               |       - *-   ),95.00, 96.00, 97.00, 97.00, 98.00
   9 , k_3_0.01_7_felix_kd ,    9700  ,   200 (               |       - * -  ),95.00, 96.00, 97.00, 98.00, 99.00
   9 , k_3_0.15_9_felix_pca ,    9700  ,   200 (               |       - *-   ),95.00, 96.00, 97.00, 97.00, 98.00
   9 , k_3_0.25_13_felix_2 ,    9700  ,   100 (               |       --* -  ),95.00, 97.00, 97.00, 98.00, 99.00
   9 , k_3_0.2_13_felix_random ,    9700  ,   100 (               |     --- *    ),94.00, 96.00, 97.00, 97.00, 97.00
   9 , k_3_0.2_5_felix_random ,    9700  ,   100 (               |       - *-   ),95.00, 96.00, 97.00, 97.00, 98.00
   9 , k_3_0.25_13_felix_pca ,    9700  ,   200 (               |       - *--  ),95.00, 96.00, 97.00, 97.00, 99.00
   9 , k_3_0.05_7_felix_pca ,    9700  ,   200 (               |       - *    ),95.00, 96.00, 97.00, 98.00, 98.00
   9 , k_3_0_5_felix_2 ,    9700  ,   300 (               |        -* -  ),96.00, 97.00, 97.00, 98.00, 99.00
   9 , k_3_0.15_11_felix_random ,    9700  ,   200 (               |       - *-   ),95.00, 96.00, 97.00, 97.00, 98.00
   9 , k_3_0.2_9_felix_rp ,    9700  ,   200 (               |         *    ),96.00, 96.00, 97.00, 98.00, 98.00
   9 , k_3_0.01_13_felix_rp ,    9700  ,   200 (               |       - *-   ),95.00, 96.00, 97.00, 97.00, 98.00
   9 , k_3_0.15_7_felix_kd ,    9700  ,   200 (               |       - * -  ),95.00, 96.00, 97.00, 98.00, 99.00
   9 , k_3_0.25_9_felix_random ,    9700  ,   100 (               |       - *    ),95.00, 96.00, 97.00, 97.00, 97.00
   9 , k_3_0.15_5_felix_2 ,    9700  ,   100 (               |       --* -  ),95.00, 97.00, 97.00, 98.00, 99.00
   9 , k_3_0.01_5_felix_2 ,    9700  ,   200 (               |       - * -  ),95.00, 96.00, 97.00, 98.00, 99.00
   9 , k_3_0.01_9_felix_rp ,    9700  ,   200 (               |         *    ),96.00, 96.00, 97.00, 98.00, 98.00
   9 , k_3_0.1_9_felix_kd ,    9700  ,   100 (               |        -* -  ),96.00, 97.00, 97.00, 98.00, 99.00
   9 , k_3_0.1_11_felix_rp ,    9700  ,   100 (               |       --* -  ),95.00, 97.00, 97.00, 98.00, 99.00
   9 , k_3_0.2_5_felix_pca ,    9700  ,   100 (               |        -* -  ),96.00, 97.00, 97.00, 98.00, 99.00
   9 , k_3_0.25_11_felix_random ,    9700  ,   100 (               |        -*    ),96.00, 97.00, 97.00, 98.00, 98.00
   9 , k_3_0.25_11_felix_where ,    9700  ,   200 (               |       - *    ),95.00, 96.00, 97.00, 98.00, 98.00
   9 , k_3_0.1_5_felix_2 ,    9700  ,   200 (               |     --- *-   ),94.00, 96.00, 97.00, 97.00, 98.00
   9 , k_3_0.15_11_felix_pca ,    9700  ,   200 (               |        -*    ),96.00, 97.00, 97.00, 98.00, 98.00
   9 , k_3_0.05_11_felix_2 ,    9700  ,   100 (               |       - *--  ),95.00, 96.00, 97.00, 97.00, 99.00
   9 , k_3_0.1_11_felix_2 ,    9700  ,   200 (               |         *    ),96.00, 96.00, 97.00, 98.00, 98.00
   9 , k_3_0.2_9_felix_random ,    9700  ,   200 (               |       - *--  ),95.00, 96.00, 97.00, 97.00, 99.00
   9 , k_3_0.1_13_felix_pca ,    9700  ,   200 (               |       - *    ),95.00, 96.00, 97.00, 98.00, 98.00
   9 , k_3_0.2_11_felix_random ,    9700  ,   200 (               |         *    ),96.00, 96.00, 97.00, 98.00, 98.00
   9 , k_3_0.05_9_felix_pca ,    9700  ,   200 (               |        -*    ),96.00, 97.00, 97.00, 98.00, 98.00
   9 , k_3_0.05_13_felix_kd ,    9700  ,   200 (               |         *    ),96.00, 96.00, 97.00, 98.00, 98.00
   9 , k_3_0.25_11_felix_2 ,    9700  ,   100 (               |        -*    ),96.00, 97.00, 97.00, 98.00, 98.00
  10 , k_3_0.2_13_felix_2 ,    9800  ,   100 (               |         --*  ),97.00, 98.00, 98.00, 99.00, 99.00
  10 , k_3_0.25_7_felix_rp ,    9800  ,   100 (               |        -  *  ),96.00, 97.00, 98.00, 98.00, 99.00
  10 , k_3_0.2_7_felix_kd ,    9800  ,   100 (               |        -  *  ),96.00, 97.00, 98.00, 98.00, 99.00
  10 , k_3_0_13_felix_rp ,    9800  ,   100 (               |       --  *  ),95.00, 97.00, 98.00, 98.00, 99.00
  10 , k_3_0.2_7_felix_2 ,    9800  ,   300 (               |           *  ),96.00, 96.00, 98.00, 98.00, 99.00
  10 , k_3_0.25_13_felix_random ,    9800  ,   300 (               |       --  *  ),95.00, 97.00, 98.00, 99.00, 99.00
  10 , k_3_0.1_9_felix_rp ,    9800  ,   100 (               |        -  *  ),96.00, 97.00, 98.00, 98.00, 99.00
  10 , k_3_0.25_5_felix_rp ,    9800  ,   100 (               |           *  ),97.00, 97.00, 98.00, 98.00, 99.00
  10 , k_3_0.25_7_felix_kd ,    9800  ,   200 (               |        -  *  ),96.00, 97.00, 98.00, 99.00, 99.00
  10 , k_3_0.25_13_felix_kd ,    9800  ,   100 (               |           *  ),97.00, 97.00, 98.00, 98.00, 99.00
  10 , k_3_0.15_5_felix_rp ,    9800  ,   100 (               |       --  *  ),95.00, 97.00, 98.00, 98.00, 99.00
  10 , k_3_0.25_11_felix_kd ,    9800  ,   100 (               |         --*  ),97.00, 98.00, 98.00, 98.00, 99.00
  10 , k_3_0.05_5_felix_kd ,    9800  ,   100 (               |        -  *  ),96.00, 97.00, 98.00, 98.00, 99.00
  10 , k_3_0.2_5_felix_kd ,    9800  ,   100 (               |       --  *  ),95.00, 97.00, 98.00, 98.00, 99.00
  10 , k_3_0.25_7_felix_pca ,    9800  ,   200 (               |        -  *  ),96.00, 97.00, 98.00, 99.00, 99.00
  10 , k_3_0.2_13_felix_rp ,    9800  ,   100 (               |         --*  ),97.00, 98.00, 98.00, 98.00, 99.00
  10 , k_3_0.2_5_felix_2 ,    9800  ,   200 (               |           *  ),96.00, 96.00, 98.00, 98.00, 99.00
  10 , k_3_0.25_5_felix_2 ,    9800  ,   100 (               |        -  *  ),96.00, 97.00, 98.00, 98.00, 99.00
  10 , k_3_0.05_11_felix_pca ,    9800  ,   100 (               |        -  *  ),96.00, 97.00, 98.00, 98.00, 99.00
  10 , k_3_0.2_13_felix_kd ,    9800  ,   100 (               |        -  *  ),96.00, 97.00, 98.00, 98.00, 98.00
  10 , k_3_0.25_9_felix_kd ,    9800  ,   100 (               |         --*  ),97.00, 98.00, 98.00, 99.00, 99.00
  10 , k_3_0_7_felix_pca ,    9800  ,     0 (               |         --*  ),97.00, 98.00, 98.00, 98.00, 99.00
  10 , k_3_0.25_11_felix_rp ,    9800  ,   200 (               |        -  *  ),96.00, 97.00, 98.00, 98.00, 99.00
  10 , k_3_0.15_9_felix_kd ,    9800  ,   100 (               |        -  *  ),96.00, 97.00, 98.00, 98.00, 99.00
  10 , k_3_0.05_7_felix_2 ,    9800  ,   100 (               |        -  *  ),96.00, 97.00, 98.00, 98.00, 99.00
  10 , k_3_0.1_13_felix_kd ,    9800  ,   200 (               |         --*  ),97.00, 98.00, 98.00, 99.00, 99.00
  10 , k_3_0.2_11_felix_2 ,    9800  ,   200 (               |           *- ),97.00, 97.00, 98.00, 99.00, 100.00
  10 , k_3_0.15_9_felix_rp ,    9800  ,   100 (               |        -  *  ),96.00, 97.00, 98.00, 98.00, 99.00
  11 , k_3_0.2_9_felix_kd ,    9900  ,   100 (               |         -- * ),97.00, 98.00, 99.00, 99.00, 100.00
