rank ,         name ,    med   ,  iqr 
----------------------------------------------------
   1 , k_3_0.25_5_felix_entropic ,    7800  ,   500 (  ---  * --    |              ),73.00, 76.00, 78.00, 80.00, 82.00
   1 , k_3_0.01_11_felix_entropic ,    7800  ,   500 (  ---  * --    |              ),73.00, 76.00, 78.00, 80.00, 82.00
   1 , k_3_0.1_9_felix_entropic ,    7800  ,   400 ( ----  *---    |              ),72.00, 76.00, 78.00, 79.00, 82.00
   2 , k_3_0.05_11_felix_entropic ,    7900  ,   300 (    --  *--    |              ),75.00, 77.00, 79.00, 80.00, 82.00
   2 , k_3_0.01_9_felix_entropic ,    7900  ,   600 (   ---  *  -   |              ),74.00, 77.00, 79.00, 82.00, 83.00
   2 , k_3_0.1_5_felix_entropic ,    7900  ,   300 (      - * --   |              ),77.00, 78.00, 79.00, 81.00, 83.00
   2 , k_3_0.15_7_felix_entropic ,    7900  ,   500 (    --  * ---  |              ),75.00, 77.00, 79.00, 81.00, 84.00
   2 , k_3_0_13_felix_entropic ,    7900  ,   500 ( -----  *---   |              ),72.00, 77.00, 79.00, 80.00, 83.00
   2 , k_3_0.01_13_felix_entropic ,    7900  ,   300 (      - * ---  |              ),77.00, 78.00, 79.00, 81.00, 84.00
   3 , k_3_0.15_11_felix_entropic ,    8000  ,   500 (      -- * --- |              ),77.00, 79.00, 80.00, 82.00, 85.00
   3 , k_3_0.15_13_felix_entropic ,    8000  ,   400 (      -- *  -  |              ),77.00, 79.00, 80.00, 83.00, 84.00
   3 , k_3_0.1_11_felix_entropic ,    8000  ,   400 (     --  *--   |              ),76.00, 78.00, 80.00, 81.00, 83.00
   3 , k_3_0.25_13_felix_entropic ,    8000  ,   400 (    ---- * --  |              ),75.00, 79.00, 80.00, 82.00, 84.00
   4 , k_3_0.2_11_felix_entropic ,    8100  ,   500 (       -- *  --|              ),78.00, 80.00, 81.00, 84.00, 87.00
   4 , k_3_0.05_9_felix_entropic ,    8100  ,   300 (     ---- * -- |              ),76.00, 80.00, 81.00, 83.00, 85.00
   4 , k_3_0.25_11_felix_entropic ,    8100  ,   500 (     --   * -  |              ),76.00, 78.00, 81.00, 83.00, 84.00
   4 , k_3_0.2_9_felix_entropic ,    8100  ,   300 (       -- * -  |              ),78.00, 80.00, 81.00, 83.00, 84.00
   4 , k_3_0.25_7_felix_entropic ,    8100  ,   300 (       -- * ---|              ),78.00, 80.00, 81.00, 83.00, 86.00
   4 , k_3_0.05_7_felix_entropic ,    8200  ,   300 (         - *---|              ),80.00, 81.00, 82.00, 83.00, 86.00
   4 , k_3_0.05_5_felix_entropic ,    8200  ,   500 (     ----  *---|              ),76.00, 80.00, 82.00, 83.00, 86.00
   4 , k_3_0.2_5_felix_entropic ,    8200  ,   300 (      ---  *-  |              ),77.00, 80.00, 82.00, 83.00, 84.00
   4 , k_3_0.01_5_felix_entropic ,    8200  ,   500 (       --  * - |              ),78.00, 80.00, 82.00, 84.00, 85.00
   4 , k_3_0.25_9_felix_entropic ,    8200  ,   400 (        -  *---|              ),79.00, 80.00, 82.00, 83.00, 86.00
   4 , k_3_0.15_5_felix_entropic ,    8200  ,   300 (      ---- *-- |              ),77.00, 81.00, 82.00, 83.00, 85.00
   4 , k_3_0.15_9_felix_entropic ,    8200  ,   400 (      --   *-- |              ),77.00, 79.00, 82.00, 83.00, 85.00
   4 , k_3_0_9_felix_entropic ,    8200  ,   500 (        -- *  -|              ),79.00, 81.00, 82.00, 85.00, 86.00
   4 , k_3_0_7_felix_entropic ,    8200  ,   500 (        -  *  -|-             ),79.00, 80.00, 82.00, 85.00, 88.00
   4 , k_3_0.1_13_felix_entropic ,    8200  ,   500 (      --   *-- |              ),77.00, 79.00, 82.00, 83.00, 85.00
   5 , k_3_0_5_felix_entropic ,    8300  ,   400 (       --   *--|              ),78.00, 80.00, 83.00, 84.00, 86.00
   5 , k_3_0_11_felix_entropic ,    8300  ,   300 (    ------  *  |              ),75.00, 81.00, 83.00, 83.00, 84.00
   5 , k_3_0.05_13_felix_entropic ,    8300  ,   400 (        --  * -|              ),79.00, 81.00, 83.00, 85.00, 87.00
   5 , k_3_0.1_7_felix_entropic ,    8300  ,   400 (        --  *--|              ),79.00, 81.00, 83.00, 84.00, 86.00
   5 , k_3_0.01_7_felix_entropic ,    8300  ,   400 (         -  *--|              ),80.00, 81.00, 83.00, 84.00, 87.00
   6 , k_3_0.2_7_felix_entropic ,    8400  ,   300 (        ---  *-|              ),79.00, 82.00, 84.00, 85.00, 86.00
   6 , k_3_0.2_13_felix_entropic ,    8400  ,   300 (         --- *-|              ),80.00, 83.00, 84.00, 85.00, 87.00
   7 , k_3_0.1_13_felix_where ,    9300  ,   200 (               |      *--     ),92.00, 92.00, 93.00, 94.00, 96.00
   8 , k_3_0.1_13_felix_spectral ,    9400  ,   300 (               |       *--    ),93.00, 93.00, 94.00, 95.00, 97.00
   8 , k_3_0_13_felix_spectral ,    9400  ,   400 (               |     - *-     ),92.00, 93.00, 94.00, 95.00, 96.00
   8 , k_3_0.1_5_felix_where ,    9400  ,   200 (               |     --* -    ),92.00, 94.00, 94.00, 96.00, 97.00
   8 , k_3_0_13_felix_random ,    9400  ,   200 (               |     --*--    ),92.00, 94.00, 94.00, 95.00, 97.00
   9 , k_3_0.25_5_felix_spectral ,    9500  ,   300 (               |     -- * -   ),92.00, 94.00, 95.00, 97.00, 98.00
   9 , k_3_0_11_felix_spectral ,    9500  ,   300 (               |     -- *-    ),92.00, 94.00, 95.00, 96.00, 97.00
   9 , k_3_0_7_felix_where ,    9500  ,   200 (               |     -- *-    ),92.00, 94.00, 95.00, 96.00, 97.00
   9 , k_3_0.1_5_felix_spectral ,    9500  ,   200 (               |     -- *-    ),92.00, 94.00, 95.00, 96.00, 97.00
   9 , k_3_0.1_11_felix_spectral ,    9500  ,   200 (               |     -- *-    ),92.00, 94.00, 95.00, 96.00, 97.00
   9 , k_3_0.1_11_felix_random ,    9500  ,   300 (               |        *-    ),93.00, 93.00, 95.00, 96.00, 97.00
   9 , k_3_0.15_5_felix_where ,    9500  ,   200 (               |      - *     ),93.00, 94.00, 95.00, 96.00, 96.00
   9 , k_3_0_5_felix_spectral ,    9500  ,   200 (               |      - *-    ),93.00, 94.00, 95.00, 96.00, 97.00
   9 , k_3_0.01_11_felix_where ,    9500  ,   300 (               |        *-    ),93.00, 93.00, 95.00, 96.00, 97.00
   9 , k_3_0.2_13_felix_spectral ,    9500  ,   200 (               |      - *     ),93.00, 94.00, 95.00, 96.00, 96.00
   9 , k_3_0_9_felix_where ,    9500  ,   200 (               |      - *     ),93.00, 94.00, 95.00, 96.00, 96.00
   9 , k_3_0_7_felix_spectral ,    9500  ,   300 (               |    --  *-    ),91.00, 93.00, 95.00, 96.00, 97.00
   9 , k_3_0_13_felix_where ,    9500  ,   200 (               |     -- *--   ),92.00, 94.00, 95.00, 96.00, 98.00
   9 , k_3_0.01_11_felix_random ,    9500  ,   200 (               |      - *--   ),93.00, 94.00, 95.00, 96.00, 98.00
   9 , k_3_0_5_felix_where ,    9500  ,   200 (               |     -- *-    ),92.00, 94.00, 95.00, 96.00, 97.00
   9 , k_3_0.05_13_felix_spectral ,    9500  ,   300 (               |      - *-    ),93.00, 94.00, 95.00, 96.00, 97.00
   9 , k_3_0.1_9_felix_spectral ,    9500  ,   200 (               |     -- *-    ),92.00, 94.00, 95.00, 96.00, 97.00
   9 , k_3_0.01_7_felix_where ,    9500  ,   300 (               |     -- *--   ),92.00, 94.00, 95.00, 96.00, 98.00
   9 , k_3_0.25_13_felix_spectral ,    9500  ,   200 (               |      - *     ),93.00, 94.00, 95.00, 96.00, 96.00
   9 , k_3_0.01_7_felix_spectral ,    9500  ,   300 (               |     -  *-    ),92.00, 93.00, 95.00, 96.00, 97.00
   9 , k_3_0_11_felix_where ,    9500  ,   100 (               |       -*     ),94.00, 95.00, 95.00, 96.00, 96.00
   9 , k_3_0.1_9_felix_random ,    9500  ,   300 (               |     -  *-    ),92.00, 93.00, 95.00, 96.00, 97.00
   9 , k_3_0_9_felix_spectral ,    9500  ,   200 (               |  ----- *--   ),89.00, 94.00, 95.00, 96.00, 98.00
   9 , k_3_0.01_5_felix_random ,    9500  ,   300 (               |      --* -   ),93.00, 95.00, 95.00, 97.00, 98.00
   9 , k_3_0.15_13_felix_spectral ,    9500  ,   200 (               |      --*-    ),93.00, 95.00, 95.00, 96.00, 97.00
   9 , k_3_0.01_9_felix_spectral ,    9500  ,   200 (               |    --- *--   ),91.00, 94.00, 95.00, 96.00, 98.00
   9 , k_3_0.01_5_felix_spectral ,    9500  ,   200 (               |     -- *--   ),92.00, 94.00, 95.00, 96.00, 98.00
   9 , k_3_0.15_13_felix_where ,    9500  ,   200 (               |      - *-    ),93.00, 94.00, 95.00, 96.00, 97.00
  10 , k_3_0.15_5_felix_spectral ,    9600  ,   400 (               |     --- *    ),92.00, 95.00, 96.00, 98.00, 98.00
  10 , k_3_0.25_5_felix_random ,    9600  ,   200 (               |       - *-   ),94.00, 95.00, 96.00, 97.00, 98.00
  10 , k_3_0.2_7_felix_random ,    9600  ,   200 (               |       --*-   ),94.00, 96.00, 96.00, 97.00, 98.00
  10 , k_3_0_9_felix_random ,    9600  ,   300 (               |      -  *-   ),93.00, 94.00, 96.00, 97.00, 98.00
  10 , k_3_0.05_5_felix_rp ,    9600  ,   200 (               |        -*-   ),95.00, 96.00, 96.00, 97.00, 98.00
  10 , k_3_0.2_11_felix_where ,    9600  ,   200 (               |      -- *    ),93.00, 95.00, 96.00, 97.00, 97.00
  10 , k_3_0.01_13_felix_pca ,    9600  ,   200 (               |       - *    ),94.00, 95.00, 96.00, 97.00, 97.00
  10 , k_3_0.01_9_felix_where ,    9600  ,   300 (               |     --- *-   ),92.00, 95.00, 96.00, 97.00, 98.00
  10 , k_3_0.05_7_felix_spectral ,    9600  ,   200 (               |      -- *-   ),93.00, 95.00, 96.00, 96.00, 98.00
  10 , k_3_0.1_7_felix_random ,    9600  ,   200 (               |       - *-   ),94.00, 95.00, 96.00, 97.00, 98.00
  10 , k_3_0.1_7_felix_spectral ,    9600  ,   100 (               |     --- *-   ),92.00, 95.00, 96.00, 96.00, 98.00
  10 , k_3_0.01_7_felix_pca ,    9600  ,   200 (               |      -- *-   ),93.00, 95.00, 96.00, 97.00, 98.00
  10 , k_3_0.05_11_felix_spectral ,    9600  ,   200 (               |       - *-   ),94.00, 95.00, 96.00, 97.00, 98.00
  10 , k_3_0.05_5_felix_2 ,    9600  ,   300 (               |         *-   ),94.00, 94.00, 96.00, 97.00, 98.00
  10 , k_3_0.1_9_felix_pca ,    9600  ,   300 (               |      -  *-   ),93.00, 94.00, 96.00, 96.00, 98.00
  10 , k_3_0.05_7_felix_where ,    9600  ,   300 (               |     --  *    ),92.00, 94.00, 96.00, 96.00, 97.00
  10 , k_3_0_9_felix_2 ,    9600  ,   100 (               |       --*-   ),94.00, 96.00, 96.00, 97.00, 98.00
  10 , k_3_0.05_9_felix_spectral ,    9600  ,   200 (               |      -- *-   ),93.00, 95.00, 96.00, 97.00, 98.00
  10 , k_3_0.15_9_felix_random ,    9600  ,   200 (               |      -- *-   ),93.00, 95.00, 96.00, 97.00, 98.00
  10 , k_3_0.25_7_felix_where ,    9600  ,   100 (               |       - *-   ),94.00, 95.00, 96.00, 96.00, 98.00
  10 , k_3_0.15_9_felix_spectral ,    9600  ,   100 (               |       --*-   ),94.00, 96.00, 96.00, 97.00, 98.00
  10 , k_3_0_9_felix_pca ,    9600  ,   300 (               |       - *-   ),94.00, 95.00, 96.00, 97.00, 98.00
  10 , k_3_0.2_9_felix_spectral ,    9600  ,   200 (               |         *    ),95.00, 95.00, 96.00, 97.00, 97.00
  10 , k_3_0_5_felix_rp ,    9600  ,   100 (               |        -*-   ),95.00, 96.00, 96.00, 97.00, 98.00
  10 , k_3_0.15_9_felix_where ,    9600  ,   300 (               |     --  *-   ),92.00, 94.00, 96.00, 97.00, 98.00
  10 , k_3_0.1_13_felix_random ,    9600  ,   300 (               |         *-   ),94.00, 94.00, 96.00, 96.00, 98.00
  10 , k_3_0.01_7_felix_random ,    9600  ,   100 (               |     --- *    ),92.00, 95.00, 96.00, 96.00, 97.00
  10 , k_3_0.2_11_felix_spectral ,    9600  ,   200 (               |       - *-   ),94.00, 95.00, 96.00, 97.00, 98.00
  10 , k_3_0.01_5_felix_pca ,    9600  ,   200 (               |       - *-   ),94.00, 95.00, 96.00, 97.00, 98.00
  10 , k_3_0.01_7_felix_2 ,    9600  ,   300 (               |      -  *    ),93.00, 94.00, 96.00, 97.00, 97.00
  10 , k_3_0.05_11_felix_random ,    9600  ,   300 (               |       - *    ),94.00, 95.00, 96.00, 98.00, 98.00
  10 , k_3_0.1_5_felix_random ,    9600  ,   200 (               |       - *    ),94.00, 95.00, 96.00, 96.00, 97.00
  10 , k_3_0.01_5_felix_where ,    9600  ,   200 (               |     --- *    ),92.00, 95.00, 96.00, 96.00, 97.00
  10 , k_3_0.05_11_felix_where ,    9600  ,   100 (               |        -*-   ),95.00, 96.00, 96.00, 97.00, 98.00
  10 , k_3_0.2_5_felix_spectral ,    9600  ,   200 (               |       --*    ),94.00, 96.00, 96.00, 97.00, 97.00
  10 , k_3_0_11_felix_random ,    9600  ,   200 (               |      -- *-   ),93.00, 95.00, 96.00, 97.00, 98.00
  10 , k_3_0.05_5_felix_random ,    9600  ,   300 (               |      -- *-   ),93.00, 95.00, 96.00, 97.00, 98.00
  10 , k_3_0.25_11_felix_spectral ,    9600  ,   200 (               |      -- *-   ),93.00, 95.00, 96.00, 97.00, 98.00
  10 , k_3_0.05_9_felix_where ,    9600  ,   300 (               |       - *-   ),94.00, 95.00, 96.00, 97.00, 98.00
  10 , k_3_0.25_9_felix_spectral ,    9600  ,   200 (               |       - *    ),94.00, 95.00, 96.00, 97.00, 97.00
  10 , k_3_0.1_11_felix_where ,    9600  ,   300 (               |     --  *    ),92.00, 94.00, 96.00, 96.00, 97.00
  10 , k_3_0.01_13_felix_where ,    9600  ,   200 (               |      -  *    ),93.00, 94.00, 96.00, 96.00, 97.00
  10 , k_3_0.15_11_felix_spectral ,    9600  ,   100 (               |       --*-   ),94.00, 96.00, 96.00, 97.00, 98.00
  10 , k_3_0.1_5_felix_rp ,    9600  ,   100 (               |        -*-   ),95.00, 96.00, 96.00, 97.00, 98.00
  10 , k_3_0.05_13_felix_where ,    9600  ,   200 (               |     --  *-   ),92.00, 94.00, 96.00, 96.00, 98.00
  10 , k_3_0.1_9_felix_where ,    9600  ,   200 (               |       - *    ),94.00, 95.00, 96.00, 96.00, 97.00
  10 , k_3_0.01_11_felix_pca ,    9600  ,   200 (               |         *-   ),95.00, 95.00, 96.00, 97.00, 98.00
  10 , k_3_0_11_felix_pca ,    9600  ,   300 (               |       --*-   ),94.00, 96.00, 96.00, 97.00, 98.00
  10 , k_3_0.15_13_felix_random ,    9600  ,   200 (               |       - *-   ),94.00, 95.00, 96.00, 97.00, 98.00
  10 , k_3_0.05_9_felix_2 ,    9600  ,   100 (               |       --*-   ),94.00, 96.00, 96.00, 97.00, 98.00
  10 , k_3_0_5_felix_random ,    9600  ,   300 (               |     --  *    ),92.00, 94.00, 96.00, 96.00, 97.00
  10 , k_3_0.05_5_felix_where ,    9600  ,   100 (               |      ---*-   ),93.00, 96.00, 96.00, 97.00, 98.00
  10 , k_3_0.01_9_felix_random ,    9600  ,   200 (               |      -- *    ),93.00, 95.00, 96.00, 97.00, 97.00
  10 , k_3_0.1_7_felix_2 ,    9600  ,   100 (               |        -*-   ),95.00, 96.00, 96.00, 97.00, 98.00
  10 , k_3_0.2_5_felix_where ,    9600  ,   300 (               |       - *-   ),94.00, 95.00, 96.00, 96.00, 98.00
  10 , k_3_0.05_7_felix_random ,    9600  ,   200 (               |        -*    ),95.00, 96.00, 96.00, 98.00, 98.00
  10 , k_3_0.25_9_felix_where ,    9600  ,   200 (               |       --*-   ),94.00, 96.00, 96.00, 97.00, 98.00
  10 , k_3_0.1_11_felix_pca ,    9600  ,   200 (               |        -*-   ),95.00, 96.00, 96.00, 97.00, 98.00
  10 , k_3_0.05_13_felix_2 ,    9600  ,   100 (               |       --*-   ),94.00, 96.00, 96.00, 97.00, 98.00
  10 , k_3_0.2_11_felix_kd ,    9600  ,   100 (               |        -*-   ),95.00, 96.00, 96.00, 97.00, 98.00
  10 , k_3_0.2_13_felix_random ,    9600  ,   200 (               |      ---*    ),93.00, 96.00, 96.00, 97.00, 97.00
  10 , k_3_0.2_5_felix_random ,    9600  ,   100 (               |        -*-   ),95.00, 96.00, 96.00, 97.00, 98.00
  10 , k_3_0.05_5_felix_spectral ,    9600  ,   200 (               |       - *-   ),94.00, 95.00, 96.00, 96.00, 98.00
  10 , k_3_0.25_13_felix_pca ,    9600  ,   200 (               |        -*-   ),95.00, 96.00, 96.00, 97.00, 98.00
  10 , k_3_0.15_7_felix_spectral ,    9600  ,   300 (               |      -  *-   ),93.00, 94.00, 96.00, 97.00, 98.00
  10 , k_3_0.05_13_felix_pca ,    9600  ,   200 (               |       --*-   ),94.00, 96.00, 96.00, 97.00, 98.00
  10 , k_3_0.2_7_felix_spectral ,    9600  ,   200 (               |         *    ),95.00, 95.00, 96.00, 96.00, 97.00
  10 , k_3_0.25_9_felix_random ,    9600  ,   100 (               |        -*    ),95.00, 96.00, 96.00, 97.00, 97.00
  10 , k_3_0.25_7_felix_spectral ,    9600  ,   300 (               |      -- *-   ),93.00, 95.00, 96.00, 96.00, 98.00
  10 , k_3_0.01_5_felix_2 ,    9600  ,   200 (               |        -*    ),95.00, 96.00, 96.00, 98.00, 98.00
  10 , k_3_0.01_13_felix_kd ,    9600  ,   100 (               |        -*-   ),95.00, 96.00, 96.00, 97.00, 98.00
  10 , k_3_0.25_7_felix_random ,    9600  ,   100 (               |        -*-   ),95.00, 96.00, 96.00, 97.00, 98.00
  10 , k_3_0.01_11_felix_2 ,    9600  ,   300 (               |      -- *-   ),93.00, 95.00, 96.00, 97.00, 98.00
  10 , k_3_0_7_felix_random ,    9600  ,   200 (               |       - *-   ),94.00, 95.00, 96.00, 97.00, 98.00
  10 , k_3_0.1_5_felix_2 ,    9600  ,   200 (               |       - *-   ),94.00, 95.00, 96.00, 97.00, 98.00
  10 , k_3_0.15_11_felix_where ,    9600  ,   200 (               |      -- *-   ),93.00, 95.00, 96.00, 97.00, 98.00
  10 , k_3_0.1_11_felix_2 ,    9600  ,   200 (               |         *    ),96.00, 96.00, 96.00, 98.00, 98.00
  10 , k_3_0.01_11_felix_spectral ,    9600  ,   200 (               |       - *-   ),94.00, 95.00, 96.00, 96.00, 98.00
  10 , k_3_0.01_9_felix_2 ,    9600  ,   100 (               |       --*-   ),94.00, 96.00, 96.00, 97.00, 98.00
  10 , k_3_0.1_7_felix_where ,    9600  ,   200 (               |         *-   ),94.00, 94.00, 96.00, 96.00, 98.00
  10 , k_3_0.01_9_felix_pca ,    9600  ,   100 (               |       --*-   ),94.00, 96.00, 96.00, 97.00, 98.00
  10 , k_3_0.01_13_felix_spectral ,    9600  ,   100 (               |     --- *-   ),92.00, 95.00, 96.00, 96.00, 98.00
  10 , k_3_0.2_9_felix_where ,    9600  ,   300 (               |      -  *-   ),93.00, 94.00, 96.00, 97.00, 98.00
  10 , k_3_0.15_7_felix_random ,    9600  ,   300 (               |      -- *-   ),93.00, 95.00, 96.00, 97.00, 98.00
  10 , k_3_0.15_7_felix_where ,    9600  ,   200 (               |       - *-   ),94.00, 95.00, 96.00, 97.00, 98.00
  11 , k_3_0.05_5_felix_pca ,    9700  ,   200 (               |        --*   ),95.00, 97.00, 97.00, 98.00, 98.00
  11 , k_3_0.25_13_felix_rp ,    9700  ,   200 (               |        - *   ),95.00, 96.00, 97.00, 98.00, 98.00
  11 , k_3_0_9_felix_rp ,    9700  ,   300 (               |       -- *   ),94.00, 96.00, 97.00, 98.00, 98.00
  11 , k_3_0.2_13_felix_pca ,    9700  ,   200 (               |        --*   ),95.00, 97.00, 97.00, 97.00, 98.00
  11 , k_3_0_7_felix_2 ,    9700  ,   100 (               |        - *   ),95.00, 96.00, 97.00, 97.00, 98.00
  11 , k_3_0.2_7_felix_rp ,    9700  ,   200 (               |       -- *   ),94.00, 96.00, 97.00, 97.00, 98.00
  11 , k_3_0.15_11_felix_kd ,    9700  ,   100 (               |         -*   ),96.00, 97.00, 97.00, 98.00, 98.00
  11 , k_3_0.15_11_felix_rp ,    9700  ,   200 (               |        - *   ),95.00, 96.00, 97.00, 98.00, 98.00
  11 , k_3_0.2_7_felix_where ,    9700  ,   300 (               |        - *   ),95.00, 96.00, 97.00, 98.00, 98.00
  11 , k_3_0.05_13_felix_random ,    9700  ,   200 (               |       -- *   ),94.00, 96.00, 97.00, 98.00, 98.00
  11 , k_3_0_13_felix_pca ,    9700  ,   200 (               |       ---*   ),94.00, 97.00, 97.00, 98.00, 98.00
  11 , k_3_0.15_5_felix_kd ,    9700  ,   200 (               |          *   ),96.00, 96.00, 97.00, 97.00, 98.00
  11 , k_3_0_11_felix_rp ,    9700  ,   200 (               |        - *   ),95.00, 96.00, 97.00, 98.00, 98.00
  11 , k_3_0.15_9_felix_2 ,    9700  ,   100 (               |         -*   ),96.00, 97.00, 97.00, 98.00, 98.00
  11 , k_3_0_13_felix_kd ,    9700  ,   100 (               |        - *   ),95.00, 96.00, 97.00, 97.00, 98.00
  11 , k_3_0.15_5_felix_pca ,    9700  ,   100 (               |        --*   ),95.00, 97.00, 97.00, 98.00, 98.00
  11 , k_3_0_11_felix_kd ,    9700  ,   200 (               |          *   ),96.00, 96.00, 97.00, 98.00, 98.00
  11 , k_3_0.25_5_felix_kd ,    9700  ,   100 (               |          *   ),96.00, 96.00, 97.00, 97.00, 98.00
  11 , k_3_0_5_felix_pca ,    9700  ,   100 (               |        - *   ),95.00, 96.00, 97.00, 97.00, 98.00
  11 , k_3_0_5_felix_kd ,    9700  ,   100 (               |          *   ),97.00, 97.00, 97.00, 98.00, 98.00
  11 , k_3_0.1_7_felix_rp ,    9700  ,   200 (               |         -*   ),96.00, 97.00, 97.00, 98.00, 98.00
  11 , k_3_0.05_13_felix_rp ,    9700  ,   100 (               |         -*   ),96.00, 97.00, 97.00, 98.00, 98.00
  11 , k_3_0.05_7_felix_rp ,    9700  ,   100 (               |         -*   ),96.00, 97.00, 97.00, 98.00, 98.00
  11 , k_3_0_9_felix_kd ,    9700  ,   100 (               |         -*   ),96.00, 97.00, 97.00, 98.00, 98.00
  11 , k_3_0.01_11_felix_kd ,    9700  ,   200 (               |        - *   ),95.00, 96.00, 97.00, 98.00, 98.00
  11 , k_3_0.05_9_felix_kd ,    9700  ,   200 (               |        --*   ),95.00, 97.00, 97.00, 98.00, 98.00
  11 , k_3_0.05_9_felix_rp ,    9700  ,   200 (               |          *   ),96.00, 96.00, 97.00, 98.00, 98.00
  11 , k_3_0.05_7_felix_kd ,    9700  ,   100 (               |        - *   ),95.00, 96.00, 97.00, 97.00, 98.00
  11 , k_3_0.25_7_felix_2 ,    9700  ,   200 (               |         -*   ),96.00, 97.00, 97.00, 98.00, 98.00
  11 , k_3_0_13_felix_2 ,    9700  ,   200 (               |        - *   ),95.00, 96.00, 97.00, 98.00, 98.00
  11 , k_3_0.25_9_felix_pca ,    9700  ,     0 (               |        --*   ),95.00, 97.00, 97.00, 97.00, 98.00
  11 , k_3_0.25_13_felix_where ,    9700  ,   200 (               |       -- *   ),94.00, 96.00, 97.00, 98.00, 98.00
  11 , k_3_0.1_7_felix_kd ,    9700  ,   100 (               |         -*   ),96.00, 97.00, 97.00, 98.00, 98.00
  11 , k_3_0.01_11_felix_rp ,    9700  ,   200 (               |        - *   ),95.00, 96.00, 97.00, 98.00, 98.00
  11 , k_3_0.2_13_felix_where ,    9700  ,   200 (               |       -- *   ),94.00, 96.00, 97.00, 97.00, 97.00
  11 , k_3_0.15_13_felix_kd ,    9700  ,   200 (               |        --*   ),95.00, 97.00, 97.00, 98.00, 98.00
  11 , k_3_0_7_felix_rp ,    9700  ,   200 (               |        - *   ),95.00, 96.00, 97.00, 97.00, 98.00
  11 , k_3_0.15_7_felix_pca ,    9700  ,   200 (               |       ---*   ),94.00, 97.00, 97.00, 98.00, 98.00
  11 , k_3_0.1_9_felix_2 ,    9700  ,   100 (               |       -- *   ),94.00, 96.00, 97.00, 97.00, 98.00
  11 , k_3_0.2_9_felix_2 ,    9700  ,   100 (               |        --*   ),95.00, 97.00, 97.00, 98.00, 98.00
  11 , k_3_0.15_13_felix_rp ,    9700  ,   100 (               |         -*   ),96.00, 97.00, 97.00, 98.00, 98.00
  11 , k_3_0.1_13_felix_2 ,    9700  ,   100 (               |        --*   ),95.00, 97.00, 97.00, 98.00, 98.00
  11 , k_3_0.2_5_felix_rp ,    9700  ,   100 (               |         -*   ),96.00, 97.00, 97.00, 98.00, 98.00
  11 , k_3_0.25_11_felix_pca ,    9700  ,   100 (               |          *   ),97.00, 97.00, 97.00, 98.00, 98.00
  11 , k_3_0.01_9_felix_kd ,    9700  ,   100 (               |        --*   ),95.00, 97.00, 97.00, 98.00, 98.00
  11 , k_3_0.2_11_felix_pca ,    9700  ,   200 (               |        - *   ),95.00, 96.00, 97.00, 98.00, 98.00
  11 , k_3_0.01_5_felix_kd ,    9700  ,   100 (               |         -*   ),96.00, 97.00, 97.00, 98.00, 98.00
  11 , k_3_0_11_felix_2 ,    9700  ,   100 (               |       -- *   ),94.00, 96.00, 97.00, 97.00, 98.00
  11 , k_3_0.01_5_felix_rp ,    9700  ,   100 (               |        --*   ),95.00, 97.00, 97.00, 98.00, 98.00
  11 , k_3_0_7_felix_kd ,    9700  ,   200 (               |         -*   ),96.00, 97.00, 97.00, 98.00, 98.00
  11 , k_3_0.25_9_felix_rp ,    9700  ,   100 (               |        --*   ),95.00, 97.00, 97.00, 98.00, 98.00
  11 , k_3_0.15_7_felix_rp ,    9700  ,   200 (               |         -*   ),96.00, 97.00, 97.00, 98.00, 98.00
  11 , k_3_0.25_5_felix_pca ,    9700  ,   200 (               |         -*   ),96.00, 97.00, 97.00, 97.00, 98.00
  11 , k_3_0.2_11_felix_rp ,    9700  ,   200 (               |          *   ),96.00, 96.00, 97.00, 98.00, 98.00
  11 , k_3_0.01_13_felix_random ,    9700  ,   100 (               |       -- *   ),94.00, 96.00, 97.00, 97.00, 98.00
  11 , k_3_0.2_7_felix_pca ,    9700  ,   100 (               |        --*   ),95.00, 97.00, 97.00, 98.00, 98.00
  11 , k_3_0.05_11_felix_rp ,    9700  ,   200 (               |       -- *   ),94.00, 96.00, 97.00, 98.00, 98.00
  11 , k_3_0.1_11_felix_kd ,    9700  ,   200 (               |         -*   ),96.00, 97.00, 97.00, 98.00, 98.00
  11 , k_3_0.1_5_felix_kd ,    9700  ,   100 (               |         -*   ),96.00, 97.00, 97.00, 98.00, 98.00
  11 , k_3_0.01_7_felix_rp ,    9700  ,   200 (               |          *   ),96.00, 96.00, 97.00, 98.00, 98.00
  11 , k_3_0.05_11_felix_kd ,    9700  ,   200 (               |         -*   ),96.00, 97.00, 97.00, 98.00, 98.00
  11 , k_3_0.15_13_felix_pca ,    9700  ,   100 (               |         -*   ),96.00, 97.00, 97.00, 98.00, 98.00
  11 , k_3_0.1_13_felix_rp ,    9700  ,   100 (               |         -*   ),96.00, 97.00, 97.00, 98.00, 98.00
  11 , k_3_0.25_5_felix_where ,    9700  ,   200 (               |       -- *   ),94.00, 96.00, 97.00, 97.00, 98.00
  11 , k_3_0.01_13_felix_2 ,    9700  ,   200 (               |       -- *   ),94.00, 96.00, 97.00, 98.00, 98.00
  11 , k_3_0.05_9_felix_random ,    9700  ,   200 (               |      --- *   ),93.00, 96.00, 97.00, 97.00, 98.00
  11 , k_3_0.15_11_felix_2 ,    9700  ,   200 (               |        - *   ),95.00, 96.00, 97.00, 98.00, 98.00
  11 , k_3_0.1_7_felix_pca ,    9700  ,   100 (               |         -*   ),96.00, 97.00, 97.00, 98.00, 98.00
  11 , k_3_0.2_9_felix_pca ,    9700  ,   200 (               |       ---*   ),94.00, 97.00, 97.00, 98.00, 98.00
  11 , k_3_0.15_13_felix_2 ,    9700  ,   100 (               |         -*   ),96.00, 97.00, 97.00, 98.00, 98.00
  11 , k_3_0.15_5_felix_random ,    9700  ,   100 (               |        - *   ),95.00, 96.00, 97.00, 97.00, 98.00
  11 , k_3_0.01_7_felix_kd ,    9700  ,   200 (               |        - *   ),95.00, 96.00, 97.00, 98.00, 98.00
  11 , k_3_0.15_9_felix_pca ,    9700  ,   200 (               |        - *   ),95.00, 96.00, 97.00, 97.00, 98.00
  11 , k_3_0.25_13_felix_2 ,    9700  ,   100 (               |        --*   ),95.00, 97.00, 97.00, 98.00, 98.00
  11 , k_3_0.05_7_felix_pca ,    9700  ,   200 (               |        - *   ),95.00, 96.00, 97.00, 98.00, 98.00
  11 , k_3_0_5_felix_2 ,    9700  ,   100 (               |         -*   ),96.00, 97.00, 97.00, 98.00, 98.00
  11 , k_3_0.15_11_felix_random ,    9700  ,   200 (               |       -- *   ),94.00, 96.00, 97.00, 97.00, 98.00
  11 , k_3_0.1_5_felix_pca ,    9700  ,   100 (               |        - *   ),95.00, 96.00, 97.00, 97.00, 98.00
  11 , k_3_0.2_9_felix_rp ,    9700  ,   200 (               |          *   ),96.00, 96.00, 97.00, 98.00, 98.00
  11 , k_3_0.01_13_felix_rp ,    9700  ,   200 (               |        - *   ),95.00, 96.00, 97.00, 97.00, 98.00
  11 , k_3_0.25_9_felix_2 ,    9700  ,   100 (               |        - *   ),95.00, 96.00, 97.00, 97.00, 98.00
  11 , k_3_0.15_7_felix_kd ,    9700  ,   200 (               |        --*   ),95.00, 97.00, 97.00, 98.00, 98.00
  11 , k_3_0.15_5_felix_2 ,    9700  ,   200 (               |        --*   ),95.00, 97.00, 97.00, 98.00, 98.00
  11 , k_3_0.01_9_felix_rp ,    9700  ,   200 (               |          *   ),96.00, 96.00, 97.00, 98.00, 98.00
  11 , k_3_0.1_9_felix_kd ,    9700  ,   100 (               |         -*   ),96.00, 97.00, 97.00, 98.00, 98.00
  11 , k_3_0.1_11_felix_rp ,    9700  ,   200 (               |        - *   ),95.00, 96.00, 97.00, 98.00, 98.00
  11 , k_3_0.2_5_felix_pca ,    9700  ,   100 (               |         -*   ),96.00, 97.00, 97.00, 98.00, 98.00
  11 , k_3_0.25_11_felix_random ,    9700  ,   200 (               |          *   ),96.00, 96.00, 97.00, 98.00, 98.00
  11 , k_3_0.25_11_felix_where ,    9700  ,   200 (               |        - *   ),95.00, 96.00, 97.00, 98.00, 98.00
  11 , k_3_0.15_11_felix_pca ,    9700  ,   200 (               |          *   ),96.00, 96.00, 97.00, 98.00, 98.00
  11 , k_3_0.05_11_felix_2 ,    9700  ,   100 (               |        - *   ),95.00, 96.00, 97.00, 97.00, 98.00
  11 , k_3_0.2_9_felix_random ,    9700  ,   200 (               |        - *   ),95.00, 96.00, 97.00, 97.00, 98.00
  11 , k_3_0.1_13_felix_pca ,    9700  ,   100 (               |       ---*   ),94.00, 97.00, 97.00, 98.00, 98.00
  11 , k_3_0.2_11_felix_random ,    9700  ,   200 (               |          *   ),96.00, 96.00, 97.00, 98.00, 98.00
  11 , k_3_0.05_9_felix_pca ,    9700  ,   200 (               |          *   ),96.00, 96.00, 97.00, 98.00, 98.00
  11 , k_3_0.05_13_felix_kd ,    9700  ,   200 (               |        - *   ),95.00, 96.00, 97.00, 98.00, 98.00
  11 , k_3_0.15_7_felix_2 ,    9700  ,   100 (               |        - *   ),95.00, 96.00, 97.00, 97.00, 98.00
  11 , k_3_0.25_11_felix_2 ,    9700  ,   100 (               |         -*   ),96.00, 97.00, 97.00, 98.00, 98.00
  12 , k_3_0.2_13_felix_2 ,    9800  ,     0 (               |          -*  ),97.00, 98.00, 98.00, 98.00, 98.00
  12 , k_3_0.25_7_felix_rp ,    9800  ,   100 (               |         - *  ),96.00, 97.00, 98.00, 98.00, 98.00
  12 , k_3_0.2_7_felix_kd ,    9800  ,   100 (               |         - *  ),96.00, 97.00, 98.00, 98.00, 98.00
  12 , k_3_0.2_9_felix_kd ,    9800  ,     0 (               |          -*  ),97.00, 98.00, 98.00, 98.00, 99.00
  12 , k_3_0_13_felix_rp ,    9800  ,   200 (               |        -  *  ),95.00, 96.00, 98.00, 98.00, 98.00
  12 , k_3_0.2_7_felix_2 ,    9800  ,   100 (               |         - *  ),96.00, 97.00, 98.00, 98.00, 98.00
  12 , k_3_0.25_13_felix_random ,    9800  ,   200 (               |        -- *  ),95.00, 97.00, 98.00, 98.00, 98.00
  12 , k_3_0.1_9_felix_rp ,    9800  ,   100 (               |           *  ),97.00, 97.00, 98.00, 98.00, 98.00
  12 , k_3_0.25_5_felix_rp ,    9800  ,   100 (               |           *  ),97.00, 97.00, 98.00, 98.00, 98.00
  12 , k_3_0.25_7_felix_kd ,    9800  ,   100 (               |         - *  ),96.00, 97.00, 98.00, 98.00, 98.00
  12 , k_3_0.25_13_felix_kd ,    9800  ,   100 (               |           *  ),97.00, 97.00, 98.00, 98.00, 98.00
  12 , k_3_0.15_5_felix_rp ,    9800  ,   100 (               |        -- *  ),95.00, 97.00, 98.00, 98.00, 98.00
  12 , k_3_0.25_11_felix_kd ,    9800  ,   100 (               |          -*  ),97.00, 98.00, 98.00, 98.00, 98.00
  12 , k_3_0.05_5_felix_kd ,    9800  ,   100 (               |         - *  ),96.00, 97.00, 98.00, 98.00, 98.00
  12 , k_3_0.2_5_felix_kd ,    9800  ,   100 (               |        -- *  ),95.00, 97.00, 98.00, 98.00, 98.00
  12 , k_3_0.25_7_felix_pca ,    9800  ,   100 (               |           *  ),97.00, 97.00, 98.00, 98.00, 98.00
  12 , k_3_0.2_13_felix_rp ,    9800  ,     0 (               |          -*  ),97.00, 98.00, 98.00, 98.00, 98.00
  12 , k_3_0.2_5_felix_2 ,    9800  ,   200 (               |           *  ),96.00, 96.00, 98.00, 98.00, 98.00
  12 , k_3_0.25_5_felix_2 ,    9800  ,   100 (               |           *  ),97.00, 97.00, 98.00, 98.00, 98.00
  12 , k_3_0.05_11_felix_pca ,    9800  ,   100 (               |         - *  ),96.00, 97.00, 98.00, 98.00, 98.00
  12 , k_3_0.2_13_felix_kd ,    9800  ,   100 (               |         - *  ),96.00, 97.00, 98.00, 98.00, 98.00
  12 , k_3_0.25_9_felix_kd ,    9800  ,     0 (               |          -*  ),97.00, 98.00, 98.00, 98.00, 98.00
  12 , k_3_0_7_felix_pca ,    9800  ,     0 (               |          -*  ),97.00, 98.00, 98.00, 98.00, 98.00
  12 , k_3_0.25_11_felix_rp ,    9800  ,   100 (               |         - *  ),96.00, 97.00, 98.00, 98.00, 98.00
  12 , k_3_0.15_9_felix_kd ,    9800  ,   100 (               |           *  ),97.00, 97.00, 98.00, 98.00, 98.00
  12 , k_3_0.05_7_felix_2 ,    9800  ,   100 (               |         - *  ),96.00, 97.00, 98.00, 98.00, 98.00
  12 , k_3_0.1_13_felix_kd ,    9800  ,   100 (               |          -*  ),97.00, 98.00, 98.00, 98.00, 98.00
  12 , k_3_0.2_11_felix_2 ,    9800  ,   100 (               |           *  ),97.00, 97.00, 98.00, 98.00, 99.00
  12 , k_3_0.15_9_felix_rp ,    9800  ,   100 (               |         - *  ),96.00, 97.00, 98.00, 98.00, 98.00
