rank ,         name ,    med   ,  iqr 
----------------------------------------------------
   1 ,      2-means ,      97  ,     0 (*              |              ), 0.97,  0.97,  0.97,  0.97,  0.97
   1 ,     entropic ,      97  ,     0 (*              |              ), 0.97,  0.97,  0.97,  0.97,  0.97
   1 ,           kd ,      97  ,     0 (*              |              ), 0.97,  0.97,  0.97,  0.97,  0.97
   1 ,          pca ,      97  ,     0 (*              |              ), 0.97,  0.97,  0.97,  0.97,  0.97
   1 ,       random ,      97  ,     0 (*              |              ), 0.97,  0.97,  0.97,  0.97,  0.97
   1 ,           rp ,      97  ,     0 (*              |              ), 0.97,  0.97,  0.97,  0.97,  0.97
   1 ,     spectral ,      97  ,     0 (*              |              ), 0.97,  0.97,  0.97,  0.97,  0.97
   1 ,        where ,      97  ,     0 (*              |              ), 0.97,  0.97,  0.97,  0.97,  0.97
