rank ,         name ,    med   ,  iqr 
----------------------------------------------------
   1 ,      2-means ,       0  ,     0 (*              |              ), 0.00,  0.00,  0.00,  0.00,  0.00
   1 ,     entropic ,       0  ,     0 (*              |              ), 0.00,  0.00,  0.00,  0.00,  0.00
   1 ,           kd ,       0  ,     0 (*              |              ), 0.00,  0.00,  0.00,  0.00,  0.00
   1 ,          pca ,       0  ,     0 (*              |              ), 0.00,  0.00,  0.00,  0.00,  0.00
   1 ,       random ,       0  ,     0 (*              |              ), 0.00,  0.00,  0.00,  0.00,  0.00
   1 ,           rp ,       0  ,     0 (*              |              ), 0.00,  0.00,  0.00,  0.00,  0.00
   1 ,     spectral ,       0  ,     0 (*              |              ), 0.00,  0.00,  0.00,  0.00,  0.00
   1 ,        where ,       0  ,     0 (*              |              ), 0.00,  0.00,  0.00,  0.00,  0.00
