rank ,         name ,    med   ,  iqr 
----------------------------------------------------
   1 , k_10_0.1_9_bookkeeper_kd ,       0  ,  3300 (*       ---    |              ), 0.00,  0.00,  0.00, 29.00, 40.00
   1 , k_10_0_13_bookkeeper_pca ,       0  ,     0 (*--------      |              ), 0.00,  0.00,  0.00,  0.00, 33.00
   1 , k_10_0.05_7_bookkeeper_where ,       0  ,     0 (*              |              ), 0.00,  0.00,  0.00,  0.00,  0.00
   1 , k_10_0_11_bookkeeper_where ,       0  ,     0 (*--------      |              ), 0.00,  0.00,  0.00,  0.00, 33.00
   1 , k_10_0.2_5_bookkeeper_2 ,       0  ,  3300 (*        --    |              ), 0.00,  0.00,  0.00, 33.00, 40.00
   1 , k_10_0.15_13_bookkeeper_kd ,       0  ,  3300 (*        ----- |              ), 0.00,  0.00,  0.00, 33.00, 50.00
   1 , k_10_0.05_5_bookkeeper_random ,       0  ,     0 (*              |              ), 0.00,  0.00,  0.00,  0.00,  0.00
   1 , k_10_0.05_7_bookkeeper_spectral ,       0  ,     0 (*              |              ), 0.00,  0.00,  0.00,  0.00,  0.00
   1 , k_10_0_11_bookkeeper_pca ,       0  ,  2200 (*--------      |              ), 0.00,  0.00,  0.00,  0.00, 33.00
   1 , k_10_0.25_9_bookkeeper_spectral ,       0  ,     0 (*-------       |              ), 0.00,  0.00,  0.00,  0.00, 29.00
   1 , k_10_0.05_5_bookkeeper_rp ,       0  ,     0 (*------        |              ), 0.00,  0.00,  0.00,  0.00, 25.00
   1 , k_10_0.01_7_bookkeeper_2 ,       0  ,     0 (*------------- |              ), 0.00,  0.00,  0.00,  0.00, 50.00
   1 , k_10_0.1_11_bookkeeper_entropic ,       0  ,  2500 (*      ----    |              ), 0.00,  0.00,  0.00, 25.00, 40.00
   1 , k_10_0.01_13_bookkeeper_where ,       0  ,     0 (*              |              ), 0.00,  0.00,  0.00,  0.00,  0.00
   1 , k_10_0.15_13_bookkeeper_rp ,       0  ,  3300 (*      --------|---           ), 0.00,  0.00,  0.00, 25.00, 66.00
   1 , k_10_0_9_bookkeeper_rp ,       0  ,     0 (*----------    |              ), 0.00,  0.00,  0.00,  0.00, 40.00
   1 , k_10_0.05_7_bookkeeper_random ,       0  ,     0 (*----------    |              ), 0.00,  0.00,  0.00,  0.00, 40.00
   1 , k_10_0.05_5_bookkeeper_spectral ,       0  ,     0 (*              |              ), 0.00,  0.00,  0.00,  0.00,  0.00
   1 , k_10_0_7_bookkeeper_pca ,       0  ,     0 (*----------    |              ), 0.00,  0.00,  0.00,  0.00, 40.00
   1 , k_10_0.1_5_bookkeeper_2 ,       0  ,     0 (*--------      |              ), 0.00,  0.00,  0.00,  0.00, 33.00
   1 , k_10_0.2_13_bookkeeper_2 ,       0  ,  4000 (*        ----  |              ), 0.00,  0.00,  0.00, 33.00, 44.00
   1 , k_10_0.05_13_bookkeeper_2 ,       0  ,  2900 (*       ---    |              ), 0.00,  0.00,  0.00, 29.00, 40.00
   1 , k_10_0.05_7_bookkeeper_kd ,       0  ,  3300 (*              |              ), 0.00,  0.00,  0.00, 33.00, 33.00
   1 , k_10_0.25_5_bookkeeper_spectral ,       0  ,  2900 (*       ---    |              ), 0.00,  0.00,  0.00, 29.00, 40.00
   1 , k_10_0.25_13_bookkeeper_pca ,       0  ,  4000 (*        ----- |              ), 0.00,  0.00,  0.00, 33.00, 50.00
   1 , k_10_0.15_9_bookkeeper_spectral ,       0  ,     0 (*              |              ), 0.00,  0.00,  0.00,  0.00,  0.00
   1 , k_10_0.1_13_bookkeeper_random ,       0  ,     0 (*              |              ), 0.00,  0.00,  0.00,  0.00,  0.00
   1 , k_10_0.15_11_bookkeeper_entropic ,       0  ,  4000 (*       ------ |              ), 0.00,  0.00,  0.00, 29.00, 50.00
   1 , k_10_0.25_7_bookkeeper_entropic ,       0  ,  4000 (*          --- |              ), 0.00,  0.00,  0.00, 40.00, 50.00
   1 , k_10_0.2_7_bookkeeper_rp ,       0  ,  3300 (*       ------ |              ), 0.00,  0.00,  0.00, 29.00, 50.00
   1 , k_10_0.15_7_bookkeeper_random ,       0  ,     0 (*------------- |              ), 0.00,  0.00,  0.00,  0.00, 50.00
   1 , k_10_0.1_5_bookkeeper_spectral ,       0  ,     0 (*              |              ), 0.00,  0.00,  0.00,  0.00,  0.00
   1 , k_10_0.25_9_bookkeeper_where ,       0  ,     0 (*--------      |              ), 0.00,  0.00,  0.00,  0.00, 33.00
   1 , k_10_0.05_7_bookkeeper_entropic ,       0  ,     0 (*------------- |              ), 0.00,  0.00,  0.00,  0.00, 50.00
   1 , k_10_0.2_9_bookkeeper_2 ,       0  ,  2900 (*       ------ |              ), 0.00,  0.00,  0.00, 29.00, 50.00
   1 , k_10_0.05_7_bookkeeper_rp ,       0  ,     0 (*----------    |              ), 0.00,  0.00,  0.00,  0.00, 40.00
   1 , k_10_0.1_9_bookkeeper_rp ,       0  ,     0 (*----------    |              ), 0.00,  0.00,  0.00,  0.00, 40.00
   1 , k_10_0_13_bookkeeper_kd ,       0  ,     0 (*--------      |              ), 0.00,  0.00,  0.00,  0.00, 33.00
   1 , k_10_0.01_5_bookkeeper_kd ,       0  ,     0 (*--------      |              ), 0.00,  0.00,  0.00,  0.00, 33.00
   1 , k_10_0.05_11_bookkeeper_kd ,       0  ,  2500 (*      ------- |              ), 0.00,  0.00,  0.00, 25.00, 50.00
   1 , k_10_0.01_9_bookkeeper_kd ,       0  ,     0 (*----------    |              ), 0.00,  0.00,  0.00,  0.00, 40.00
   1 , k_10_0.15_13_bookkeeper_entropic ,       0  ,  4000 (*        ------|-             ), 0.00,  0.00,  0.00, 33.00, 57.00
   1 , k_10_0.15_13_bookkeeper_where ,       0  ,     0 (*              |              ), 0.00,  0.00,  0.00,  0.00,  0.00
   1 , k_10_0.15_11_bookkeeper_2 ,       0  ,  2900 (*     -----    |              ), 0.00,  0.00,  0.00, 22.00, 40.00
   1 , k_10_0.01_5_bookkeeper_rp ,       0  ,     0 (*              |              ), 0.00,  0.00,  0.00,  0.00,  0.00
   1 , k_10_0_9_bookkeeper_kd ,       0  ,     0 (*----------    |              ), 0.00,  0.00,  0.00,  0.00, 40.00
   1 , k_10_0.01_9_bookkeeper_where ,       0  ,     0 (*              |              ), 0.00,  0.00,  0.00,  0.00,  0.00
   1 , k_10_0_11_bookkeeper_spectral ,       0  ,     0 (*              |              ), 0.00,  0.00,  0.00,  0.00,  0.00
   1 , k_10_0.15_5_bookkeeper_pca ,       0  ,  2500 (*--------      |              ), 0.00,  0.00,  0.00,  0.00, 33.00
   1 , k_10_0.25_5_bookkeeper_rp ,       0  ,  3300 (*        ----  |              ), 0.00,  0.00,  0.00, 33.00, 44.00
   1 , k_10_0.01_11_bookkeeper_2 ,       0  ,     0 (*----------    |              ), 0.00,  0.00,  0.00,  0.00, 40.00
   1 , k_10_0.1_11_bookkeeper_rp ,       0  ,     0 (*-------       |              ), 0.00,  0.00,  0.00,  0.00, 29.00
   1 , k_10_0.05_7_bookkeeper_2 ,       0  ,  3300 (*        ------|-             ), 0.00,  0.00,  0.00, 33.00, 57.00
   1 , k_10_0_5_bookkeeper_where ,       0  ,     0 (*              |              ), 0.00,  0.00,  0.00,  0.00,  0.00
   1 , k_10_0.15_13_bookkeeper_pca ,       0  ,  2900 (*       ------ |              ), 0.00,  0.00,  0.00, 29.00, 50.00
   1 , k_10_0.05_13_bookkeeper_rp ,       0  ,     0 (*------------- |              ), 0.00,  0.00,  0.00,  0.00, 50.00
   1 , k_10_0.01_9_bookkeeper_pca ,       0  ,     0 (*----------    |              ), 0.00,  0.00,  0.00,  0.00, 40.00
   1 , k_10_0.01_7_bookkeeper_where ,       0  ,     0 (*              |              ), 0.00,  0.00,  0.00,  0.00,  0.00
   1 , k_10_0.15_13_bookkeeper_spectral ,       0  ,     0 (*              |              ), 0.00,  0.00,  0.00,  0.00,  0.00
   1 , k_10_0.25_11_bookkeeper_where ,       0  ,  3300 (*      ----    |              ), 0.00,  0.00,  0.00, 25.00, 40.00
   1 , k_10_0_11_bookkeeper_entropic ,       0  ,  5000 (*          ----|----          ), 0.00,  0.00,  0.00, 40.00, 67.00
   1 , k_10_0.25_7_bookkeeper_random ,       0  ,  2900 (*       ---    |              ), 0.00,  0.00,  0.00, 29.00, 40.00
   1 , k_10_0.25_9_bookkeeper_pca ,       0  ,  4400 (*          ----|----          ), 0.00,  0.00,  0.00, 40.00, 67.00
   1 , k_10_0.2_5_bookkeeper_rp ,       0  ,  4000 (*        ----- |              ), 0.00,  0.00,  0.00, 33.00, 50.00
   1 , k_10_0.05_5_bookkeeper_pca ,       0  ,  3300 (*--------      |              ), 0.00,  0.00,  0.00,  0.00, 33.00
   1 , k_10_0.01_11_bookkeeper_where ,       0  ,     0 (*--------      |              ), 0.00,  0.00,  0.00,  0.00, 33.00
   1 , k_10_0.05_5_bookkeeper_2 ,       0  ,  2900 (*----------    |              ), 0.00,  0.00,  0.00,  0.00, 40.00
   1 , k_10_0.2_9_bookkeeper_where ,       0  ,     0 (*-------       |              ), 0.00,  0.00,  0.00,  0.00, 29.00
   1 , k_10_0.15_9_bookkeeper_rp ,       0  ,  2900 (*       ---    |              ), 0.00,  0.00,  0.00, 29.00, 40.00
   1 , k_10_0.01_9_bookkeeper_entropic ,       0  ,  3300 (*       -------|-------       ), 0.00,  0.00,  0.00, 29.00, 80.00
   1 , k_10_0.1_13_bookkeeper_rp ,       0  ,     0 (*--------      |              ), 0.00,  0.00,  0.00,  0.00, 33.00
   1 , k_10_0.01_9_bookkeeper_spectral ,       0  ,     0 (*              |              ), 0.00,  0.00,  0.00,  0.00,  0.00
   1 , k_10_0.1_11_bookkeeper_random ,       0  ,     0 (*------        |              ), 0.00,  0.00,  0.00,  0.00, 25.00
   1 , k_10_0.05_9_bookkeeper_spectral ,       0  ,     0 (*              |              ), 0.00,  0.00,  0.00,  0.00,  0.00
   1 , k_10_0.01_5_bookkeeper_where ,       0  ,     0 (*              |              ), 0.00,  0.00,  0.00,  0.00,  0.00
   1 , k_10_0.15_7_bookkeeper_where ,       0  ,     0 (*              |              ), 0.00,  0.00,  0.00,  0.00,  0.00
   1 , k_10_0.1_7_bookkeeper_random ,       0  ,     0 (*--------      |              ), 0.00,  0.00,  0.00,  0.00, 33.00
   1 , k_10_0.1_11_bookkeeper_spectral ,       0  ,     0 (*              |              ), 0.00,  0.00,  0.00,  0.00,  0.00
   1 , k_10_0_7_bookkeeper_2 ,       0  ,  2500 (*----------    |              ), 0.00,  0.00,  0.00,  0.00, 40.00
   1 , k_10_0.25_5_bookkeeper_where ,       0  ,  2900 (*       ------ |              ), 0.00,  0.00,  0.00, 29.00, 50.00
   1 , k_10_0.25_13_bookkeeper_entropic ,       0  ,  4000 (*          --- |              ), 0.00,  0.00,  0.00, 40.00, 50.00
   1 , k_10_0.01_13_bookkeeper_kd ,       0  ,     0 (*-------       |              ), 0.00,  0.00,  0.00,  0.00, 29.00
   1 , k_10_0.2_5_bookkeeper_where ,       0  ,     0 (*--------      |              ), 0.00,  0.00,  0.00,  0.00, 33.00
   1 , k_10_0.01_5_bookkeeper_pca ,       0  ,     0 (*-------       |              ), 0.00,  0.00,  0.00,  0.00, 29.00
   1 , k_10_0_9_bookkeeper_entropic ,       0  ,     0 (*--------------|-             ), 0.00,  0.00,  0.00,  0.00, 57.00
   1 , k_10_0.15_7_bookkeeper_rp ,       0  ,  2000 (*--------      |              ), 0.00,  0.00,  0.00,  0.00, 33.00
   1 , k_10_0.2_11_bookkeeper_2 ,       0  ,  2900 (*      ----    |              ), 0.00,  0.00,  0.00, 25.00, 40.00
   1 , k_10_0.1_9_bookkeeper_spectral ,       0  ,     0 (*              |              ), 0.00,  0.00,  0.00,  0.00,  0.00
   1 , k_10_0.05_9_bookkeeper_random ,       0  ,     0 (*              |              ), 0.00,  0.00,  0.00,  0.00,  0.00
   1 , k_10_0_7_bookkeeper_where ,       0  ,     0 (*--------      |              ), 0.00,  0.00,  0.00,  0.00, 33.00
   1 , k_10_0.01_13_bookkeeper_random ,       0  ,     0 (*              |              ), 0.00,  0.00,  0.00,  0.00,  0.00
   1 , k_10_0.25_11_bookkeeper_2 ,       0  ,  3300 (*       ------ |              ), 0.00,  0.00,  0.00, 29.00, 50.00
   1 , k_10_0.05_11_bookkeeper_entropic ,       0  ,  3300 (*     ---------|-             ), 0.00,  0.00,  0.00, 22.00, 57.00
   1 , k_10_0.2_11_bookkeeper_random ,       0  ,     0 (*-----         |              ), 0.00,  0.00,  0.00,  0.00, 22.00
   1 , k_10_0.15_5_bookkeeper_random ,       0  ,     0 (*----------    |              ), 0.00,  0.00,  0.00,  0.00, 40.00
   1 , k_10_0_13_bookkeeper_entropic ,       0  ,  5000 (*          ----|----          ), 0.00,  0.00,  0.00, 40.00, 67.00
   1 , k_10_0.2_9_bookkeeper_spectral ,       0  ,     0 (*-------       |              ), 0.00,  0.00,  0.00,  0.00, 29.00
   1 , k_10_0.15_13_bookkeeper_random ,       0  ,     0 (*----------    |              ), 0.00,  0.00,  0.00,  0.00, 40.00
   1 , k_10_0_5_bookkeeper_spectral ,       0  ,     0 (*              |              ), 0.00,  0.00,  0.00,  0.00,  0.00
   1 , k_10_0.01_7_bookkeeper_pca ,       0  ,     0 (*              |              ), 0.00,  0.00,  0.00,  0.00,  0.00
   1 , k_10_0.15_7_bookkeeper_entropic ,       0  ,  4000 (*        ----- |              ), 0.00,  0.00,  0.00, 33.00, 50.00
   1 , k_10_0.25_13_bookkeeper_rp ,       0  ,  2900 (*      ------- |              ), 0.00,  0.00,  0.00, 25.00, 50.00
   1 , k_10_0.15_11_bookkeeper_spectral ,       0  ,     0 (*              |              ), 0.00,  0.00,  0.00,  0.00,  0.00
   1 , k_10_0.2_13_bookkeeper_pca ,       0  ,     0 (*--------      |              ), 0.00,  0.00,  0.00,  0.00, 33.00
   1 , k_10_0.1_11_bookkeeper_pca ,       0  ,  3300 (*----------    |              ), 0.00,  0.00,  0.00,  0.00, 40.00
   1 , k_10_0.15_13_bookkeeper_2 ,       0  ,  2500 (*      ------  |              ), 0.00,  0.00,  0.00, 25.00, 44.00
   1 , k_10_0.2_11_bookkeeper_kd ,       0  ,  4000 (*        ----- |              ), 0.00,  0.00,  0.00, 33.00, 50.00
   1 , k_10_0.15_9_bookkeeper_where ,       0  ,     0 (*-------       |              ), 0.00,  0.00,  0.00,  0.00, 29.00
   1 , k_10_0.1_7_bookkeeper_entropic ,       0  ,  4000 (*        ----- |              ), 0.00,  0.00,  0.00, 33.00, 50.00
   1 , k_10_0.05_5_bookkeeper_kd ,       0  ,  4000 (*        ----- |              ), 0.00,  0.00,  0.00, 33.00, 50.00
   1 , k_10_0.1_5_bookkeeper_pca ,       0  ,     0 (*--------      |              ), 0.00,  0.00,  0.00,  0.00, 33.00
   1 , k_10_0.15_11_bookkeeper_rp ,       0  ,  3300 (*       -------|----          ), 0.00,  0.00,  0.00, 29.00, 67.00
   1 , k_10_0.15_5_bookkeeper_2 ,       0  ,  2500 (*      ----    |              ), 0.00,  0.00,  0.00, 25.00, 40.00
   1 , k_10_0.25_7_bookkeeper_where ,       0  ,  3300 (*        --    |              ), 0.00,  0.00,  0.00, 33.00, 40.00
   1 , k_10_0.25_9_bookkeeper_random ,       0  ,  2900 (*     -------- |              ), 0.00,  0.00,  0.00, 22.00, 50.00
   1 , k_10_0_7_bookkeeper_entropic ,       0  ,  3300 (*       -------|---           ), 0.00,  0.00,  0.00, 29.00, 66.00
   1 , k_10_0.2_7_bookkeeper_entropic ,       0  ,  5000 (*          ----|------        ), 0.00,  0.00,  0.00, 40.00, 75.00
   1 , k_10_0_13_bookkeeper_spectral ,       0  ,     0 (*              |              ), 0.00,  0.00,  0.00,  0.00,  0.00
   1 , k_10_0.2_7_bookkeeper_where ,       0  ,     0 (*              |              ), 0.00,  0.00,  0.00,  0.00,  0.00
   1 , k_10_0.25_13_bookkeeper_spectral ,       0  ,  2900 (*--------      |              ), 0.00,  0.00,  0.00,  0.00, 33.00
   1 , k_10_0.25_11_bookkeeper_rp ,       0  ,  3300 (*       ------ |              ), 0.00,  0.00,  0.00, 29.00, 50.00
   1 , k_10_0.1_7_bookkeeper_2 ,       0  ,  2500 (*------------  |              ), 0.00,  0.00,  0.00,  0.00, 44.00
   1 , k_10_0.25_7_bookkeeper_spectral ,       0  ,     0 (*--------      |              ), 0.00,  0.00,  0.00,  0.00, 33.00
   1 , k_10_0.1_9_bookkeeper_where ,       0  ,     0 (*--------      |              ), 0.00,  0.00,  0.00,  0.00, 33.00
   1 , k_10_0.05_13_bookkeeper_entropic ,       0  ,  5000 (*          ----|----          ), 0.00,  0.00,  0.00, 40.00, 67.00
   1 , k_10_0.15_5_bookkeeper_where ,       0  ,     0 (*-------       |              ), 0.00,  0.00,  0.00,  0.00, 29.00
   1 , k_10_0.1_5_bookkeeper_kd ,       0  ,  2900 (*      --      |              ), 0.00,  0.00,  0.00, 25.00, 33.00
   1 , k_10_0_7_bookkeeper_random ,       0  ,  2900 (*      ----    |              ), 0.00,  0.00,  0.00, 25.00, 40.00
   1 , k_10_0.05_9_bookkeeper_where ,       0  ,     0 (*              |              ), 0.00,  0.00,  0.00,  0.00,  0.00
   1 , k_10_0.2_9_bookkeeper_pca ,       0  ,  2900 (*       ---    |              ), 0.00,  0.00,  0.00, 29.00, 40.00
   1 , k_10_0.01_5_bookkeeper_random ,       0  ,     0 (*              |              ), 0.00,  0.00,  0.00,  0.00,  0.00
   1 , k_10_0.05_13_bookkeeper_random ,       0  ,     0 (*              |              ), 0.00,  0.00,  0.00,  0.00,  0.00
   1 , k_10_0.2_5_bookkeeper_spectral ,       0  ,     0 (*--------      |              ), 0.00,  0.00,  0.00,  0.00, 33.00
   1 , k_10_0_9_bookkeeper_where ,       0  ,     0 (*------        |              ), 0.00,  0.00,  0.00,  0.00, 25.00
   1 , k_10_0_5_bookkeeper_2 ,       0  ,     0 (*----------    |              ), 0.00,  0.00,  0.00,  0.00, 40.00
   1 , k_10_0.01_7_bookkeeper_spectral ,       0  ,     0 (*              |              ), 0.00,  0.00,  0.00,  0.00,  0.00
   1 , k_10_0.2_11_bookkeeper_where ,       0  ,     0 (*------        |              ), 0.00,  0.00,  0.00,  0.00, 25.00
   1 , k_10_0.05_9_bookkeeper_rp ,       0  ,  2500 (*------------  |              ), 0.00,  0.00,  0.00,  0.00, 44.00
   1 , k_10_0.1_7_bookkeeper_where ,       0  ,     0 (*----------    |              ), 0.00,  0.00,  0.00,  0.00, 40.00
   1 , k_10_0.01_7_bookkeeper_rp ,       0  ,     0 (*----------    |              ), 0.00,  0.00,  0.00,  0.00, 40.00
   1 , k_10_0.1_11_bookkeeper_2 ,       0  ,  3300 (*        ----- |              ), 0.00,  0.00,  0.00, 33.00, 50.00
   1 , k_10_0.15_5_bookkeeper_spectral ,       0  ,     0 (*              |              ), 0.00,  0.00,  0.00,  0.00,  0.00
   1 , k_10_0.1_5_bookkeeper_random ,       0  ,  2900 (*----------    |              ), 0.00,  0.00,  0.00,  0.00, 40.00
   1 , k_10_0.05_9_bookkeeper_2 ,       0  ,  2900 (*      ------- |              ), 0.00,  0.00,  0.00, 25.00, 50.00
   1 , k_10_0.01_13_bookkeeper_rp ,       0  ,     0 (*--------      |              ), 0.00,  0.00,  0.00,  0.00, 33.00
   1 , k_10_0.1_5_bookkeeper_rp ,       0  ,     0 (*--------      |              ), 0.00,  0.00,  0.00,  0.00, 33.00
   1 , k_10_0.15_11_bookkeeper_where ,       0  ,     0 (*-------       |              ), 0.00,  0.00,  0.00,  0.00, 29.00
   1 , k_10_0.1_9_bookkeeper_random ,       0  ,     0 (*-------       |              ), 0.00,  0.00,  0.00,  0.00, 29.00
   1 , k_10_0.05_11_bookkeeper_pca ,       0  ,     0 (*------        |              ), 0.00,  0.00,  0.00,  0.00, 25.00
   1 , k_10_0.05_9_bookkeeper_pca ,       0  ,     0 (*--------      |              ), 0.00,  0.00,  0.00,  0.00, 33.00
   1 , k_10_0.15_9_bookkeeper_random ,       0  ,     0 (*----------    |              ), 0.00,  0.00,  0.00,  0.00, 40.00
   1 , k_10_0.25_11_bookkeeper_pca ,       0  ,  2900 (*      ------- |              ), 0.00,  0.00,  0.00, 25.00, 50.00
   1 , k_10_0.01_7_bookkeeper_entropic ,       0  ,  2500 (*--------      |              ), 0.00,  0.00,  0.00,  0.00, 33.00
   1 , k_10_0.01_11_bookkeeper_random ,       0  ,     0 (*--------      |              ), 0.00,  0.00,  0.00,  0.00, 33.00
   1 , k_10_0_7_bookkeeper_kd ,       0  ,     0 (*----------    |              ), 0.00,  0.00,  0.00,  0.00, 40.00
   1 , k_10_0_7_bookkeeper_spectral ,       0  ,     0 (*              |              ), 0.00,  0.00,  0.00,  0.00,  0.00
   1 , k_10_0.2_7_bookkeeper_pca ,       0  ,  3300 (*        ----- |              ), 0.00,  0.00,  0.00, 33.00, 50.00
   1 , k_10_0.2_7_bookkeeper_random ,       0  ,  2000 (*--------      |              ), 0.00,  0.00,  0.00,  0.00, 33.00
   1 , k_10_0.1_9_bookkeeper_pca ,       0  ,  3300 (*              |              ), 0.00,  0.00,  0.00, 33.00, 33.00
   1 , k_10_0.1_13_bookkeeper_entropic ,       0  ,  3300 (*        ----- |              ), 0.00,  0.00,  0.00, 33.00, 50.00
   1 , k_10_0.2_5_bookkeeper_random ,       0  ,     0 (*-------       |              ), 0.00,  0.00,  0.00,  0.00, 29.00
   1 , k_10_0.2_13_bookkeeper_rp ,       0  ,  3300 (*        ----- |              ), 0.00,  0.00,  0.00, 33.00, 50.00
   1 , k_10_0.15_9_bookkeeper_entropic ,       0  ,  3300 (*        ------|----          ), 0.00,  0.00,  0.00, 33.00, 67.00
   1 , k_10_0.1_9_bookkeeper_2 ,       0  ,  2900 (*       -      |              ), 0.00,  0.00,  0.00, 29.00, 33.00
   1 , k_10_0.1_7_bookkeeper_pca ,       0  ,     0 (*--------      |              ), 0.00,  0.00,  0.00,  0.00, 33.00
   1 , k_10_0.1_13_bookkeeper_where ,       0  ,     0 (*              |              ), 0.00,  0.00,  0.00,  0.00,  0.00
   1 , k_10_0.01_9_bookkeeper_random ,       0  ,     0 (*              |              ), 0.00,  0.00,  0.00,  0.00,  0.00
   1 , k_10_0.15_7_bookkeeper_spectral ,       0  ,     0 (*              |              ), 0.00,  0.00,  0.00,  0.00,  0.00
   1 , k_10_0.01_13_bookkeeper_pca ,       0  ,     0 (*--------      |              ), 0.00,  0.00,  0.00,  0.00, 33.00
   1 , k_10_0.1_5_bookkeeper_where ,       0  ,     0 (*------------- |              ), 0.00,  0.00,  0.00,  0.00, 50.00
   1 , k_10_0.01_13_bookkeeper_entropic ,       0  ,  2900 (*       ------ |              ), 0.00,  0.00,  0.00, 29.00, 50.00
   1 , k_10_0.2_5_bookkeeper_entropic ,       0  ,  3300 (*        ----- |              ), 0.00,  0.00,  0.00, 33.00, 50.00
   1 , k_10_0.15_11_bookkeeper_kd ,       0  ,  4000 (*        ------|-             ), 0.00,  0.00,  0.00, 33.00, 57.00
   1 , k_10_0.05_11_bookkeeper_spectral ,       0  ,     0 (*              |              ), 0.00,  0.00,  0.00,  0.00,  0.00
   1 , k_10_0.2_7_bookkeeper_2 ,       0  ,     0 (*--------      |              ), 0.00,  0.00,  0.00,  0.00, 33.00
   1 , k_10_0.25_11_bookkeeper_spectral ,       0  ,     0 (*----------    |              ), 0.00,  0.00,  0.00,  0.00, 40.00
   1 , k_10_0.15_5_bookkeeper_kd ,       0  ,  2900 (*       -------|-             ), 0.00,  0.00,  0.00, 29.00, 57.00
   1 , k_10_0.05_9_bookkeeper_entropic ,       0  ,  2200 (*----------    |              ), 0.00,  0.00,  0.00,  0.00, 40.00
   1 , k_10_0_5_bookkeeper_rp ,       0  ,     0 (*----------    |              ), 0.00,  0.00,  0.00,  0.00, 40.00
   1 , k_10_0_5_bookkeeper_random ,       0  ,     0 (*-------       |              ), 0.00,  0.00,  0.00,  0.00, 29.00
   1 , k_10_0_13_bookkeeper_rp ,       0  ,     0 (*--------      |              ), 0.00,  0.00,  0.00,  0.00, 33.00
   1 , k_10_0.2_11_bookkeeper_rp ,       0  ,  4000 (*        ----- |              ), 0.00,  0.00,  0.00, 33.00, 50.00
   1 , k_10_0.01_13_bookkeeper_2 ,       0  ,     0 (*--------      |              ), 0.00,  0.00,  0.00,  0.00, 33.00
   1 , k_10_0.2_7_bookkeeper_spectral ,       0  ,     0 (*------------- |              ), 0.00,  0.00,  0.00,  0.00, 50.00
   1 , k_10_0.01_5_bookkeeper_spectral ,       0  ,     0 (*              |              ), 0.00,  0.00,  0.00,  0.00,  0.00
   1 , k_10_0.1_11_bookkeeper_where ,       0  ,     0 (*              |              ), 0.00,  0.00,  0.00,  0.00,  0.00
   1 , k_10_0.01_11_bookkeeper_spectral ,       0  ,     0 (*              |              ), 0.00,  0.00,  0.00,  0.00,  0.00
   1 , k_10_0.05_13_bookkeeper_spectral ,       0  ,     0 (*              |              ), 0.00,  0.00,  0.00,  0.00,  0.00
   1 , k_10_0.05_11_bookkeeper_2 ,       0  ,     0 (*----------    |              ), 0.00,  0.00,  0.00,  0.00, 40.00
   1 , k_10_0.15_11_bookkeeper_pca ,       0  ,  2900 (*      --      |              ), 0.00,  0.00,  0.00, 25.00, 33.00
   1 , k_10_0_13_bookkeeper_2 ,       0  ,  2500 (*------------- |              ), 0.00,  0.00,  0.00,  0.00, 50.00
   1 , k_10_0.1_9_bookkeeper_entropic ,       0  ,     0 (*--------------|----          ), 0.00,  0.00,  0.00,  0.00, 67.00
   1 , k_10_0.2_13_bookkeeper_random ,       0  ,  2500 (*----------    |              ), 0.00,  0.00,  0.00,  0.00, 40.00
   1 , k_10_0_13_bookkeeper_where ,       0  ,     0 (*              |              ), 0.00,  0.00,  0.00,  0.00,  0.00
   1 , k_10_0_11_bookkeeper_kd ,       0  ,     0 (*----------    |              ), 0.00,  0.00,  0.00,  0.00, 40.00
   1 , k_10_0.2_13_bookkeeper_spectral ,       0  ,     0 (*              |              ), 0.00,  0.00,  0.00,  0.00,  0.00
   1 , k_10_0.15_11_bookkeeper_random ,       0  ,     0 (*--------      |              ), 0.00,  0.00,  0.00,  0.00, 33.00
   1 , k_10_0.25_7_bookkeeper_pca ,       0  ,  2900 (*       ---    |              ), 0.00,  0.00,  0.00, 29.00, 40.00
   1 , k_10_0.05_11_bookkeeper_rp ,       0  ,     0 (*----------    |              ), 0.00,  0.00,  0.00,  0.00, 40.00
   1 , k_10_0.05_13_bookkeeper_pca ,       0  ,     0 (*----------    |              ), 0.00,  0.00,  0.00,  0.00, 40.00
   1 , k_10_0.01_7_bookkeeper_kd ,       0  ,  2900 (*      --      |              ), 0.00,  0.00,  0.00, 25.00, 33.00
   1 , k_10_0_5_bookkeeper_pca ,       0  ,     0 (*------        |              ), 0.00,  0.00,  0.00,  0.00, 25.00
   1 , k_10_0.1_7_bookkeeper_spectral ,       0  ,     0 (*              |              ), 0.00,  0.00,  0.00,  0.00,  0.00
   1 , k_10_0.2_11_bookkeeper_spectral ,       0  ,     0 (*-------       |              ), 0.00,  0.00,  0.00,  0.00, 29.00
   1 , k_10_0.01_11_bookkeeper_rp ,       0  ,     0 (*              |              ), 0.00,  0.00,  0.00,  0.00,  0.00
   1 , k_10_0.01_9_bookkeeper_2 ,       0  ,  2900 (*     -----    |              ), 0.00,  0.00,  0.00, 22.00, 40.00
   1 , k_10_0.25_9_bookkeeper_rp ,       0  ,  3300 (*        ----- |              ), 0.00,  0.00,  0.00, 33.00, 50.00
   1 , k_10_0.2_9_bookkeeper_random ,       0  ,     0 (*--------      |              ), 0.00,  0.00,  0.00,  0.00, 33.00
   1 , k_10_0_9_bookkeeper_random ,       0  ,  2900 (*      --      |              ), 0.00,  0.00,  0.00, 25.00, 33.00
   1 , k_10_0.05_5_bookkeeper_entropic ,       0  ,  4000 (*        ------|----          ), 0.00,  0.00,  0.00, 33.00, 67.00
   1 , k_10_0.05_13_bookkeeper_kd ,       0  ,  2900 (*      ------- |              ), 0.00,  0.00,  0.00, 25.00, 50.00
   1 , k_10_0.1_13_bookkeeper_pca ,       0  ,     0 (*-------       |              ), 0.00,  0.00,  0.00,  0.00, 29.00
   1 , k_10_0.01_5_bookkeeper_entropic ,       0  ,  2900 (*      --------|-             ), 0.00,  0.00,  0.00, 25.00, 57.00
   1 , k_10_0_13_bookkeeper_random ,       0  ,  2900 (*----------    |              ), 0.00,  0.00,  0.00,  0.00, 40.00
   1 , k_10_0.05_7_bookkeeper_pca ,       0  ,     0 (*-----         |              ), 0.00,  0.00,  0.00,  0.00, 22.00
   1 , k_10_0.01_11_bookkeeper_entropic ,       0  ,     0 (*------------- |              ), 0.00,  0.00,  0.00,  0.00, 50.00
   1 , k_10_0.01_9_bookkeeper_rp ,       0  ,     0 (*              |              ), 0.00,  0.00,  0.00,  0.00,  0.00
   1 , k_10_0_11_bookkeeper_rp ,       0  ,     0 (*--------      |              ), 0.00,  0.00,  0.00,  0.00, 33.00
   1 , k_10_0.05_5_bookkeeper_where ,       0  ,     0 (*              |              ), 0.00,  0.00,  0.00,  0.00,  0.00
   1 , k_10_0.1_13_bookkeeper_spectral ,       0  ,     0 (*              |              ), 0.00,  0.00,  0.00,  0.00,  0.00
   1 , k_10_0_11_bookkeeper_random ,       0  ,     0 (*-------       |              ), 0.00,  0.00,  0.00,  0.00, 29.00
   1 , k_10_0.25_13_bookkeeper_where ,       0  ,     0 (*----------    |              ), 0.00,  0.00,  0.00,  0.00, 40.00
   1 , k_10_0.2_13_bookkeeper_where ,       0  ,     0 (*--------      |              ), 0.00,  0.00,  0.00,  0.00, 33.00
   1 , k_10_0_5_bookkeeper_kd ,       0  ,     0 (*------------- |              ), 0.00,  0.00,  0.00,  0.00, 50.00
   1 , k_10_0.01_13_bookkeeper_spectral ,       0  ,     0 (*              |              ), 0.00,  0.00,  0.00,  0.00,  0.00
   1 , k_10_0.01_11_bookkeeper_kd ,       0  ,  3300 (*        ----- |              ), 0.00,  0.00,  0.00, 33.00, 50.00
   1 , k_10_0.1_5_bookkeeper_entropic ,       0  ,  1800 (*------------- |              ), 0.00,  0.00,  0.00,  0.00, 50.00
   1 , k_10_0.2_13_bookkeeper_entropic ,       0  ,  2900 (*      --------|----          ), 0.00,  0.00,  0.00, 25.00, 67.00
   1 , k_10_0.01_7_bookkeeper_random ,       0  ,     0 (*              |              ), 0.00,  0.00,  0.00,  0.00,  0.00
   1 , k_10_0_5_bookkeeper_entropic ,       0  ,     0 (*--------      |              ), 0.00,  0.00,  0.00,  0.00, 33.00
   1 , k_10_0.05_9_bookkeeper_kd ,       0  ,  3300 (*       ------ |              ), 0.00,  0.00,  0.00, 29.00, 50.00
   1 , k_10_0.01_5_bookkeeper_2 ,       0  ,     0 (*--------      |              ), 0.00,  0.00,  0.00,  0.00, 33.00
   1 , k_10_0.15_9_bookkeeper_pca ,       0  ,  2500 (*     ---      |              ), 0.00,  0.00,  0.00, 22.00, 33.00
   1 , k_10_0.2_11_bookkeeper_pca ,       0  ,  4000 (*      --------|----          ), 0.00,  0.00,  0.00, 25.00, 67.00
   1 , k_10_0.15_7_bookkeeper_pca ,       0  ,  3300 (*     -----    |              ), 0.00,  0.00,  0.00, 22.00, 40.00
   1 , k_10_0.01_11_bookkeeper_pca ,       0  ,     0 (*-----         |              ), 0.00,  0.00,  0.00,  0.00, 22.00
   1 , k_10_0.1_7_bookkeeper_rp ,       0  ,  3300 (*       ------ |              ), 0.00,  0.00,  0.00, 29.00, 50.00
   1 , k_10_0.05_11_bookkeeper_where ,       0  ,     0 (*              |              ), 0.00,  0.00,  0.00,  0.00,  0.00
   1 , k_10_0.25_11_bookkeeper_random ,       0  ,  4000 (*       ---    |              ), 0.00,  0.00,  0.00, 29.00, 40.00
   1 , k_10_0_9_bookkeeper_spectral ,       0  ,     0 (*              |              ), 0.00,  0.00,  0.00,  0.00,  0.00
   1 , k_10_0_11_bookkeeper_2 ,       0  ,     0 (*              |              ), 0.00,  0.00,  0.00,  0.00,  0.00
   1 , k_10_0.05_13_bookkeeper_where ,       0  ,     0 (*----------    |              ), 0.00,  0.00,  0.00,  0.00, 40.00
   1 , k_10_0_9_bookkeeper_2 ,       0  ,  2900 (*------------- |              ), 0.00,  0.00,  0.00,  0.00, 50.00
   1 , k_10_0.05_11_bookkeeper_random ,       0  ,     0 (*              |              ), 0.00,  0.00,  0.00,  0.00,  0.00
   1 , k_10_0_7_bookkeeper_rp ,       0  ,     0 (*--------      |              ), 0.00,  0.00,  0.00,  0.00, 33.00
   1 , k_10_0_9_bookkeeper_pca ,       0  ,     0 (*--------      |              ), 0.00,  0.00,  0.00,  0.00, 33.00
   1 , k_10_0.2_9_bookkeeper_rp ,       0  ,  3300 (*       -------|-             ), 0.00,  0.00,  0.00, 29.00, 57.00
   2 , k_10_0.25_13_bookkeeper_random ,    2000  ,  4000 (     *     --- |              ), 0.00,  0.00, 20.00, 40.00, 50.00
   2 , k_10_0.15_7_bookkeeper_2 ,    1800  ,  4000 (     *   ----- |              ), 0.00,  0.00, 18.00, 33.00, 50.00
   2 , k_10_0.2_7_bookkeeper_kd ,    1800  ,  2900 (     *  ---    |              ), 0.00,  0.00, 18.00, 29.00, 40.00
   2 , k_10_0.2_5_bookkeeper_pca ,    2000  ,  3300 (     *  ---    |              ), 0.00,  0.00, 20.00, 29.00, 40.00
   2 , k_10_0.1_7_bookkeeper_kd ,    2000  ,  4000 (     *     --- |              ), 0.00,  0.00, 20.00, 40.00, 50.00
   2 , k_10_0.15_7_bookkeeper_kd ,    2200  ,  3300 (      *  ----  |              ), 0.00,  0.00, 22.00, 33.00, 44.00
   2 , k_10_0.25_13_bookkeeper_kd ,    2200  ,  3300 (      * -------|-             ), 0.00,  0.00, 22.00, 29.00, 57.00
   2 , k_10_0.25_5_bookkeeper_2 ,    2200  ,  3300 (      * -------|----          ), 0.00,  0.00, 22.00, 29.00, 67.00
   2 , k_10_0.2_5_bookkeeper_kd ,    2200  ,  3300 (      *  ------|-             ), 0.00,  0.00, 22.00, 33.00, 57.00
   2 , k_10_0.1_13_bookkeeper_2 ,    2200  ,  3300 (      * ---    |              ), 0.00,  0.00, 22.00, 29.00, 40.00
   2 , k_10_0.15_5_bookkeeper_rp ,    2200  ,  3300 (      *  ----- |              ), 0.00,  0.00, 22.00, 33.00, 50.00
   2 , k_10_0.2_9_bookkeeper_entropic ,    2200  ,  3300 (      *  ----- |              ), 0.00,  0.00, 22.00, 33.00, 50.00
   2 , k_10_0.2_13_bookkeeper_kd ,    2500  ,  3300 (       * ----- |              ), 0.00,  0.00, 25.00, 33.00, 50.00
   2 , k_10_0.1_11_bookkeeper_kd ,    2500  ,  4000 (       * --    |              ), 0.00,  0.00, 25.00, 33.00, 40.00
   2 , k_10_0.25_13_bookkeeper_2 ,    2500  ,  5000 (       *       |              ), 0.00,  0.00, 25.00, 50.00, 50.00
   2 , k_10_0.25_5_bookkeeper_entropic ,    2500  ,  3300 (       * ------|-             ), 0.00,  0.00, 25.00, 33.00, 57.00
   2 , k_10_0.25_11_bookkeeper_kd ,    2500  ,  4000 (       *       |              ), 0.00,  0.00, 25.00, 40.00, 40.00
   2 , k_10_0.25_11_bookkeeper_entropic ,    2500  ,  4000 (       *   --- |              ), 0.00,  0.00, 25.00, 40.00, 50.00
   2 , k_10_0.15_9_bookkeeper_kd ,    2500  ,  3300 (       *------ |              ), 0.00,  0.00, 25.00, 29.00, 50.00
   2 , k_10_0.25_7_bookkeeper_rp ,    2500  ,  3300 (       *------ |              ), 0.00,  0.00, 25.00, 29.00, 50.00
   2 , k_10_0.2_11_bookkeeper_entropic ,    2500  ,  3300 (       * --    |              ), 0.00,  0.00, 25.00, 33.00, 40.00
   2 , k_10_0.25_9_bookkeeper_entropic ,    2900  ,  5700 (        *      | ---          ), 0.00,  0.00, 29.00, 57.00, 67.00
   2 , k_10_0.25_5_bookkeeper_pca ,    2900  ,  3300 (        *----- |              ), 0.00,  0.00, 29.00, 33.00, 50.00
   2 , k_10_0.15_9_bookkeeper_2 ,    2900  ,  4000 (        *  --- |              ), 0.00,  0.00, 29.00, 40.00, 50.00
   2 , k_10_0.1_13_bookkeeper_kd ,    2900  ,  4000 (        *----- |              ), 0.00,  0.00, 29.00, 33.00, 50.00
   2 , k_10_0.25_9_bookkeeper_2 ,    2900  ,  3300 (        *--    |              ), 0.00,  0.00, 29.00, 33.00, 40.00
   2 , k_10_0.25_5_bookkeeper_random ,    2900  ,  3300 (        *----- |              ), 0.00,  0.00, 29.00, 33.00, 50.00
   2 , k_10_0.25_9_bookkeeper_kd ,    2900  ,  4000 (        *  ----|-             ), 0.00,  0.00, 29.00, 40.00, 57.00
   2 , k_10_0.2_9_bookkeeper_kd ,    2900  ,  4000 (        *      |              ), 0.00,  0.00, 29.00, 40.00, 40.00
   2 , k_10_0.15_5_bookkeeper_entropic ,    2900  ,  4000 (        *----- |              ), 0.00,  0.00, 29.00, 33.00, 50.00
   2 , k_10_0.25_7_bookkeeper_2 ,    2900  ,  3300 (-----   *------|---           ), 0.00, 20.00, 29.00, 33.00, 66.00
   2 , k_10_0.25_5_bookkeeper_kd ,    3300  ,  3300 (         *---- |              ), 0.00,  0.00, 33.00, 33.00, 50.00
   2 , k_10_0.25_7_bookkeeper_kd ,    3300  ,  4000 (         * ----|-             ), 0.00,  0.00, 33.00, 40.00, 57.00
