rank ,         name ,    med   ,  iqr 
----------------------------------------------------
   1 , k_10_0.25_5_wicket_entropic ,       0  ,     0 (*              |              ), 0.00,  0.00,  0.00,  0.00,  0.00
   1 , k_10_0.01_13_wicket_entropic ,       0  ,     0 (*              |              ), 0.00,  0.00,  0.00,  0.00,  0.00
   1 , k_10_0.2_13_wicket_entropic ,       0  ,     0 (*              |              ), 0.00,  0.00,  0.00,  0.00,  0.00
   1 , k_10_0.2_7_wicket_entropic ,       0  ,     0 (*              |              ), 0.00,  0.00,  0.00,  0.00,  0.00
   1 , k_10_0.25_11_wicket_entropic ,       0  ,     0 (*              |              ), 0.00,  0.00,  0.00,  0.00,  0.00
   1 , k_10_0.15_13_wicket_entropic ,       0  ,     0 (*              |              ), 0.00,  0.00,  0.00,  0.00,  0.00
   1 , k_10_0.15_11_wicket_entropic ,       0  ,     0 (*              |              ), 0.00,  0.00,  0.00,  0.00,  0.00
   1 , k_10_0.01_9_wicket_entropic ,       0  ,     0 (*              |              ), 0.00,  0.00,  0.00,  0.00,  0.00
   1 , k_10_0.05_11_wicket_entropic ,       0  ,     0 (*              |              ), 0.00,  0.00,  0.00,  0.00,  0.00
   1 , k_10_0_11_wicket_entropic ,       0  ,     0 (*              |              ), 0.00,  0.00,  0.00,  0.00,  0.00
   1 , k_10_0.01_7_wicket_entropic ,       0  ,     0 (*              |              ), 0.00,  0.00,  0.00,  0.00,  0.00
   1 , k_10_0.05_5_wicket_entropic ,       0  ,     0 (*              |              ), 0.00,  0.00,  0.00,  0.00,  0.00
   1 , k_10_0_13_wicket_entropic ,       0  ,     0 (*              |              ), 0.00,  0.00,  0.00,  0.00,  0.00
   1 , k_10_0.01_5_wicket_entropic ,       0  ,     0 (*              |              ), 0.00,  0.00,  0.00,  0.00,  0.00
   1 , k_10_0.1_5_wicket_entropic ,       0  ,     0 (*              |              ), 0.00,  0.00,  0.00,  0.00,  0.00
   1 , k_10_0.2_11_wicket_entropic ,       0  ,     0 (*              |              ), 0.00,  0.00,  0.00,  0.00,  0.00
   1 , k_10_0.25_13_wicket_entropic ,       0  ,     0 (*              |              ), 0.00,  0.00,  0.00,  0.00,  0.00
   1 , k_10_0.05_7_wicket_entropic ,       0  ,     0 (*              |              ), 0.00,  0.00,  0.00,  0.00,  0.00
   1 , k_10_0.25_7_wicket_entropic ,       0  ,     0 (*              |              ), 0.00,  0.00,  0.00,  0.00,  0.00
   1 , k_10_0.1_11_wicket_entropic ,       0  ,     0 (*              |              ), 0.00,  0.00,  0.00,  0.00,  0.00
   1 , k_10_0.2_9_wicket_entropic ,       0  ,     0 (*              |              ), 0.00,  0.00,  0.00,  0.00,  0.00
   1 , k_10_0.05_9_wicket_entropic ,       0  ,     0 (*              |              ), 0.00,  0.00,  0.00,  0.00,  0.00
   1 , k_10_0.15_9_wicket_entropic ,       0  ,     0 (*              |              ), 0.00,  0.00,  0.00,  0.00,  0.00
   1 , k_10_0.15_7_wicket_entropic ,       0  ,     0 (*              |              ), 0.00,  0.00,  0.00,  0.00,  0.00
   1 , k_10_0.2_5_wicket_entropic ,       0  ,     0 (*              |              ), 0.00,  0.00,  0.00,  0.00,  0.00
   1 , k_10_0.15_5_wicket_entropic ,       0  ,     0 (*              |              ), 0.00,  0.00,  0.00,  0.00,  0.00
   1 , k_10_0_5_wicket_entropic ,       0  ,     0 (*              |              ), 0.00,  0.00,  0.00,  0.00,  0.00
   1 , k_10_0.05_13_wicket_entropic ,       0  ,     0 (*              |              ), 0.00,  0.00,  0.00,  0.00,  0.00
   1 , k_10_0.25_9_wicket_entropic ,       0  ,     0 (*              |              ), 0.00,  0.00,  0.00,  0.00,  0.00
   1 , k_10_0.1_7_wicket_entropic ,       0  ,     0 (*              |              ), 0.00,  0.00,  0.00,  0.00,  0.00
   1 , k_10_0.1_13_wicket_entropic ,       0  ,     0 (*              |              ), 0.00,  0.00,  0.00,  0.00,  0.00
   1 , k_10_0_9_wicket_entropic ,       0  ,     0 (*              |              ), 0.00,  0.00,  0.00,  0.00,  0.00
   1 , k_10_0.1_9_wicket_entropic ,       0  ,     0 (*              |              ), 0.00,  0.00,  0.00,  0.00,  0.00
   1 , k_10_0_7_wicket_entropic ,       0  ,     0 (*              |              ), 0.00,  0.00,  0.00,  0.00,  0.00
   1 , k_10_0.01_11_wicket_entropic ,       0  ,     0 (*              |              ), 0.00,  0.00,  0.00,  0.00,  0.00
   2 , k_10_0.1_13_wicket_spectral ,    2500  ,  1400 (-----  *------ |              ), 0.00, 17.00, 25.00, 29.00, 50.00
   2 , k_10_0_9_wicket_random ,    2600  ,  2700 (    -  *   --  |              ),14.00, 18.00, 26.00, 40.00, 46.00
   2 , k_10_0.01_11_wicket_spectral ,    2700  ,  2500 (   --   * -----|--            ),12.00, 17.00, 27.00, 35.00, 63.00
   2 , k_10_0.01_9_wicket_spectral ,    3300  ,  3300 (-------- *   --|-             ), 0.00, 27.00, 33.00, 46.00, 57.00
   2 , k_10_0.1_7_wicket_spectral ,    3500  ,   900 (      --  *-   |              ),22.00, 30.00, 35.00, 36.00, 43.00
   3 , k_10_0.1_5_wicket_spectral ,    3600  ,  2200 (     ---- *   -|-             ),18.00, 31.00, 36.00, 50.00, 60.00
   3 , k_10_0.1_11_wicket_spectral ,    3700  ,  1300 (   -----   *---|-             ),13.00, 29.00, 37.00, 40.00, 60.00
   3 , k_10_0_11_wicket_spectral ,    3700  ,  1300 (     ----  *---|----          ),17.00, 33.00, 37.00, 43.00, 67.00
   3 , k_10_0_5_wicket_where ,    3800  ,  2600 (      --   *  -|-----         ),22.00, 30.00, 38.00, 47.00, 71.00
   3 , k_10_0.1_9_wicket_spectral ,    4000  ,  3400 (   ----    *  -|-----         ),12.00, 25.00, 40.00, 50.00, 71.00
   3 , k_10_0.01_13_wicket_spectral ,    4000  ,  1900 (   ------  *  -|----          ),12.00, 33.00, 40.00, 50.00, 67.00
   4 , k_10_0.05_11_wicket_spectral ,    4200  ,  3800 (      -     *  |  ----        ),21.00, 25.00, 42.00, 63.00, 75.00
   4 , k_10_0_13_wicket_spectral ,    4200  ,  1900 (   -------  *  |--            ),11.00, 36.00, 42.00, 53.00, 63.00
   4 , k_10_0.01_5_wicket_spectral ,    4400  ,  1400 (        --   *-|-             ),29.00, 36.00, 44.00, 46.00, 59.00
   4 , k_10_0.15_5_wicket_spectral ,    4600  ,  2100 (        --   * |-             ),29.00, 35.00, 46.00, 53.00, 60.00
   4 , k_10_0_9_wicket_spectral ,    4600  ,  1200 (        ---  *-|---           ),27.00, 40.00, 46.00, 50.00, 64.00
   4 , k_10_0_5_wicket_random ,    4700  ,  2600 (    -----     *|--            ),15.00, 33.00, 47.00, 53.00, 61.00
   4 , k_10_0_7_wicket_random ,    4700  ,  1400 (         ---- *| ---          ),33.00, 44.00, 47.00, 57.00, 67.00
   4 , k_10_0.2_5_wicket_spectral ,    4700  ,  2200 (   -------    *| ------       ),13.00, 36.00, 47.00, 57.00, 77.00
   4 , k_10_0.01_7_wicket_spectral ,    4800  ,  1900 (         ---- *| ---          ),33.00, 44.00, 48.00, 60.00, 70.00
   4 , k_10_0.25_9_wicket_spectral ,    4800  ,  1700 (          --  *| -            ),36.00, 42.00, 48.00, 57.00, 63.00
   5 , k_10_0.1_5_wicket_random ,    5000  ,  2200 (          --  *| --           ),36.00, 42.00, 50.00, 60.00, 64.00
   5 , k_10_0.1_7_wicket_random ,    5000  ,  1600 (           -- *| -            ),37.00, 45.00, 50.00, 58.00, 63.00
   5 , k_10_0.15_7_wicket_spectral ,    5200  ,  1300 (           --  * ---          ),40.00, 46.00, 52.00, 58.00, 70.00
   5 , k_10_0.15_11_wicket_spectral ,    5300  ,  2400 (           -   *  ----        ),38.00, 43.00, 53.00, 63.00, 74.00
   5 , k_10_0.2_7_wicket_spectral ,    5300  ,  2700 (        ----   *  ------      ),29.00, 43.00, 53.00, 61.00, 82.00
   5 , k_10_0_5_wicket_spectral ,    5300  ,  2400 (        ----   *   ---        ),29.00, 43.00, 53.00, 64.00, 75.00
   5 , k_10_0.1_13_wicket_random ,    5300  ,  3000 (        ---    *  ---         ),29.00, 40.00, 53.00, 61.00, 73.00
   5 , k_10_0.1_9_wicket_random ,    5300  ,  2100 (       -----   *  ---         ),25.00, 43.00, 53.00, 63.00, 73.00
   5 , k_10_0.1_11_wicket_random ,    5300  ,  1800 (           --- *-----         ),37.00, 48.00, 53.00, 56.00, 71.00
   5 , k_10_0.25_13_wicket_spectral ,    5400  ,  2200 (       ------- |*-----        ),24.00, 50.00, 54.00, 60.00, 74.00
   5 , k_10_0.25_11_wicket_spectral ,    5400  ,  1400 (           --- |* --          ),40.00, 50.00, 54.00, 63.00, 70.00
   5 , k_10_0.05_5_wicket_spectral ,    5500  ,  1300 (             - |*---          ),46.00, 50.00, 55.00, 60.00, 67.00
   5 , k_10_0.01_11_wicket_random ,    5500  ,  1900 (         ----  |* -------     ),32.00, 45.00, 55.00, 61.00, 84.00
   5 , k_10_0_7_wicket_spectral ,    5500  ,  2300 (   ----------  |* -----       ),12.00, 44.00, 55.00, 61.00, 80.00
   5 , k_10_0.05_9_wicket_spectral ,    5500  ,  2000 (      -----    |*--           ),21.00, 40.00, 55.00, 59.00, 64.00
   6 , k_10_0.05_13_wicket_spectral ,    5600  ,  2100 (            -- |*   ------    ),42.00, 48.00, 56.00, 67.00, 89.00
   6 , k_10_0_13_wicket_random ,    5600  ,  2400 (           --- |*  --         ),37.00, 48.00, 56.00, 64.00, 72.00
   6 , k_10_0.15_13_wicket_spectral ,    5700  ,  3000 (           --  | *  ---       ),37.00, 46.00, 57.00, 67.00, 79.00
   6 , k_10_0.15_9_wicket_spectral ,    5700  ,  2900 (        ----   | *  -----     ),30.00, 43.00, 57.00, 67.00, 86.00
   6 , k_10_0.2_13_wicket_spectral ,    5700  ,  2500 (       -----   | *  --        ),25.00, 43.00, 57.00, 67.00, 75.00
   6 , k_10_0.1_9_wicket_where ,    5700  ,  1900 (            -- | * ----       ),43.00, 50.00, 57.00, 64.00, 78.00
   6 , k_10_0.01_13_wicket_random ,    5800  ,  1600 (           --- | *--          ),40.00, 48.00, 58.00, 63.00, 67.00
   6 , k_10_0_7_wicket_where ,    5900  ,  2500 (        ------ | *  --        ),27.00, 48.00, 59.00, 67.00, 75.00
   6 , k_10_0_13_wicket_where ,    5900  ,  1100 (          -----| *---         ),36.00, 53.00, 59.00, 63.00, 71.00
   7 , k_10_0.25_7_wicket_spectral ,    6000  ,  2100 (          ---- | * ----       ),36.00, 48.00, 60.00, 64.00, 78.00
   7 , k_10_0.01_9_wicket_where ,    6000  ,  2000 (               | *  ---       ),48.00, 50.00, 60.00, 67.00, 78.00
   7 , k_10_0_11_wicket_random ,    6000  ,  1700 (           --- | *  ---       ),40.00, 50.00, 60.00, 67.00, 80.00
   7 , k_10_0.05_5_wicket_random ,    6100  ,  2700 (             --|  *   --      ),46.00, 54.00, 61.00, 74.00, 82.00
   7 , k_10_0.05_11_wicket_random ,    6300  ,  2100 (           ----|  * --        ),40.00, 52.00, 63.00, 70.00, 75.00
   7 , k_10_0.01_7_wicket_where ,    6300  ,  1600 (              -|- *  ---      ),50.00, 59.00, 63.00, 71.00, 82.00
   7 , k_10_0.01_5_wicket_random ,    6300  ,  2200 (           ----|  * ----      ),38.00, 53.00, 63.00, 70.00, 83.00
   7 , k_10_0.05_7_wicket_spectral ,    6400  ,  2600 (        -------|   *--        ),27.00, 53.00, 64.00, 69.00, 75.00
   7 , k_10_0.01_7_wicket_random ,    6400  ,  1500 (              -|-  *--        ),48.00, 57.00, 64.00, 67.00, 75.00
   8 , k_10_0.15_11_wicket_random ,    6500  ,  2000 (              -|-  * ----     ),47.00, 58.00, 65.00, 73.00, 86.00
   8 , k_10_0.15_13_wicket_random ,    6700  ,  2400 (              -|    * ---     ),48.00, 56.00, 67.00, 75.00, 84.00
   8 , k_10_0.15_5_wicket_random ,    6700  ,  1400 (              -|--  *---      ),50.00, 63.00, 67.00, 71.00, 82.00
   8 , k_10_0.2_7_wicket_random ,    6700  ,  1400 (              -|-   * -       ),48.00, 60.00, 67.00, 74.00, 78.00
   8 , k_10_0.05_7_wicket_random ,    6700  ,  1800 (             --|-   *--       ),44.00, 60.00, 67.00, 73.00, 80.00
   8 , k_10_0.15_9_wicket_random ,    6700  ,  1800 (             --|-   *--       ),44.00, 57.00, 67.00, 71.00, 78.00
   8 , k_10_0.1_11_wicket_where ,    6700  ,  1700 (            ---|    *----     ),43.00, 54.00, 67.00, 70.00, 86.00
   8 , k_10_0_9_wicket_where ,    6700  ,  1900 (           ----|    *---      ),40.00, 53.00, 67.00, 71.00, 81.00
   8 , k_10_0.01_9_wicket_random ,    6700  ,  1800 (             --|-   *--       ),46.00, 58.00, 67.00, 73.00, 79.00
   8 , k_10_0.2_9_wicket_spectral ,    6900  ,  1200 (              -|--  *         ),48.00, 63.00, 69.00, 75.00, 76.00
   8 , k_10_0.2_13_wicket_random ,    6900  ,  1600 (              -|--  * ---     ),50.00, 63.00, 69.00, 76.00, 86.00
   8 , k_10_0.15_7_wicket_random ,    6900  ,  1300 (               |--- * -       ),54.00, 64.00, 69.00, 76.00, 80.00
   8 , k_10_0.01_5_wicket_where ,    6900  ,  1900 (             --|-   * ---     ),46.00, 59.00, 69.00, 75.00, 84.00
   8 , k_10_0.25_7_wicket_where ,    7000  ,  1500 (               |--  *  ---    ),54.00, 63.00, 70.00, 77.00, 89.00
   8 , k_10_0.2_11_wicket_spectral ,    7000  ,  1900 (            ---|-   * --      ),43.00, 60.00, 70.00, 76.00, 83.00
   8 , k_10_0.15_13_wicket_where ,    7000  ,  1600 (               |-   *-----    ),53.00, 59.00, 70.00, 72.00, 87.00
   8 , k_10_0.1_13_wicket_where ,    7000  ,  1000 (          -----|--  *--       ),36.00, 63.00, 70.00, 73.00, 80.00
   8 , k_10_0.1_7_wicket_where ,    7000  ,  1400 (           ----|----*  ---    ),40.00, 67.00, 70.00, 78.00, 88.00
   9 , k_10_0.2_9_wicket_where ,    7100  ,  1000 (               |  -- *--      ),63.00, 67.00, 71.00, 75.00, 82.00
   9 , k_10_0.05_11_wicket_where ,    7100  ,  1600 (               |---- * -      ),52.00, 67.00, 71.00, 78.00, 83.00
   9 , k_10_0.25_11_wicket_where ,    7100  ,   900 (               | --- *--      ),59.00, 67.00, 71.00, 74.00, 82.00
   9 , k_10_0.15_9_wicket_where ,    7100  ,   900 (               | --- *-       ),59.00, 69.00, 71.00, 75.00, 80.00
   9 , k_10_0.25_5_wicket_spectral ,    7100  ,  1300 (               |  -- * --     ),63.00, 67.00, 71.00, 78.00, 86.00
   9 , k_10_0.01_11_wicket_where ,    7100  ,  1800 (               |--   * -      ),55.00, 61.00, 71.00, 77.00, 82.00
   9 , k_10_0.1_5_wicket_where ,    7200  ,  1700 (               | -   *----    ),59.00, 63.00, 72.00, 75.00, 87.00
   9 , k_10_0.05_13_wicket_random ,    7300  ,  1300 (               | --- * ---    ),57.00, 69.00, 73.00, 77.00, 87.00
   9 , k_10_0_13_wicket_rp ,    7300  ,  1500 (              -|---- * ----   ),47.00, 67.00, 73.00, 80.00, 91.00
   9 , k_10_0.05_9_wicket_where ,    7300  ,  1800 (              -|---- *-       ),50.00, 69.00, 73.00, 76.00, 80.00
   9 , k_10_0.01_13_wicket_rp ,    7300  ,  1900 (               |---- *  --    ),53.00, 67.00, 73.00, 81.00, 89.00
   9 , k_10_0_11_wicket_where ,    7400  ,  1600 (               | -    *--     ),57.00, 63.00, 74.00, 78.00, 86.00
   9 , k_10_0.01_13_wicket_where ,    7400  ,  2300 (               |----  *--     ),53.00, 67.00, 74.00, 80.00, 85.00
   9 , k_10_0_5_wicket_kd ,    7400  ,  1000 (               |  --- *--     ),61.00, 71.00, 74.00, 80.00, 86.00
   9 , k_10_0.01_11_wicket_kd ,    7500  ,  1400 (               |  --- * --    ),62.00, 73.00, 75.00, 83.00, 88.00
   9 , k_10_0.25_9_wicket_where ,    7500  ,  1200 (               | ---  * --    ),57.00, 70.00, 75.00, 82.00, 90.00
   9 , k_10_0.25_7_wicket_random ,    7500  ,  1300 (               | ---  *--     ),58.00, 67.00, 75.00, 79.00, 84.00
   9 , k_10_0.15_7_wicket_where ,    7500  ,  2500 (              -|-     *--     ),50.00, 57.00, 75.00, 78.00, 86.00
   9 , k_10_0.05_5_wicket_where ,    7500  ,  1300 (               |  --- *--     ),63.00, 71.00, 75.00, 78.00, 86.00
   9 , k_10_0.25_9_wicket_random ,    7500  ,  1100 (               | ---  *--     ),60.00, 69.00, 75.00, 78.00, 84.00
   9 , k_10_0.05_13_wicket_where ,    7500  ,  1800 (            ---|----  *       ),43.00, 70.00, 75.00, 87.00, 89.00
   9 , k_10_0.15_11_wicket_where ,    7500  ,  1500 (               |----  *--     ),53.00, 67.00, 75.00, 78.00, 84.00
  10 , k_10_0.2_13_wicket_where ,    7600  ,  1500 (               |   -- * --    ),64.00, 71.00, 76.00, 83.00, 88.00
  10 , k_10_0.05_7_wicket_where ,    7600  ,  1100 (               |  --- *--     ),61.00, 72.00, 76.00, 80.00, 86.00
  10 , k_10_0.2_5_wicket_random ,    7600  ,  1800 (               |  --  *  -    ),61.00, 69.00, 76.00, 84.00, 90.00
  10 , k_10_0.1_11_wicket_rp ,    7600  ,   900 (               |     -* --    ),71.00, 74.00, 76.00, 82.00, 87.00
  10 , k_10_0.15_5_wicket_where ,    7700  ,  1800 (               |    -- *      ),67.00, 75.00, 77.00, 88.00, 90.00
  10 , k_10_0.25_13_wicket_random ,    7700  ,  1200 (               |    -  *      ),67.00, 72.00, 77.00, 80.00, 83.00
  10 , k_10_0.2_11_wicket_random ,    7700  ,   400 (               |    -- *--    ),67.00, 76.00, 77.00, 80.00, 90.00
  10 , k_10_0.1_7_wicket_rp ,    7800  ,  1500 (               |  ---- *  -   ),62.00, 74.00, 78.00, 87.00, 92.00
  10 , k_10_0.25_5_wicket_where ,    7800  ,  1300 (               |    -  * --   ),67.00, 73.00, 78.00, 86.00, 92.00
  10 , k_10_0.05_9_wicket_random ,    7800  ,  1400 (             --|----   *--    ),45.00, 67.00, 78.00, 80.00, 88.00
  10 , k_10_0.15_13_wicket_rp ,    7800  ,  1200 (               |    -  *--    ),67.00, 71.00, 78.00, 82.00, 89.00
  10 , k_10_0.01_5_wicket_rp ,    7800  ,  2200 (               | ---   *      ),60.00, 67.00, 78.00, 88.00, 90.00
  10 , k_10_0.01_7_wicket_kd ,    7800  ,  1600 (               |  ---  * --   ),62.00, 71.00, 78.00, 86.00, 93.00
  10 , k_10_0.25_5_wicket_random ,    7900  ,  1100 (               |    -- * --   ),67.00, 76.00, 79.00, 85.00, 91.00
  10 , k_10_0.15_5_wicket_rp ,    8000  ,  1300 (               | ----- * --   ),58.00, 74.00, 80.00, 86.00, 92.00
  10 , k_10_0.25_11_wicket_random ,    8000  ,  1900 (               | ----  * -    ),59.00, 73.00, 80.00, 84.00, 89.00
  10 , k_10_0.15_5_wicket_kd ,    8000  ,  1600 (               |    -- *  --  ),67.00, 74.00, 80.00, 89.00, 94.00
  10 , k_10_0.15_7_wicket_rp ,    8000  ,  1900 (               |    -  *  -   ),67.00, 73.00, 80.00, 89.00, 93.00
  10 , k_10_0.1_5_wicket_kd ,    8000  ,  1500 (               |------ *  -   ),55.00, 74.00, 80.00, 87.00, 93.00
  10 , k_10_0.01_9_wicket_rp ,    8000  ,  1400 (               |    -- *      ),69.00, 74.00, 80.00, 88.00, 90.00
  10 , k_10_0_7_wicket_rp ,    8000  ,   600 (               |-------*--    ),56.00, 78.00, 80.00, 83.00, 89.00
  11 , k_10_0.01_11_wicket_rp ,    8100  ,  1400 (               |    --- * --  ),70.00, 77.00, 81.00, 88.00, 94.00
  11 , k_10_0.25_11_wicket_rp ,    8100  ,  1100 (               |    --  *--   ),70.00, 75.00, 81.00, 85.00, 91.00
  11 , k_10_0_7_wicket_kd ,    8100  ,  1400 (               |     -  * -   ),71.00, 76.00, 81.00, 87.00, 93.00
  11 , k_10_0.2_5_wicket_where ,    8100  ,  1200 (               | -----  *-    ),60.00, 74.00, 81.00, 85.00, 89.00
  11 , k_10_0.05_7_wicket_kd ,    8200  ,   800 (               |  ----- *-    ),63.00, 78.00, 82.00, 86.00, 90.00
  11 , k_10_0.25_13_wicket_where ,    8200  ,  1500 (               | ----   * -   ),60.00, 73.00, 82.00, 87.00, 92.00
  11 , k_10_0_9_wicket_kd ,    8200  ,  1700 (               |    --  *     ),70.00, 74.00, 82.00, 87.00, 90.00
  11 , k_10_0.05_9_wicket_pca ,    8200  ,  1000 (               |    --- * -   ),70.00, 78.00, 82.00, 87.00, 91.00
  11 , k_10_0.2_7_wicket_where ,    8200  ,  1300 (               | -----  *--   ),60.00, 74.00, 82.00, 86.00, 92.00
  11 , k_10_0.01_7_wicket_rp ,    8200  ,  1300 (               |  ----  *-    ),63.00, 74.00, 82.00, 85.00, 89.00
  11 , k_10_0.01_9_wicket_2 ,    8200  ,   700 (               |      - *--   ),75.00, 80.00, 82.00, 85.00, 92.00
  11 , k_10_0.15_7_wicket_2 ,    8200  ,  1000 (               |      - * -   ),75.00, 80.00, 82.00, 88.00, 92.00
  12 , k_10_0.01_5_wicket_pca ,    8300  ,  1300 (               |      - *     ),75.00, 80.00, 83.00, 91.00, 93.00
  12 , k_10_0.01_5_wicket_kd ,    8300  ,  1300 (               |    --  *--   ),67.00, 75.00, 83.00, 86.00, 92.00
  12 , k_10_0.25_13_wicket_2 ,    8300  ,  1300 (               |     -- * -   ),71.00, 78.00, 83.00, 87.00, 91.00
  12 , k_10_0.1_5_wicket_2 ,    8300  ,   600 (               |        *--   ),77.00, 80.00, 83.00, 86.00, 91.00
  12 , k_10_0_13_wicket_2 ,    8300  ,   800 (               |    --- * -   ),67.00, 80.00, 83.00, 87.00, 91.00
  12 , k_10_0.05_13_wicket_kd ,    8300  ,  1100 (               |  ----- * -   ),62.00, 78.00, 83.00, 87.00, 91.00
  12 , k_10_0.05_5_wicket_kd ,    8300  ,  1200 (               |     -- * -   ),71.00, 78.00, 83.00, 88.00, 93.00
  12 , k_10_0.1_7_wicket_pca ,    8300  ,  1200 (               |    --- *-    ),70.00, 78.00, 83.00, 86.00, 90.00
  12 , k_10_0.01_11_wicket_2 ,    8300  ,  1000 (               |     -- * --  ),73.00, 80.00, 83.00, 88.00, 94.00
  12 , k_10_0.15_9_wicket_rp ,    8300  ,  1400 (               |    --- * -   ),67.00, 77.00, 83.00, 88.00, 93.00
  12 , k_10_0_9_wicket_rp ,    8300  ,  1400 (               |     -- *  -  ),72.00, 79.00, 83.00, 91.00, 95.00
  12 , k_10_0.05_13_wicket_rp ,    8300  ,  1300 (               |  ----- * -   ),63.00, 78.00, 83.00, 89.00, 93.00
  12 , k_10_0.2_9_wicket_random ,    8300  ,  1600 (               |    --  * -   ),70.00, 74.00, 83.00, 88.00, 92.00
  12 , k_10_0.25_7_wicket_rp ,    8300  ,   900 (               |    --- * -   ),67.00, 80.00, 83.00, 88.00, 93.00
  12 , k_10_0_11_wicket_2 ,    8300  ,  1200 (               |    --- *--   ),67.00, 78.00, 83.00, 86.00, 91.00
  12 , k_10_0.2_9_wicket_rp ,    8300  ,  1000 (               |      --* -   ),74.00, 81.00, 83.00, 90.00, 92.00
  12 , k_10_0_11_wicket_kd ,    8300  ,  1300 (               |    --- * -   ),67.00, 78.00, 83.00, 88.00, 93.00
  12 , k_10_0_13_wicket_kd ,    8300  ,   700 (               |    ----*     ),70.00, 81.00, 83.00, 87.00, 90.00
  12 , k_10_0.1_13_wicket_kd ,    8300  ,   600 (               |    --- *--   ),69.00, 80.00, 83.00, 86.00, 91.00
  12 , k_10_0.05_7_wicket_rp ,    8300  ,  1100 (               |     -- * -   ),73.00, 80.00, 83.00, 87.00, 93.00
  12 , k_10_0.1_9_wicket_rp ,    8300  ,   900 (               |      - *--   ),75.00, 79.00, 83.00, 86.00, 92.00
  12 , k_10_0.01_9_wicket_kd ,    8300  ,   800 (               |    --- * --  ),67.00, 80.00, 83.00, 87.00, 96.00
  12 , k_10_0_5_wicket_rp ,    8400  ,  1100 (               |   ----  *--  ),64.00, 78.00, 84.00, 89.00, 94.00
  12 , k_10_0.2_9_wicket_pca ,    8400  ,  1200 (               |      -  *--  ),74.00, 80.00, 84.00, 90.00, 95.00
  12 , k_10_0.1_5_wicket_pca ,    8400  ,  1200 (               |     --  *    ),71.00, 80.00, 84.00, 86.00, 90.00
  12 , k_10_0.15_5_wicket_pca ,    8400  ,  1000 (               |      -- *--  ),74.00, 82.00, 84.00, 90.00, 94.00
  12 , k_10_0.2_11_wicket_where ,    8400  ,  1100 (               | -----   *    ),57.00, 76.00, 84.00, 86.00, 89.00
  12 , k_10_0.2_7_wicket_2 ,    8400  ,  1400 (               |    ---  *-   ),70.00, 78.00, 84.00, 89.00, 91.00
  12 , k_10_0.01_13_wicket_kd ,    8400  ,  2100 (               |    --   *--  ),67.00, 76.00, 84.00, 89.00, 95.00
  12 , k_10_0.01_5_wicket_2 ,    8400  ,  1000 (               |      -- *--  ),75.00, 82.00, 84.00, 90.00, 95.00
  13 , k_10_0.15_7_wicket_pca ,    8500  ,  1400 (               |      -  * -  ),75.00, 78.00, 85.00, 92.00, 94.00
  13 , k_10_0.1_9_wicket_kd ,    8500  ,   800 (               |       - *-   ),78.00, 81.00, 85.00, 87.00, 91.00
  13 , k_10_0.2_13_wicket_rp ,    8500  ,   700 (               |     --- *-   ),71.00, 83.00, 85.00, 88.00, 93.00
  13 , k_10_0_11_wicket_pca ,    8500  ,   800 (               |   ----- *-   ),64.00, 82.00, 85.00, 88.00, 93.00
  13 , k_10_0.15_9_wicket_kd ,    8500  ,  1500 (               |    ---  *-   ),70.00, 77.00, 85.00, 89.00, 93.00
  13 , k_10_0.1_11_wicket_kd ,    8500  ,  1200 (               |         *--  ),78.00, 80.00, 85.00, 90.00, 95.00
  13 , k_10_0.15_11_wicket_kd ,    8500  ,  1100 (               |  -----  *    ),63.00, 78.00, 85.00, 86.00, 88.00
  13 , k_10_0.15_11_wicket_rp ,    8500  ,   800 (               |    ---  *    ),67.00, 80.00, 85.00, 88.00, 90.00
  13 , k_10_0.1_11_wicket_pca ,    8500  ,   700 (               |       - *-   ),77.00, 82.00, 85.00, 89.00, 93.00
  13 , k_10_0.25_9_wicket_kd ,    8500  ,  1000 (               |      -- *-   ),75.00, 82.00, 85.00, 90.00, 93.00
  13 , k_10_0_5_wicket_pca ,    8500  ,   600 (               |      -- *-   ),75.00, 82.00, 85.00, 87.00, 92.00
  13 , k_10_0.05_9_wicket_2 ,    8500  ,  1100 (               |      -  *-   ),76.00, 79.00, 85.00, 89.00, 93.00
  14 , k_10_0.15_9_wicket_pca ,    8600  ,  1500 (               |     -   *--  ),71.00, 75.00, 86.00, 88.00, 94.00
  14 , k_10_0.05_7_wicket_2 ,    8600  ,  1000 (               |      -- * -  ),76.00, 83.00, 86.00, 91.00, 94.00
  14 , k_10_0.1_13_wicket_rp ,    8600  ,  1200 (               |      -  *-   ),74.00, 78.00, 86.00, 89.00, 93.00
  14 , k_10_0.1_9_wicket_2 ,    8600  ,   900 (               |     --- *--  ),71.00, 82.00, 86.00, 88.00, 94.00
  14 , k_10_0.1_9_wicket_pca ,    8600  ,   800 (               |    ---- *-   ),67.00, 81.00, 86.00, 88.00, 92.00
  14 , k_10_0.25_13_wicket_pca ,    8600  ,  1000 (               |     --- *--- ),71.00, 83.00, 86.00, 89.00, 97.00
  14 , k_10_0.05_5_wicket_2 ,    8600  ,  1000 (               |     --- * -- ),71.00, 82.00, 86.00, 92.00, 97.00
  14 , k_10_0.2_13_wicket_pca ,    8600  ,   900 (               |    ---- *-   ),69.00, 81.00, 86.00, 89.00, 93.00
  14 , k_10_0.15_13_wicket_pca ,    8600  ,  1000 (               |      -- * -  ),76.00, 83.00, 86.00, 92.00, 96.00
  14 , k_10_0.2_5_wicket_2 ,    8600  ,  1100 (               |      -- *--  ),76.00, 81.00, 86.00, 90.00, 95.00
  14 , k_10_0.2_9_wicket_2 ,    8600  ,   800 (               |      -- *--  ),74.00, 83.00, 86.00, 90.00, 96.00
  14 , k_10_0.1_7_wicket_2 ,    8600  ,   800 (               |      -- *--  ),74.00, 83.00, 86.00, 89.00, 96.00
  14 , k_10_0.2_9_wicket_kd ,    8600  ,  1100 (               |      -- *--  ),74.00, 82.00, 86.00, 90.00, 96.00
  14 , k_10_0.2_11_wicket_2 ,    8600  ,  1100 (               |       --* -  ),80.00, 84.00, 86.00, 91.00, 96.00
  14 , k_10_0.01_13_wicket_2 ,    8600  ,   900 (               |     --  *--  ),73.00, 80.00, 86.00, 89.00, 96.00
  14 , k_10_0.25_13_wicket_rp ,    8600  ,  1400 (               |    ---- * -- ),69.00, 83.00, 86.00, 91.00, 100.00
  14 , k_10_0.05_11_wicket_rp ,    8600  ,  1300 (               |    ---  *-   ),67.00, 77.00, 86.00, 88.00, 93.00
  14 , k_10_0.15_11_wicket_2 ,    8600  ,   800 (               |      -- *--  ),76.00, 83.00, 86.00, 90.00, 94.00
  14 , k_10_0_13_wicket_pca ,    8600  ,   900 (               |       - *    ),78.00, 81.00, 86.00, 89.00, 90.00
  14 , k_10_0_11_wicket_rp ,    8600  ,  1000 (               |      -- *--  ),75.00, 81.00, 86.00, 90.00, 95.00
  14 , k_10_0.05_13_wicket_pca ,    8600  ,   900 (               |         * -  ),81.00, 83.00, 86.00, 91.00, 95.00
  14 , k_10_0.05_11_wicket_2 ,    8600  ,   700 (               |     --- *-   ),73.00, 82.00, 86.00, 88.00, 93.00
  14 , k_10_0.25_11_wicket_pca ,    8700  ,   700 (               |       -- *-  ),77.00, 85.00, 87.00, 90.00, 96.00
  14 , k_10_0.2_13_wicket_2 ,    8700  ,   700 (               |       -  *   ),80.00, 83.00, 87.00, 88.00, 92.00
  14 , k_10_0.25_11_wicket_2 ,    8700  ,  1000 (               |       -  *-  ),80.00, 83.00, 87.00, 90.00, 95.00
  14 , k_10_0.2_11_wicket_rp ,    8700  ,  1100 (               |      --  *-- ),75.00, 82.00, 87.00, 91.00, 97.00
  14 , k_10_0.2_5_wicket_pca ,    8700  ,  1800 (               |     --   *-  ),73.00, 79.00, 87.00, 93.00, 95.00
  14 , k_10_0_5_wicket_2 ,    8700  ,   900 (               |     ---  *-  ),73.00, 81.00, 87.00, 89.00, 94.00
  14 , k_10_0.2_11_wicket_kd ,    8700  ,   800 (               |      --  *   ),76.00, 83.00, 87.00, 89.00, 91.00
  14 , k_10_0.25_5_wicket_rp ,    8700  ,  1000 (               |      --- *-  ),76.00, 84.00, 87.00, 91.00, 96.00
  14 , k_10_0_7_wicket_2 ,    8700  ,   900 (               |      --  *-  ),75.00, 82.00, 87.00, 90.00, 95.00
  14 , k_10_0.1_7_wicket_kd ,    8700  ,   800 (               |       -  *-  ),79.00, 83.00, 87.00, 88.00, 94.00
  14 , k_10_0.05_9_wicket_kd ,    8700  ,   700 (               |       -  *   ),77.00, 83.00, 87.00, 90.00, 93.00
  14 , k_10_0.2_11_wicket_pca ,    8700  ,  1200 (               |      --  *   ),76.00, 82.00, 87.00, 90.00, 93.00
  14 , k_10_0.15_5_wicket_2 ,    8700  ,   800 (               |       -  *-  ),78.00, 83.00, 87.00, 90.00, 94.00
  14 , k_10_0.05_9_wicket_rp ,    8700  ,  1500 (               |    ----  *-- ),67.00, 81.00, 87.00, 90.00, 100.00
  14 , k_10_0.01_7_wicket_2 ,    8700  ,  1400 (               |      -   *-  ),74.00, 78.00, 87.00, 89.00, 95.00
  14 , k_10_0.25_9_wicket_2 ,    8700  ,  1000 (               |       -- *-  ),78.00, 84.00, 87.00, 92.00, 95.00
  14 , k_10_0.1_11_wicket_2 ,    8700  ,  1000 (               |      --  *-  ),74.00, 83.00, 87.00, 91.00, 95.00
  14 , k_10_0.01_13_wicket_pca ,    8700  ,  1600 (               | ------   *   ),58.00, 77.00, 87.00, 90.00, 93.00
  14 , k_10_0.15_11_wicket_pca ,    8700  ,   900 (               |    ----  *-  ),70.00, 83.00, 87.00, 89.00, 95.00
  15 , k_10_0.2_7_wicket_rp ,    8800  ,   700 (               |      --- *-  ),76.00, 85.00, 88.00, 90.00, 96.00
  15 , k_10_0_9_wicket_2 ,    8800  ,   900 (               |       -  *-  ),78.00, 83.00, 88.00, 91.00, 95.00
  15 , k_10_0.01_9_wicket_pca ,    8800  ,   900 (               |       -- *-  ),80.00, 84.00, 88.00, 89.00, 94.00
  15 , k_10_0.25_5_wicket_2 ,    8800  ,  1200 (               |       -  *-  ),77.00, 83.00, 88.00, 91.00, 96.00
  15 , k_10_0_7_wicket_pca ,    8800  ,  1200 (               |     ---  *-- ),72.00, 82.00, 88.00, 92.00, 100.00
  15 , k_10_0.25_9_wicket_rp ,    8800  ,  1100 (               |       -  *-  ),80.00, 83.00, 88.00, 91.00, 95.00
  15 , k_10_0.25_5_wicket_kd ,    8800  ,   700 (               |       -- *   ),80.00, 84.00, 88.00, 90.00, 93.00
  15 , k_10_0.05_11_wicket_pca ,    8800  ,  1100 (               |      --  *-  ),75.00, 82.00, 88.00, 91.00, 96.00
  15 , k_10_0.15_13_wicket_2 ,    8800  ,   900 (               |       -- *-  ),79.00, 84.00, 88.00, 91.00, 96.00
  15 , k_10_0.05_11_wicket_kd ,    8800  ,  1300 (               |      --  *-- ),75.00, 81.00, 88.00, 93.00, 97.00
  15 , k_10_0.25_7_wicket_2 ,    8800  ,  1100 (               |     ---  *-- ),73.00, 81.00, 88.00, 92.00, 100.00
  15 , k_10_0.2_5_wicket_kd ,    8800  ,   800 (               |       -- *-  ),77.00, 86.00, 88.00, 92.00, 95.00
  15 , k_10_0.25_9_wicket_pca ,    8800  ,   800 (               |        - *-  ),81.00, 84.00, 88.00, 91.00, 96.00
  15 , k_10_0_9_wicket_pca ,    8800  ,   700 (               |       -- *-  ),80.00, 85.00, 88.00, 92.00, 95.00
  15 , k_10_0.15_13_wicket_kd ,    8800  ,  1000 (               |       -- *-  ),79.00, 84.00, 88.00, 91.00, 95.00
  15 , k_10_0.05_5_wicket_rp ,    8900  ,  1100 (               |      --  *-  ),76.00, 83.00, 89.00, 91.00, 96.00
  15 , k_10_0.01_7_wicket_pca ,    8900  ,   700 (               |       -- *-  ),78.00, 86.00, 89.00, 92.00, 96.00
  15 , k_10_0.1_13_wicket_2 ,    8900  ,  1000 (               |       -- *-- ),77.00, 84.00, 89.00, 92.00, 100.00
  15 , k_10_0.1_13_wicket_pca ,    8900  ,   600 (               |        - *-  ),82.00, 86.00, 89.00, 92.00, 96.00
  15 , k_10_0.05_7_wicket_pca ,    8900  ,   900 (               |       -- *-  ),78.00, 85.00, 89.00, 91.00, 96.00
  15 , k_10_0.25_11_wicket_kd ,    8900  ,   700 (               |       -- *-  ),78.00, 85.00, 89.00, 91.00, 95.00
  15 , k_10_0.01_11_wicket_pca ,    8900  ,  1000 (               |      --- *-  ),76.00, 84.00, 89.00, 92.00, 96.00
  15 , k_10_0.05_13_wicket_2 ,    8900  ,   600 (               |        - *-  ),81.00, 86.00, 89.00, 91.00, 96.00
  15 , k_10_0.2_13_wicket_kd ,    8900  ,   700 (               |       -- *-  ),80.00, 85.00, 89.00, 92.00, 96.00
  15 , k_10_0.25_7_wicket_kd ,    8900  ,  1200 (               |      --  *-  ),74.00, 82.00, 89.00, 92.00, 95.00
  16 , k_10_0.2_5_wicket_rp ,    9000  ,   900 (               |       -  *-  ),78.00, 83.00, 90.00, 92.00, 94.00
  16 , k_10_0.2_7_wicket_pca ,    9000  ,   900 (               |      --- *-  ),74.00, 86.00, 90.00, 92.00, 96.00
  16 , k_10_0.15_9_wicket_2 ,    9000  ,   700 (               |          *-  ),84.00, 86.00, 90.00, 92.00, 96.00
  16 , k_10_0.25_13_wicket_kd ,    9000  ,   800 (               |         -*-  ),86.00, 88.00, 90.00, 93.00, 96.00
  16 , k_10_0.1_5_wicket_rp ,    9000  ,  1000 (               |       -  *-- ),77.00, 82.00, 90.00, 92.00, 100.00
  16 , k_10_0.2_7_wicket_kd ,    9100  ,   700 (               |        -- *- ),82.00, 89.00, 91.00, 94.00, 100.00
  16 , k_10_0.05_5_wicket_pca ,    9100  ,   800 (               |     ----- *- ),71.00, 88.00, 91.00, 96.00, 100.00
  16 , k_10_0.15_7_wicket_kd ,    9100  ,  1300 (               |     ----  *  ),73.00, 84.00, 91.00, 93.00, 96.00
  16 , k_10_0.25_5_wicket_pca ,    9100  ,   400 (               |         - *  ),84.00, 88.00, 91.00, 92.00, 95.00
  16 , k_10_0.25_7_wicket_pca ,    9200  ,   800 (               |       --- *  ),78.00, 87.00, 92.00, 95.00, 96.00
