[{	:decisions [0.8, 0.82, 5, 0.55, 50, 40, 1, 3, 5, 5, 2, 1589]
 	:name 0
 	:objectives [11.0, 53.5, 0.0]
},
 {	:decisions [0.8, 0.82, 5, 0.55, 50, 40, 1, 3, 5, 5, 1, 4701]
 	:name 1
 	:objectives [49.333333333333336, 120.07970017267904, 0.0]
},
 {	:decisions [0.8, 0.82, 5, 0.55, 50, 40, 1, 3, 5, 5, 1, 6694]
 	:name 2
 	:objectives [49.13333333333333, 168.1462884414975, 0.0]
},
 {	:decisions [0.8, 0.82, 5, 0.55, 50, 40, 1, 3, 5, 5, 6, 1120]
 	:name 3
 	:objectives [43.25, 123.06945483957455, 0.0]
},
 {	:decisions [0.8, 0.82, 5, 0.55, 50, 40, 1, 3, 5, 5, 4, 5886]
 	:name 4
 	:objectives [43.375, 210.21284998594325, 0.0]
},
 {	:decisions [0.8, 0.82, 5, 0.55, 50, 40, 1, 3, 5, 5, 5, 9186]
 	:name 5
 	:objectives [64.0, 146.31503565013335, 0.0]
},
 {	:decisions [0.8, 0.82, 5, 0.55, 50, 40, 1, 3, 5, 5, 9, 1913]
 	:name 6
 	:objectives [67.5, 167.18967133799902, 0.0]
},
 {	:decisions [0.8, 0.82, 5, 0.55, 50, 40, 1, 3, 5, 5, 9, 5264]
 	:name 7
 	:objectives [44.0, 231.94495345486433, 0.0]
},
 {	:decisions [0.8, 0.82, 5, 0.55, 50, 40, 1, 3, 5, 5, 9, 7824]
 	:name 8
 	:objectives [51.0, 154.65290468400116, 0.0]
},
 {	:decisions [0.8, 0.82, 5, 0.55, 50, 40, 1, 3, 5, 5, 1, 3048]
 	:name 9
 	:objectives [45.625, 251.2304215949758, 0.0]
},
 {	:decisions [0.8, 0.82, 5, 0.55, 50, 40, 1, 3, 5, 5, 3, 4625]
 	:name 10
 	:objectives [0, 0, 0.0]
},
 {	:decisions [0.8, 0.82, 5, 0.55, 50, 40, 1, 3, 5, 5, 2, 8427]
 	:name 11
 	:objectives [91.0, 470.6900993406093, 0.0]
},
 {	:decisions [0.8, 0.82, 5, 0.55, 50, 40, 1, 3, 5, 5, 5, 1109]
 	:name 12
 	:objectives [67.33333333333333, 449.2857037638417, 0.0]
},
 {	:decisions [0.8, 0.82, 5, 0.55, 50, 40, 1, 3, 5, 5, 6, 6299]
 	:name 13
 	:objectives [55.92857142857143, 404.4594859843286, 0.0]
},
 {	:decisions [0.8, 0.82, 5, 0.55, 50, 40, 1, 3, 5, 5, 6, 6358]
 	:name 14
 	:objectives [67.0, 253.2767538936788, 0.0]
},
 {	:decisions [0.8, 0.82, 5, 0.55, 50, 40, 1, 3, 5, 5, 9, 2287]
 	:name 15
 	:objectives [0, 0, 0.0]
},
 {	:decisions [0.8, 0.82, 5, 0.55, 50, 40, 1, 3, 5, 5, 8, 3909]
 	:name 16
 	:objectives [0, 0, 0.0]
},
 {	:decisions [0.8, 0.82, 5, 0.55, 50, 40, 1, 3, 5, 5, 7, 6326]
 	:name 17
 	:objectives [60.0, 297.9109714856117, 0.0]
},
 {	:decisions [0.8, 0.82, 5, 0.55, 50, 40, 1, 3, 5, 5, 2, 3649]
 	:name 18
 	:objectives [81.0, 967.7211673826602, 0.23523523523523523]
},
 {	:decisions [0.8, 0.82, 5, 0.55, 50, 40, 1, 3, 5, 5, 2, 4806]
 	:name 19
 	:objectives [0, 0, 0.0]
},
 {	:decisions [0.8, 0.82, 5, 0.55, 50, 40, 1, 3, 5, 5, 3, 8347]
 	:name 20
 	:objectives [83.0, 543.4508736903589, 0.0]
},
 {	:decisions [0.8, 0.82, 5, 0.55, 50, 40, 1, 3, 5, 5, 4, 500]
 	:name 21
 	:objectives [67.0, 1338.5506867110605, 0.7157157157157157]
},
 {	:decisions [0.8, 0.82, 5, 0.55, 50, 40, 1, 3, 5, 5, 4, 4072]
 	:name 22
 	:objectives [0, 0, 0.0]
},
 {	:decisions [0.8, 0.82, 5, 0.55, 50, 40, 1, 3, 5, 5, 6, 6430]
 	:name 23
 	:objectives [0, 0, 0.0]
},
 {	:decisions [0.8, 0.82, 5, 0.55, 50, 40, 1, 3, 5, 5, 9, 3850]
 	:name 24
 	:objectives [0, 0, 0.0]
},
 {	:decisions [0.8, 0.82, 5, 0.55, 50, 40, 1, 3, 5, 5, 8, 5887]
 	:name 25
 	:objectives [0, 0, 0.0]
},
 {	:decisions [0.8, 0.82, 5, 0.55, 50, 40, 1, 3, 5, 5, 8, 7290]
 	:name 26
 	:objectives [46.38461538461539, 631.8486850730364, 0.0]
},
 {	:decisions [0.45, 1.0, 5, 0.55, 50, 25, 2, 3, 20, 5, 3, 3696]
 	:name 0
 	:objectives [0, 0, 0.0]
},
 {	:decisions [0.45, 1.0, 5, 0.55, 50, 25, 2, 3, 20, 5, 1, 5791]
 	:name 1
 	:objectives [0, 0, 0.0]
},
 {	:decisions [0.45, 1.0, 5, 0.55, 50, 25, 2, 3, 20, 5, 3, 9698]
 	:name 2
 	:objectives [0, 0, 0.0]
},
 {	:decisions [0.45, 1.0, 5, 0.55, 50, 25, 2, 3, 20, 5, 6, 2498]
 	:name 3
 	:objectives [0, 0, 0.0]
},
 {	:decisions [0.45, 1.0, 5, 0.55, 50, 25, 2, 3, 20, 5, 4, 5570]
 	:name 4
 	:objectives [0, 0, 0.0]
},
 {	:decisions [0.45, 1.0, 5, 0.55, 50, 25, 2, 3, 20, 5, 5, 6909]
 	:name 5
 	:objectives [0, 0, 0.0]
},
 {	:decisions [0.45, 1.0, 5, 0.55, 50, 25, 2, 3, 20, 5, 9, 836]
 	:name 6
 	:objectives [61.0, 532.8120368241168, 0.0]
},
 {	:decisions [0.45, 1.0, 5, 0.55, 50, 25, 2, 3, 20, 5, 7, 5333]
 	:name 7
 	:objectives [62.142857142857146, 482.91707001093425, 0.0]
},
 {	:decisions [0.45, 1.0, 5, 0.55, 50, 25, 2, 3, 20, 5, 7, 9088]
 	:name 8
 	:objectives [44.0, 371.54188098910083, 0.0]
},
 {	:decisions [0.45, 1.0, 5, 0.55, 50, 25, 2, 3, 20, 5, 1, 3814]
 	:name 9
 	:objectives [35.0, 449.53763114893945, 0.0]
},
 {	:decisions [0.45, 1.0, 5, 0.55, 50, 25, 2, 3, 20, 5, 1, 3777]
 	:name 10
 	:objectives [0, 0, 0.0]
},
 {	:decisions [0.45, 1.0, 5, 0.55, 50, 25, 2, 3, 20, 5, 3, 9370]
 	:name 11
 	:objectives [0, 0, 0.0]
},
 {	:decisions [0.45, 1.0, 5, 0.55, 50, 25, 2, 3, 20, 5, 5, 3618]
 	:name 12
 	:objectives [0, 0, 0.0]
},
 {	:decisions [0.45, 1.0, 5, 0.55, 50, 25, 2, 3, 20, 5, 6, 6637]
 	:name 13
 	:objectives [0, 0, 0.0]
},
 {	:decisions [0.45, 1.0, 5, 0.55, 50, 25, 2, 3, 20, 5, 4, 9155]
 	:name 14
 	:objectives [62.0, 121.64204915598623, 0.0]
},
 {	:decisions [0.45, 1.0, 5, 0.55, 50, 25, 2, 3, 20, 5, 7, 872]
 	:name 15
 	:objectives [0, 0, 0.0]
},
 {	:decisions [0.45, 1.0, 5, 0.55, 50, 25, 2, 3, 20, 5, 9, 3840]
 	:name 16
 	:objectives [0, 0, 0.0]
},
 {	:decisions [0.45, 1.0, 5, 0.55, 50, 25, 2, 3, 20, 5, 9, 7139]
 	:name 17
 	:objectives [0, 0, 0.0]
},
 {	:decisions [0.45, 1.0, 5, 0.55, 50, 25, 2, 3, 20, 5, 3, 2603]
 	:name 18
 	:objectives [0, 0, 0.0]
},
 {	:decisions [0.45, 1.0, 5, 0.55, 50, 25, 2, 3, 20, 5, 3, 6942]
 	:name 19
 	:objectives [0, 0, 0.0]
},
 {	:decisions [0.45, 1.0, 5, 0.55, 50, 25, 2, 3, 20, 5, 2, 8737]
 	:name 20
 	:objectives [0, 0, 0.0]
},
 {	:decisions [0.45, 1.0, 5, 0.55, 50, 25, 2, 3, 20, 5, 6, 1565]
 	:name 21
 	:objectives [27.0, 179.45030600468317, 0.0]
},
 {	:decisions [0.45, 1.0, 5, 0.55, 50, 25, 2, 3, 20, 5, 6, 6330]
 	:name 22
 	:objectives [0, 0, 0.0]
},
 {	:decisions [0.45, 1.0, 5, 0.55, 50, 25, 2, 3, 20, 5, 4, 8023]
 	:name 23
 	:objectives [0, 0, 0.0]
},
 {	:decisions [0.45, 1.0, 5, 0.55, 50, 25, 2, 3, 20, 5, 9, 664]
 	:name 24
 	:objectives [0, 0, 0.0]
},
 {	:decisions [0.45, 1.0, 5, 0.55, 50, 25, 2, 3, 20, 5, 8, 6673]
 	:name 25
 	:objectives [0, 0, 0.0]
},
 {	:decisions [0.45, 1.0, 5, 0.55, 50, 25, 2, 3, 20, 5, 8, 8479]
 	:name 26
 	:objectives [54.0, 231.42020481744274, 0.0]
},
 {	:decisions [0.1, 1.2, 5, 0.55, 50, 10, 4, 3, 44, 5, 2, 3779]
 	:name 0
 	:objectives [0, 0, 0.0]
},
 {	:decisions [0.1, 1.2, 5, 0.55, 50, 10, 4, 3, 44, 5, 1, 6205]
 	:name 1
 	:objectives [49.285714285714285, 317.99792792065733, 0.0]
},
 {	:decisions [0.1, 1.2, 5, 0.55, 50, 10, 4, 3, 44, 5, 2, 9743]
 	:name 2
 	:objectives [0, 0, 0.0]
},
 {	:decisions [0.1, 1.2, 5, 0.55, 50, 10, 4, 3, 44, 5, 4, 171]
 	:name 3
 	:objectives [0, 0, 0.04904904904904905]
},
 {	:decisions [0.1, 1.2, 5, 0.55, 50, 10, 4, 3, 44, 5, 5, 5091]
 	:name 4
 	:objectives [0, 0, 0.0]
},
 {	:decisions [0.1, 1.2, 5, 0.55, 50, 10, 4, 3, 44, 5, 4, 9611]
 	:name 5
 	:objectives [0, 0, 0.0]
},
 {	:decisions [0.1, 1.2, 5, 0.55, 50, 10, 4, 3, 44, 5, 7, 3225]
 	:name 6
 	:objectives [0, 0, 0.0]
},
 {	:decisions [0.1, 1.2, 5, 0.55, 50, 10, 4, 3, 44, 5, 9, 3619]
 	:name 7
 	:objectives [0, 0, 0.0]
},
 {	:decisions [0.1, 1.2, 5, 0.55, 50, 10, 4, 3, 44, 5, 9, 9772]
 	:name 8
 	:objectives [0, 0, 0.0]
},
 {	:decisions [0.1, 1.2, 5, 0.55, 50, 10, 4, 3, 44, 5, 3, 1301]
 	:name 9
 	:objectives [0, 0, 0.0]
},
 {	:decisions [0.1, 1.2, 5, 0.55, 50, 10, 4, 3, 44, 5, 2, 6489]
 	:name 10
 	:objectives [68.25, 206.75257961813696, 0.0]
},
 {	:decisions [0.1, 1.2, 5, 0.55, 50, 10, 4, 3, 44, 5, 1, 9356]
 	:name 11
 	:objectives [0, 0, 0.0]
},
 {	:decisions [0.1, 1.2, 5, 0.55, 50, 10, 4, 3, 44, 5, 4, 1066]
 	:name 12
 	:objectives [0, 0, 0.0]
},
 {	:decisions [0.1, 1.2, 5, 0.55, 50, 10, 4, 3, 44, 5, 6, 6331]
 	:name 13
 	:objectives [0, 0, 0.0]
},
 {	:decisions [0.1, 1.2, 5, 0.55, 50, 10, 4, 3, 44, 5, 6, 6995]
 	:name 14
 	:objectives [0, 0, 0.0]
},
 {	:decisions [0.1, 1.2, 5, 0.55, 50, 10, 4, 3, 44, 5, 8, 497]
 	:name 15
 	:objectives [0, 0, 0.0]
},
 {	:decisions [0.1, 1.2, 5, 0.55, 50, 10, 4, 3, 44, 5, 9, 4959]
 	:name 16
 	:objectives [0, 0, 0.0]
},
 {	:decisions [0.1, 1.2, 5, 0.55, 50, 10, 4, 3, 44, 5, 8, 7261]
 	:name 17
 	:objectives [0, 0, 0.0]
},
 {	:decisions [0.1, 1.2, 5, 0.55, 50, 10, 4, 3, 44, 5, 1, 1974]
 	:name 18
 	:objectives [0, 0, 0.0]
},
 {	:decisions [0.1, 1.2, 5, 0.55, 50, 10, 4, 3, 44, 5, 2, 6689]
 	:name 19
 	:objectives [0, 0, 0.0]
},
 {	:decisions [0.1, 1.2, 5, 0.55, 50, 10, 4, 3, 44, 5, 2, 8060]
 	:name 20
 	:objectives [0, 0, 0.0]
},
 {	:decisions [0.1, 1.2, 5, 0.55, 50, 10, 4, 3, 44, 5, 6, 3372]
 	:name 21
 	:objectives [0, 0, 0.0]
},
 {	:decisions [0.1, 1.2, 5, 0.55, 50, 10, 4, 3, 44, 5, 4, 6456]
 	:name 22
 	:objectives [0, 0, 0.0]
},
 {	:decisions [0.1, 1.2, 5, 0.55, 50, 10, 4, 3, 44, 5, 4, 9662]
 	:name 23
 	:objectives [0, 0, 0.0]
},
 {	:decisions [0.1, 1.2, 5, 0.55, 50, 10, 4, 3, 44, 5, 7, 984]
 	:name 24
 	:objectives [0, 0, 0.0]
},
 {	:decisions [0.1, 1.2, 5, 0.55, 50, 10, 4, 3, 44, 5, 9, 5616]
 	:name 25
 	:objectives [0, 0, 0.0]
},
 {	:decisions [0.1, 1.2, 5, 0.55, 50, 10, 4, 3, 44, 5, 7, 7607]
 	:name 26
 	:objectives [0, 0, 0.0]
}]
