rank ,         name ,    med   ,  iqr 
----------------------------------------------------
   1 ,      2-means ,       2  ,     0 (*              |              ), 0.02,  0.02,  0.02,  0.02,  0.02
   1 ,     entropic ,       2  ,     0 (*              |              ), 0.02,  0.02,  0.02,  0.02,  0.02
   1 ,           kd ,       2  ,     0 (*              |              ), 0.02,  0.02,  0.02,  0.02,  0.02
   1 ,          pca ,       2  ,     0 (*              |              ), 0.02,  0.02,  0.02,  0.02,  0.02
   1 ,       random ,       2  ,     0 (*              |              ), 0.02,  0.02,  0.02,  0.02,  0.02
   1 ,           rp ,       2  ,     0 (*              |              ), 0.02,  0.02,  0.02,  0.02,  0.02
   1 ,     spectral ,       2  ,     0 (*              |              ), 0.02,  0.02,  0.02,  0.02,  0.02
   1 ,        where ,       2  ,     0 (*              |              ), 0.02,  0.02,  0.02,  0.02,  0.02
