rank ,         name ,    med   ,  iqr 
----------------------------------------------------
   1 , k_3_0_5_accumulo_random_times.txt ,       1  ,     0 (*              |              ), 0.01,  0.01,  0.01,  0.01,  0.02
   1 , k_3_0_7_accumulo_random_times.txt ,       1  ,     0 (*              |              ), 0.01,  0.01,  0.01,  0.01,  0.02
   1 , k_3_0_9_accumulo_random_times.txt ,       1  ,     0 (*              |              ), 0.01,  0.01,  0.01,  0.01,  0.02
   1 , k_3_0_13_accumulo_random_times.txt ,       1  ,     0 (*              |              ), 0.01,  0.01,  0.01,  0.01,  0.02
   1 , k_3_0.01_9_accumulo_random_times ,       1  ,     1 (*              |              ), 0.01,  0.01,  0.01,  0.02,  0.02
   1 , k_3_0.01_5_accumulo_random_times ,       1  ,     1 (*              |              ), 0.01,  0.01,  0.01,  0.02,  0.02
   1 , k_3_0_11_accumulo_random_times.txt ,       1  ,     0 (*              |              ), 0.01,  0.01,  0.01,  0.01,  0.02
   1 , k_3_0.01_13_accumulo_random_times ,       1  ,     0 (*              |              ), 0.01,  0.01,  0.01,  0.01,  0.02
   1 , k_3_0.01_7_accumulo_random_times ,       1  ,     0 (*              |              ), 0.01,  0.01,  0.01,  0.01,  0.02
   1 , k_3_0.01_11_accumulo_random_times ,       1  ,     0 (*              |              ), 0.01,  0.01,  0.01,  0.01,  0.02
   1 , k_3_0.05_11_accumulo_random_times ,       1  ,     1 (*              |              ), 0.01,  0.01,  0.01,  0.02,  0.02
   1 , k_3_0.05_7_accumulo_random_times ,       1  ,     1 (*              |              ), 0.01,  0.01,  0.01,  0.02,  0.02
   1 , k_3_0.05_13_accumulo_random_times ,       1  ,     1 (*              |              ), 0.01,  0.01,  0.01,  0.02,  0.02
   1 , k_3_0.05_9_accumulo_random_times ,       2  ,     1 (*              |              ), 0.01,  0.01,  0.02,  0.02,  0.02
   1 , k_3_0.05_5_accumulo_random_times ,       2  ,     1 (*              |              ), 0.01,  0.01,  0.02,  0.02,  0.02
   1 , k_3_0.1_13_accumulo_random_times ,       2  ,     0 (*              |              ), 0.02,  0.02,  0.02,  0.02,  0.02
   1 , k_3_0.1_5_accumulo_random_times ,       2  ,     0 (*              |              ), 0.02,  0.02,  0.02,  0.02,  0.02
   1 , k_3_0.1_11_accumulo_random_times ,       2  ,     0 (*              |              ), 0.02,  0.02,  0.02,  0.02,  0.03
   1 , k_3_0.1_7_accumulo_random_times ,       2  ,     0 (*              |              ), 0.02,  0.02,  0.02,  0.02,  0.03
   1 , k_3_0.1_9_accumulo_random_times ,       2  ,     0 (*              |              ), 0.02,  0.02,  0.02,  0.02,  0.03
   1 , k_3_0_5_accumulo_rp_times.txt ,       2  ,     0 (*              |              ), 0.02,  0.02,  0.02,  0.02,  0.03
   1 , k_3_0.01_9_accumulo_rp_times ,       2  ,     0 (*              |              ), 0.02,  0.02,  0.02,  0.02,  0.02
   1 , k_3_0.01_7_accumulo_rp_times ,       2  ,     0 (*              |              ), 0.02,  0.02,  0.02,  0.02,  0.03
   1 , k_3_0.01_5_accumulo_rp_times ,       2  ,     0 (*              |              ), 0.02,  0.02,  0.02,  0.02,  0.03
   1 , k_3_0.01_13_accumulo_rp_times ,       2  ,     0 (*              |              ), 0.02,  0.02,  0.02,  0.02,  0.03
   1 , k_3_0_7_accumulo_rp_times.txt ,       2  ,     1 (*              |              ), 0.02,  0.02,  0.02,  0.03,  0.03
   1 , k_3_0.05_5_accumulo_rp_times ,       2  ,     0 (*              |              ), 0.02,  0.02,  0.02,  0.02,  0.03
   1 , k_3_0.01_11_accumulo_rp_times ,       2  ,     1 (*              |              ), 0.02,  0.02,  0.02,  0.02,  0.04
   1 , k_3_0_11_accumulo_rp_times.txt ,       2  ,     1 (*              |              ), 0.02,  0.02,  0.02,  0.03,  0.03
   1 , k_3_0.05_9_accumulo_rp_times ,       2  ,     0 (*              |              ), 0.02,  0.02,  0.02,  0.02,  0.03
   1 , k_3_0_5_accumulo_kd_times.txt ,       2  ,     0 (*              |              ), 0.02,  0.02,  0.02,  0.02,  0.03
   1 , k_3_0.01_5_accumulo_kd_times ,       2  ,     1 (*              |              ), 0.02,  0.02,  0.02,  0.03,  0.03
   1 , k_3_0_9_accumulo_rp_times.txt ,       2  ,     1 (*              |              ), 0.02,  0.02,  0.02,  0.03,  0.03
   1 , k_3_0_13_accumulo_rp_times.txt ,       2  ,     1 (*              |              ), 0.02,  0.02,  0.02,  0.02,  0.03
   1 , k_3_0.05_7_accumulo_rp_times ,       2  ,     1 (*              |              ), 0.02,  0.02,  0.02,  0.03,  0.03
   1 , k_3_0.05_11_accumulo_rp_times ,       2  ,     1 (*              |              ), 0.02,  0.02,  0.02,  0.03,  0.07
   1 , k_3_0.05_13_accumulo_rp_times ,       2  ,     1 (*              |              ), 0.02,  0.02,  0.02,  0.03,  0.04
   1 , k_3_0.05_5_accumulo_kd_times ,       2  ,     0 (*              |              ), 0.02,  0.02,  0.02,  0.02,  0.03
   1 , k_3_0.15_5_accumulo_random_times ,       2  ,     1 (*              |              ), 0.02,  0.02,  0.02,  0.03,  0.05
   1 , k_3_0.1_11_accumulo_rp_times ,       2  ,     0 (*              |              ), 0.02,  0.02,  0.02,  0.02,  0.03
   1 , k_3_0.1_5_accumulo_rp_times ,       2  ,     0 (*              |              ), 0.02,  0.02,  0.02,  0.02,  0.03
   1 , k_3_0.15_11_accumulo_random_times ,       2  ,     0 (*              |              ), 0.02,  0.02,  0.02,  0.02,  0.03
   1 , k_3_0.15_13_accumulo_random_times ,       2  ,     0 (*              |              ), 0.02,  0.02,  0.02,  0.02,  0.03
   1 , k_3_0.1_7_accumulo_rp_times ,       2  ,     1 (*              |              ), 0.02,  0.02,  0.02,  0.02,  0.03
   1 , k_3_0.15_7_accumulo_random_times ,       2  ,     1 (*              |              ), 0.02,  0.02,  0.02,  0.03,  0.03
   1 , k_3_0.1_13_accumulo_rp_times ,       2  ,     0 (*              |              ), 0.02,  0.02,  0.02,  0.02,  0.03
   1 , k_3_0.1_9_accumulo_rp_times ,       2  ,     1 (*              |              ), 0.02,  0.02,  0.02,  0.03,  0.03
   1 , k_3_0.15_9_accumulo_random_times ,       2  ,     1 (*              |              ), 0.02,  0.02,  0.02,  0.02,  0.03
   1 , k_3_0.05_11_accumulo_spectral_times ,       2  ,     1 (*              |              ), 0.02,  0.02,  0.02,  0.03,  0.03
   1 , k_3_0.1_13_accumulo_spectral_times ,       3  ,     1 (*              |              ), 0.02,  0.02,  0.03,  0.03,  0.03
   1 , k_3_0.1_7_accumulo_spectral_times ,       3  ,     1 (*              |              ), 0.02,  0.02,  0.03,  0.03,  0.03
   1 , k_3_0.05_9_accumulo_spectral_times ,       3  ,     1 (*              |              ), 0.02,  0.02,  0.03,  0.03,  0.03
   1 , k_3_0.1_5_accumulo_spectral_times ,       3  ,     1 (*              |              ), 0.02,  0.02,  0.03,  0.03,  0.03
   1 , k_3_0.1_5_accumulo_kd_times ,       3  ,     0 (*              |              ), 0.02,  0.03,  0.03,  0.03,  0.03
   1 , k_3_0.2_7_accumulo_random_times ,       3  ,     0 (*              |              ), 0.02,  0.03,  0.03,  0.03,  0.03
   1 , k_3_0.05_13_accumulo_spectral_times ,       3  ,     1 (*              |              ), 0.02,  0.02,  0.03,  0.03,  0.03
   1 , k_3_0.1_9_accumulo_spectral_times ,       3  ,     1 (*              |              ), 0.02,  0.02,  0.03,  0.03,  0.03
   1 , k_3_0.2_11_accumulo_random_times ,       3  ,     0 (*              |              ), 0.03,  0.03,  0.03,  0.03,  0.03
   1 , k_3_0.2_5_accumulo_random_times ,       3  ,     0 (*              |              ), 0.03,  0.03,  0.03,  0.03,  0.03
   1 , k_3_0.2_9_accumulo_random_times ,       3  ,     0 (*              |              ), 0.03,  0.03,  0.03,  0.03,  0.03
   1 , k_3_0.1_11_accumulo_spectral_times ,       3  ,     1 (*              |              ), 0.02,  0.02,  0.03,  0.03,  0.03
   1 , k_3_0.2_13_accumulo_random_times ,       3  ,     0 (*              |              ), 0.03,  0.03,  0.03,  0.03,  0.04
   1 , k_3_0.15_5_accumulo_kd_times ,       3  ,     0 (*              |              ), 0.03,  0.03,  0.03,  0.03,  0.03
   1 , k_3_0.25_5_accumulo_random_times ,       3  ,     0 (*              |              ), 0.03,  0.03,  0.03,  0.03,  0.04
   1 , k_3_0_7_accumulo_kd_times.txt ,       3  ,     0 (*              |              ), 0.03,  0.03,  0.03,  0.03,  0.03
   1 , k_3_0.01_11_accumulo_pca_times ,       3  ,     0 (*              |              ), 0.03,  0.03,  0.03,  0.03,  0.04
   1 , k_3_0.01_7_accumulo_kd_times ,       3  ,     0 (*              |              ), 0.03,  0.03,  0.03,  0.03,  0.03
   1 , k_3_0.01_5_accumulo_pca_times ,       3  ,     1 (*              |              ), 0.03,  0.03,  0.03,  0.04,  0.04
   1 , k_3_0_7_accumulo_pca_times.txt ,       3  ,     0 (*              |              ), 0.03,  0.03,  0.03,  0.03,  0.04
   1 , k_3_0.01_13_accumulo_pca_times ,       3  ,     1 (*              |              ), 0.03,  0.03,  0.03,  0.04,  0.04
   1 , k_3_0_7_accumulo_spectral_times.txt ,       3  ,     0 (*              |              ), 0.03,  0.03,  0.03,  0.03,  0.03
   1 , k_3_0_13_accumulo_pca_times.txt ,       3  ,     1 (*              |              ), 0.03,  0.03,  0.03,  0.04,  0.04
   1 , k_3_0_11_accumulo_pca_times.txt ,       3  ,     1 (*              |              ), 0.03,  0.03,  0.03,  0.04,  0.04
   1 , k_3_0_9_accumulo_spectral_times.txt ,       3  ,     0 (*              |              ), 0.02,  0.03,  0.03,  0.03,  0.03
   1 , k_3_0.05_7_accumulo_spectral_times ,       3  ,     0 (*              |              ), 0.02,  0.03,  0.03,  0.03,  0.04
   1 , k_3_0_5_accumulo_pca_times.txt ,       3  ,     0 (*              |              ), 0.03,  0.03,  0.03,  0.03,  0.04
   1 , k_3_0.25_5_accumulo_kd_times ,       3  ,     0 (*              |              ), 0.03,  0.03,  0.03,  0.03,  0.04
   1 , k_3_0.05_7_accumulo_kd_times ,       3  ,     0 (*              |              ), 0.03,  0.03,  0.03,  0.03,  0.04
   1 , k_3_0.05_11_accumulo_pca_times ,       3  ,     1 (*              |              ), 0.03,  0.03,  0.03,  0.03,  0.04
   1 , k_3_0.01_9_accumulo_spectral_times ,       3  ,     0 (*              |              ), 0.03,  0.03,  0.03,  0.03,  0.03
   1 , k_3_0_5_accumulo_spectral_times.txt ,       3  ,     0 (*              |              ), 0.03,  0.03,  0.03,  0.03,  0.03
   1 , k_3_0_11_accumulo_spectral_times.txt ,       3  ,     0 (*              |              ), 0.03,  0.03,  0.03,  0.03,  0.04
   1 , k_3_0.01_9_accumulo_pca_times ,       3  ,     1 (*              |              ), 0.03,  0.03,  0.03,  0.04,  0.04
   1 , k_3_0.01_13_accumulo_spectral_times ,       3  ,     0 (*              |              ), 0.03,  0.03,  0.03,  0.03,  0.03
   1 , k_3_0.01_5_accumulo_spectral_times ,       3  ,     0 (*              |              ), 0.03,  0.03,  0.03,  0.03,  0.04
   1 , k_3_0.01_7_accumulo_spectral_times ,       3  ,     0 (*              |              ), 0.03,  0.03,  0.03,  0.03,  0.03
   1 , k_3_0.01_11_accumulo_spectral_times ,       3  ,     0 (*              |              ), 0.03,  0.03,  0.03,  0.03,  0.03
   1 , k_3_0.05_5_accumulo_pca_times ,       3  ,     1 (*              |              ), 0.03,  0.03,  0.03,  0.04,  0.04
   1 , k_3_0_13_accumulo_spectral_times.txt ,       3  ,     0 (*              |              ), 0.03,  0.03,  0.03,  0.03,  0.03
   1 , k_3_0.05_7_accumulo_pca_times ,       3  ,     1 (*              |              ), 0.03,  0.03,  0.03,  0.04,  0.04
   1 , k_3_0.1_11_accumulo_pca_times ,       3  ,     1 (*              |              ), 0.03,  0.03,  0.03,  0.04,  0.05
   1 , k_3_0_9_accumulo_pca_times.txt ,       3  ,     1 (*              |              ), 0.03,  0.03,  0.03,  0.04,  0.04
   1 , k_3_0.05_13_accumulo_pca_times ,       3  ,     1 (*              |              ), 0.03,  0.03,  0.03,  0.04,  0.04
   1 , k_3_0.1_7_accumulo_kd_times ,       3  ,     1 (*              |              ), 0.03,  0.03,  0.03,  0.04,  0.04
   1 , k_3_0.1_5_accumulo_pca_times ,       3  ,     1 (*              |              ), 0.03,  0.03,  0.03,  0.04,  0.05
   1 , k_3_0.01_7_accumulo_pca_times ,       3  ,     1 (*              |              ), 0.03,  0.03,  0.03,  0.04,  0.05
   1 , k_3_0.1_13_accumulo_pca_times ,       4  ,     1 (*              |              ), 0.03,  0.03,  0.04,  0.04,  0.05
   1 , k_3_0.1_7_accumulo_pca_times ,       4  ,     1 (*              |              ), 0.03,  0.03,  0.04,  0.04,  0.04
   1 , k_3_0.05_5_accumulo_spectral_times ,       4  ,     1 (*              |              ), 0.03,  0.03,  0.04,  0.04,  0.04
   1 , k_3_0.1_9_accumulo_pca_times ,       4  ,     1 (*              |              ), 0.03,  0.03,  0.04,  0.04,  0.04
   1 , k_3_0.15_11_accumulo_rp_times ,       4  ,     1 (*              |              ), 0.03,  0.03,  0.04,  0.04,  0.04
   1 , k_3_0.15_5_accumulo_rp_times ,       4  ,     0 (*              |              ), 0.03,  0.04,  0.04,  0.04,  0.05
   1 , k_3_0.15_13_accumulo_rp_times ,       4  ,     2 (*              |              ), 0.03,  0.03,  0.04,  0.04,  0.05
   1 , k_3_0.05_9_accumulo_pca_times ,       4  ,     1 (*              |              ), 0.03,  0.03,  0.04,  0.04,  0.04
   1 , k_3_0_9_accumulo_kd_times.txt ,       4  ,     0 (*              |              ), 0.04,  0.04,  0.04,  0.04,  0.04
   1 , k_3_0.01_9_accumulo_kd_times ,       4  ,     0 (*              |              ), 0.04,  0.04,  0.04,  0.04,  0.04
   1 , k_3_0.2_5_accumulo_kd_times ,       4  ,     1 (*              |              ), 0.03,  0.04,  0.04,  0.04,  0.05
   1 , k_3_0.2_5_accumulo_rp_times ,       4  ,     0 (*              |              ), 0.04,  0.04,  0.04,  0.04,  0.04
   1 , k_3_0.2_7_accumulo_rp_times ,       4  ,     0 (*              |              ), 0.04,  0.04,  0.04,  0.04,  0.04
   1 , k_3_0.2_11_accumulo_rp_times ,       4  ,     0 (*              |              ), 0.04,  0.04,  0.04,  0.04,  0.05
   1 , k_3_0.15_7_accumulo_kd_times ,       4  ,     0 (*              |              ), 0.04,  0.04,  0.04,  0.04,  0.04
   1 , k_3_0.2_9_accumulo_rp_times ,       4  ,     0 (*              |              ), 0.04,  0.04,  0.04,  0.04,  0.05
   1 , k_3_0.2_13_accumulo_rp_times ,       4  ,     0 (*              |              ), 0.04,  0.04,  0.04,  0.04,  0.05
   1 , k_3_0.15_7_accumulo_rp_times ,       4  ,     1 (*              |              ), 0.04,  0.04,  0.04,  0.05,  0.07
   1 , k_3_0.05_9_accumulo_kd_times ,       4  ,     0 (*              |              ), 0.04,  0.04,  0.04,  0.04,  0.04
   1 , k_3_0.25_7_accumulo_random_times ,       4  ,     0 (*              |              ), 0.04,  0.04,  0.04,  0.04,  0.05
   1 , k_3_0.15_9_accumulo_rp_times ,       4  ,     1 (*              |              ), 0.03,  0.04,  0.04,  0.05,  0.06
   1 , k_3_0.2_7_accumulo_spectral_times ,       4  ,     1 (*              |              ), 0.04,  0.04,  0.04,  0.05,  0.05
   1 , k_3_0.15_5_accumulo_spectral_times ,       4  ,     0 (*              |              ), 0.04,  0.04,  0.04,  0.04,  0.04
   1 , k_3_0.15_9_accumulo_spectral_times ,       4  ,     0 (*              |              ), 0.04,  0.04,  0.04,  0.04,  0.05
   1 , k_3_0.15_11_accumulo_spectral_times ,       4  ,     0 (*              |              ), 0.04,  0.04,  0.04,  0.04,  0.05
   1 , k_3_0.25_9_accumulo_random_times ,       4  ,     1 (*              |              ), 0.04,  0.04,  0.04,  0.04,  0.05
   1 , k_3_0.15_7_accumulo_spectral_times ,       4  ,     0 (*              |              ), 0.04,  0.04,  0.04,  0.04,  0.05
   1 , k_3_0.25_5_accumulo_rp_times ,       4  ,     0 (*              |              ), 0.04,  0.04,  0.04,  0.04,  0.05
   1 , k_3_0.15_13_accumulo_spectral_times ,       4  ,     0 (*              |              ), 0.04,  0.04,  0.04,  0.04,  0.05
   1 , k_3_0.2_9_accumulo_spectral_times ,       4  ,     1 (*              |              ), 0.04,  0.04,  0.04,  0.05,  0.05
   1 , k_3_0_11_accumulo_kd_times.txt ,       4  ,     1 (*              |              ), 0.04,  0.04,  0.04,  0.05,  0.05
   1 , k_3_0.1_9_accumulo_kd_times ,       4  ,     1 (*              |              ), 0.04,  0.04,  0.04,  0.05,  0.05
   1 , k_3_0.2_5_accumulo_spectral_times ,       4  ,     1 (*              |              ), 0.04,  0.04,  0.04,  0.05,  0.05
   1 , k_3_0.25_13_accumulo_random_times ,       5  ,     1 (*              |              ), 0.04,  0.04,  0.05,  0.05,  0.06
   1 , k_3_0.01_11_accumulo_kd_times ,       5  ,     1 (*              |              ), 0.04,  0.04,  0.05,  0.05,  0.05
   1 , k_3_0.01_9_accumulo_entropic_times ,       5  ,     0 (*              |              ), 0.05,  0.05,  0.05,  0.05,  0.06
   1 , k_3_0.01_11_accumulo_entropic_times ,       5  ,     0 (*              |              ), 0.05,  0.05,  0.05,  0.05,  0.06
   1 , k_3_0_9_accumulo_entropic_times.txt ,       5  ,     1 (*              |              ), 0.05,  0.05,  0.05,  0.06,  0.06
   1 , k_3_0_5_accumulo_entropic_times.txt ,       5  ,     1 (*              |              ), 0.05,  0.05,  0.05,  0.06,  0.06
   1 , k_3_0.05_11_accumulo_entropic_times ,       5  ,     1 (*              |              ), 0.05,  0.05,  0.05,  0.06,  0.06
   1 , k_3_0.01_5_accumulo_entropic_times ,       5  ,     1 (*              |              ), 0.05,  0.05,  0.05,  0.06,  0.06
   1 , k_3_0_7_accumulo_entropic_times.txt ,       5  ,     1 (*              |              ), 0.05,  0.05,  0.05,  0.05,  0.06
   1 , k_3_0.01_13_accumulo_entropic_times ,       5  ,     1 (*              |              ), 0.05,  0.05,  0.05,  0.06,  0.06
   1 , k_3_0_11_accumulo_entropic_times.txt ,       5  ,     0 (*              |              ), 0.05,  0.05,  0.05,  0.05,  0.06
   1 , k_3_0.01_7_accumulo_entropic_times ,       5  ,     0 (*              |              ), 0.05,  0.05,  0.05,  0.05,  0.06
   1 , k_3_0.05_5_accumulo_entropic_times ,       5  ,     1 (*              |              ), 0.05,  0.05,  0.05,  0.06,  0.06
   1 , k_3_0.05_7_accumulo_entropic_times ,       5  ,     1 (*              |              ), 0.05,  0.05,  0.05,  0.06,  0.06
   1 , k_3_0.1_11_accumulo_entropic_times ,       5  ,     1 (*              |              ), 0.05,  0.05,  0.05,  0.06,  0.06
   1 , k_3_0_13_accumulo_entropic_times.txt ,       5  ,     1 (*              |              ), 0.05,  0.05,  0.05,  0.06,  0.06
   1 , k_3_0.05_13_accumulo_entropic_times ,       5  ,     1 (*              |              ), 0.05,  0.05,  0.05,  0.06,  0.06
   1 , k_3_0.25_11_accumulo_random_times ,       5  ,     1 (*              |              ), 0.04,  0.04,  0.05,  0.05,  0.06
   1 , k_3_0.2_11_accumulo_spectral_times ,       5  ,     2 (*              |              ), 0.04,  0.04,  0.05,  0.06,  0.07
   1 , k_3_0.25_7_accumulo_kd_times ,       5  ,     0 (*              |              ), 0.05,  0.05,  0.05,  0.05,  0.06
   1 , k_3_0_13_accumulo_kd_times.txt ,       5  ,     0 (*              |              ), 0.05,  0.05,  0.05,  0.05,  0.06
   1 , k_3_0.05_11_accumulo_kd_times ,       5  ,     0 (*              |              ), 0.05,  0.05,  0.05,  0.05,  0.05
   1 , k_3_0.15_9_accumulo_kd_times ,       5  ,     0 (*              |              ), 0.05,  0.05,  0.05,  0.05,  0.05
   1 , k_3_0.15_11_accumulo_pca_times ,       5  ,     1 (*              |              ), 0.05,  0.05,  0.05,  0.05,  0.07
   1 , k_3_0.2_7_accumulo_kd_times ,       5  ,     1 (*              |              ), 0.05,  0.05,  0.05,  0.06,  0.06
   1 , k_3_0.15_7_accumulo_pca_times ,       5  ,     0 (*              |              ), 0.05,  0.05,  0.05,  0.05,  0.06
   1 , k_3_0.15_13_accumulo_pca_times ,       5  ,     1 (*              |              ), 0.05,  0.05,  0.05,  0.06,  0.06
   1 , k_3_0.15_9_accumulo_pca_times ,       5  ,     1 (*              |              ), 0.05,  0.05,  0.05,  0.06,  0.06
   1 , k_3_0.1_11_accumulo_kd_times ,       5  ,     1 (*              |              ), 0.05,  0.05,  0.05,  0.06,  0.06
   1 , k_3_0.15_5_accumulo_pca_times ,       5  ,     1 (*              |              ), 0.05,  0.05,  0.05,  0.06,  0.07
   1 , k_3_0.01_13_accumulo_kd_times ,       5  ,     1 (*              |              ), 0.05,  0.05,  0.05,  0.06,  0.06
   1 , k_3_0.2_13_accumulo_pca_times ,       5  ,     1 (*              |              ), 0.05,  0.05,  0.05,  0.06,  0.07
   1 , k_3_0.2_11_accumulo_pca_times ,       6  ,     0 (*              |              ), 0.05,  0.06,  0.06,  0.06,  0.06
   1 , k_3_0.2_7_accumulo_pca_times ,       6  ,     2 (*              |              ), 0.05,  0.05,  0.06,  0.06,  0.07
   1 , k_3_0.05_13_accumulo_kd_times ,       6  ,     0 (*              |              ), 0.06,  0.06,  0.06,  0.06,  0.06
   1 , k_3_0.2_13_accumulo_spectral_times ,       6  ,     0 (*              |              ), 0.04,  0.06,  0.06,  0.06,  0.06
   1 , k_3_0.2_9_accumulo_pca_times ,       6  ,     1 (*              |              ), 0.05,  0.06,  0.06,  0.07,  0.09
   1 , k_3_0.1_13_accumulo_kd_times ,       6  ,     0 (*              |              ), 0.06,  0.06,  0.06,  0.06,  0.06
   1 , k_3_0.2_5_accumulo_pca_times ,       6  ,     2 (*              |              ), 0.05,  0.06,  0.06,  0.07,  0.08
   1 , k_3_0.1_13_accumulo_entropic_times ,       6  ,     1 (*              |              ), 0.05,  0.05,  0.06,  0.06,  0.06
   1 , k_3_0.1_9_accumulo_entropic_times ,       6  ,     1 (*              |              ), 0.05,  0.05,  0.06,  0.06,  0.06
   1 , k_3_0.05_9_accumulo_entropic_times ,       6  ,     1 (*              |              ), 0.05,  0.05,  0.06,  0.06,  0.06
   1 , k_3_0.1_7_accumulo_entropic_times ,       6  ,     0 (*              |              ), 0.05,  0.06,  0.06,  0.06,  0.06
   1 , k_3_0.1_5_accumulo_entropic_times ,       6  ,     1 (*              |              ), 0.05,  0.05,  0.06,  0.06,  0.06
   1 , k_3_0.25_7_accumulo_rp_times ,       6  ,     1 (*              |              ), 0.06,  0.06,  0.06,  0.07,  0.09
   1 , k_3_0.25_5_accumulo_pca_times ,       6  ,     1 (*              |              ), 0.06,  0.06,  0.06,  0.07,  0.08
   1 , k_3_0.15_11_accumulo_kd_times ,       6  ,     0 (*              |              ), 0.06,  0.06,  0.06,  0.06,  0.07
   1 , k_3_0.2_9_accumulo_kd_times ,       7  ,     1 (*              |              ), 0.06,  0.06,  0.07,  0.07,  0.09
   1 , k_3_0.2_11_accumulo_kd_times ,       7  ,     0 (*              |              ), 0.06,  0.07,  0.07,  0.07,  0.07
   1 , k_3_0.25_9_accumulo_kd_times ,       7  ,     1 (*              |              ), 0.06,  0.07,  0.07,  0.07,  0.08
   1 , k_3_0.25_11_accumulo_rp_times ,       7  ,     1 (*              |              ), 0.07,  0.07,  0.07,  0.08,  0.09
   1 , k_3_0.25_9_accumulo_rp_times ,       7  ,     0 (*              |              ), 0.07,  0.07,  0.07,  0.07,  0.07
   1 , k_3_0.25_5_accumulo_spectral_times ,       7  ,     0 (*              |              ), 0.06,  0.07,  0.07,  0.07,  0.07
   1 , k_3_0.25_13_accumulo_rp_times ,       7  ,     1 (*              |              ), 0.06,  0.07,  0.07,  0.08,  0.10
   1 , k_3_0.2_13_accumulo_kd_times ,       8  ,     0 (*              |              ), 0.07,  0.08,  0.08,  0.08,  0.09
   1 , k_3_0.25_13_accumulo_spectral_times ,       8  ,     2 (*              |              ), 0.06,  0.06,  0.08,  0.08,  0.08
   1 , k_3_0.15_11_accumulo_entropic_times ,       8  ,     1 (*              |              ), 0.08,  0.08,  0.08,  0.09,  0.09
   1 , k_3_0.15_9_accumulo_entropic_times ,       8  ,     1 (*              |              ), 0.08,  0.08,  0.08,  0.09,  0.09
   1 , k_3_0.15_13_accumulo_entropic_times ,       8  ,     1 (*              |              ), 0.08,  0.08,  0.08,  0.09,  0.09
   1 , k_3_0.25_11_accumulo_kd_times ,       8  ,     1 (*              |              ), 0.08,  0.08,  0.08,  0.09,  0.09
   1 , k_3_0.25_9_accumulo_pca_times ,       9  ,     2 (*              |              ), 0.08,  0.09,  0.09,  0.09,  0.10
   1 , k_3_0.25_13_accumulo_pca_times ,       9  ,     1 (*              |              ), 0.08,  0.09,  0.09,  0.10,  0.10
   1 , k_3_0.25_7_accumulo_pca_times ,       9  ,     1 (*              |              ), 0.08,  0.08,  0.09,  0.09,  0.10
   1 , k_3_0.15_13_accumulo_kd_times ,       9  ,     2 (*              |              ), 0.07,  0.08,  0.09,  0.10,  0.10
   1 , k_3_0.25_11_accumulo_pca_times ,       9  ,     1 (*              |              ), 0.08,  0.09,  0.09,  0.10,  0.10
   1 , k_3_0.15_5_accumulo_entropic_times ,       9  ,     1 (*              |              ), 0.08,  0.08,  0.09,  0.09,  0.09
   1 , k_3_0.15_7_accumulo_entropic_times ,       9  ,     1 (*              |              ), 0.08,  0.08,  0.09,  0.09,  0.11
   1 , k_3_0.2_5_accumulo_entropic_times ,       9  ,     1 (*              |              ), 0.08,  0.08,  0.09,  0.09,  0.11
   1 , k_3_0.2_13_accumulo_entropic_times ,       9  ,     0 (*              |              ), 0.08,  0.09,  0.09,  0.09,  0.11
   1 , k_3_0.2_9_accumulo_entropic_times ,       9  ,     0 (*              |              ), 0.08,  0.09,  0.09,  0.09,  0.11
   1 , k_3_0.2_7_accumulo_entropic_times ,       9  ,     3 (*              |              ), 0.08,  0.09,  0.09,  0.09,  0.11
   1 , k_3_0.2_11_accumulo_entropic_times ,       9  ,     0 (*              |              ), 0.09,  0.09,  0.09,  0.09,  0.11
   1 , k_3_0_7_accumulo_where_times.txt ,      10  ,     1 (*              |              ), 0.09,  0.09,  0.10,  0.10,  0.13
   1 , k_3_0.05_11_accumulo_where_times ,      10  ,     0 (*              |              ), 0.10,  0.10,  0.10,  0.10,  0.12
   1 , k_3_0.05_13_accumulo_where_times ,      10  ,     0 (*              |              ), 0.10,  0.10,  0.10,  0.10,  0.10
   1 , k_3_0.05_5_accumulo_where_times ,      10  ,     0 (*              |              ), 0.10,  0.10,  0.10,  0.10,  0.12
   1 , k_3_0.05_9_accumulo_where_times ,      10  ,     0 (*              |              ), 0.10,  0.10,  0.10,  0.10,  0.11
   1 , k_3_0.01_13_accumulo_where_times ,      10  ,     0 (*              |              ), 0.10,  0.10,  0.10,  0.10,  0.10
   1 , k_3_0.01_11_accumulo_where_times ,      10  ,     0 (*              |              ), 0.10,  0.10,  0.10,  0.10,  0.11
   1 , k_3_0.05_7_accumulo_where_times ,      10  ,     0 (*              |              ), 0.10,  0.10,  0.10,  0.10,  0.11
   1 , k_3_0.01_9_accumulo_where_times ,      10  ,     0 (*              |              ), 0.10,  0.10,  0.10,  0.10,  0.12
   1 , k_3_0.1_9_accumulo_where_times ,      10  ,     0 (*              |              ), 0.10,  0.10,  0.10,  0.10,  0.11
   1 , k_3_0_9_accumulo_where_times.txt ,      10  ,     1 (*              |              ), 0.09,  0.10,  0.10,  0.11,  0.12
   1 , k_3_0.25_13_accumulo_kd_times ,      10  ,     0 (*              |              ), 0.09,  0.10,  0.10,  0.10,  0.11
   1 , k_3_0.1_11_accumulo_where_times ,      10  ,     0 (*              |              ), 0.10,  0.10,  0.10,  0.10,  0.12
   1 , k_3_0.1_5_accumulo_where_times ,      10  ,     0 (*              |              ), 0.10,  0.10,  0.10,  0.10,  0.13
   1 , k_3_0.01_7_accumulo_where_times ,      10  ,     4 (*              |              ), 0.09,  0.10,  0.10,  0.13,  0.17
   1 , k_3_0_5_accumulo_where_times.txt ,      10  ,     2 (*              |              ), 0.09,  0.10,  0.10,  0.12,  0.14
   1 , k_3_0.1_7_accumulo_where_times ,      10  ,     0 (*              |              ), 0.10,  0.10,  0.10,  0.10,  0.12
   1 , k_3_0.1_13_accumulo_where_times ,      10  ,     2 (*              |              ), 0.10,  0.10,  0.10,  0.11,  0.14
   1 , k_3_0.25_7_accumulo_spectral_times ,      11  ,     1 (*              |              ), 0.10,  0.10,  0.11,  0.11,  0.11
   1 , k_3_0.25_9_accumulo_spectral_times ,      11  ,     1 (*              |              ), 0.10,  0.10,  0.11,  0.11,  0.11
   1 , k_3_0.25_11_accumulo_spectral_times ,      11  ,     1 (*              |              ), 0.09,  0.10,  0.11,  0.11,  0.12
   1 , k_3_0_13_accumulo_where_times.txt ,      11  ,     4 (*              |              ), 0.09,  0.10,  0.11,  0.13,  0.17
   1 , k_3_0.25_5_accumulo_entropic_times ,      11  ,     2 (*              |              ), 0.09,  0.09,  0.11,  0.11,  0.12
   2 , k_3_0_11_accumulo_where_times.txt ,      12  ,     4 (*              |              ), 0.09,  0.11,  0.12,  0.14,  0.22
   2 , k_3_0.01_5_accumulo_where_times ,      13  ,     4 ( *             |              ), 0.10,  0.10,  0.13,  0.14,  0.18
   3 , k_3_0.25_9_accumulo_entropic_times ,      16  ,     2 ( *             |              ), 0.14,  0.14,  0.16,  0.16,  0.16
   3 , k_3_0.25_11_accumulo_entropic_times ,      16  ,     2 ( *             |              ), 0.14,  0.14,  0.16,  0.16,  0.17
   3 , k_3_0.25_7_accumulo_entropic_times ,      16  ,     2 ( *             |              ), 0.14,  0.14,  0.16,  0.16,  0.17
   3 , k_3_0.25_13_accumulo_entropic_times ,      16  ,     2 ( *             |              ), 0.14,  0.14,  0.16,  0.16,  0.17
   4 , k_3_0.15_5_accumulo_where_times ,      19  ,     1 ( *             |              ), 0.19,  0.19,  0.19,  0.20,  0.23
   4 , k_3_0.15_7_accumulo_where_times ,      19  ,     2 ( *             |              ), 0.19,  0.19,  0.19,  0.21,  0.23
   4 , k_3_0.15_9_accumulo_where_times ,      19  ,     1 ( *             |              ), 0.19,  0.19,  0.19,  0.20,  0.21
   4 , k_3_0.15_11_accumulo_where_times ,      20  ,     1 ( *             |              ), 0.19,  0.19,  0.20,  0.20,  0.21
   4 , k_3_0.15_13_accumulo_where_times ,      20  ,     1 ( *             |              ), 0.19,  0.19,  0.20,  0.20,  0.26
   4 , k_3_0.2_11_accumulo_where_times ,      20  ,     3 ( *             |              ), 0.19,  0.19,  0.20,  0.21,  0.23
   4 , k_3_0.2_5_accumulo_where_times ,      20  ,     0 ( *             |              ), 0.19,  0.20,  0.20,  0.20,  0.27
   4 , k_3_0.2_13_accumulo_where_times ,      20  ,     0 ( *             |              ), 0.20,  0.20,  0.20,  0.20,  0.22
   4 , k_3_0.25_5_accumulo_where_times ,      20  ,     0 ( *             |              ), 0.20,  0.20,  0.20,  0.20,  0.26
   4 , k_3_0.2_9_accumulo_where_times ,      20  ,     4 ( *             |              ), 0.19,  0.19,  0.20,  0.22,  0.27
   4 , k_3_0.2_7_accumulo_where_times ,      21  ,     4 ( *             |              ), 0.19,  0.19,  0.21,  0.23,  0.27
   5 , k_3_0.25_11_accumulo_where_times ,      39  ,     0 (   *           |              ), 0.38,  0.39,  0.39,  0.39,  0.45
   5 , k_3_0.25_9_accumulo_where_times ,      39  ,     1 (   *           |              ), 0.39,  0.39,  0.39,  0.39,  0.44
   5 , k_3_0.25_7_accumulo_where_times ,      39  ,     3 (   *           |              ), 0.39,  0.39,  0.39,  0.41,  0.46
   6 , k_3_0.01_7_accumulo_2-means_times ,      42  ,     0 (   *           |              ), 0.42,  0.42,  0.42,  0.42,  0.43
   6 , k_3_0_7_accumulo_2-means_times.txt ,      42  ,     0 (   *           |              ), 0.42,  0.42,  0.42,  0.42,  0.43
   6 , k_3_0_5_accumulo_2-means_times.txt ,      42  ,     0 (   *           |              ), 0.42,  0.42,  0.42,  0.42,  0.42
   6 , k_3_0.01_5_accumulo_2-means_times ,      42  ,     0 (   *           |              ), 0.42,  0.42,  0.42,  0.42,  0.43
   6 , k_3_0.01_9_accumulo_2-means_times ,      42  ,     0 (   *           |              ), 0.42,  0.42,  0.42,  0.42,  0.42
   6 , k_3_0.01_11_accumulo_2-means_times ,      42  ,     0 (   *           |              ), 0.42,  0.42,  0.42,  0.42,  0.42
   6 , k_3_0.01_13_accumulo_2-means_times ,      42  ,     0 (   *           |              ), 0.42,  0.42,  0.42,  0.42,  0.43
   6 , k_3_0_11_accumulo_2-means_times.txt ,      42  ,     0 (   *           |              ), 0.42,  0.42,  0.42,  0.42,  0.43
   6 , k_3_0_9_accumulo_2-means_times.txt ,      42  ,     0 (   *           |              ), 0.42,  0.42,  0.42,  0.42,  0.43
   6 , k_3_0_13_accumulo_2-means_times.txt ,      42  ,     1 (   *           |              ), 0.42,  0.42,  0.42,  0.43,  0.44
   6 , k_3_0.1_13_accumulo_2-means_times ,      42  ,     0 (   *           |              ), 0.42,  0.42,  0.42,  0.42,  0.43
   6 , k_3_0.05_9_accumulo_2-means_times ,      42  ,     0 (   *           |              ), 0.42,  0.42,  0.42,  0.42,  0.43
   6 , k_3_0.1_5_accumulo_2-means_times ,      42  ,     0 (   *           |              ), 0.42,  0.42,  0.42,  0.42,  0.43
   6 , k_3_0.05_13_accumulo_2-means_times ,      42  ,     0 (   *           |              ), 0.42,  0.42,  0.42,  0.42,  0.43
   6 , k_3_0.05_11_accumulo_2-means_times ,      42  ,     0 (   *           |              ), 0.42,  0.42,  0.42,  0.42,  0.43
   6 , k_3_0.1_7_accumulo_2-means_times ,      42  ,     1 (   *           |              ), 0.42,  0.42,  0.42,  0.42,  0.43
   6 , k_3_0.05_7_accumulo_2-means_times ,      42  ,     1 (   *           |              ), 0.42,  0.42,  0.42,  0.43,  0.43
   6 , k_3_0.1_9_accumulo_2-means_times ,      42  ,     1 (   *           |              ), 0.42,  0.42,  0.42,  0.42,  0.43
   6 , k_3_0.1_11_accumulo_2-means_times ,      42  ,     1 (   *           |              ), 0.42,  0.42,  0.42,  0.43,  0.43
   6 , k_3_0.05_5_accumulo_2-means_times ,      42  ,     1 (   *           |              ), 0.42,  0.42,  0.42,  0.43,  0.43
   6 , k_3_0.25_13_accumulo_where_times ,      44  ,     7 (   *           |              ), 0.39,  0.40,  0.44,  0.45,  0.47
   7 , k_3_0.15_5_accumulo_2-means_times ,      87  ,     1 (       *       |              ), 0.86,  0.86,  0.87,  0.87,  0.87
   7 , k_3_0.15_7_accumulo_2-means_times ,      87  ,     1 (       *       |              ), 0.87,  0.87,  0.87,  0.88,  0.91
   8 , k_3_0.2_5_accumulo_2-means_times ,      89  ,     5 (       *       |              ), 0.88,  0.88,  0.89,  0.93,  0.99
   8 , k_3_0.15_13_accumulo_2-means_times ,      89  ,     6 (       *       |              ), 0.88,  0.88,  0.89,  0.91,  0.97
   8 , k_3_0.15_11_accumulo_2-means_times ,      89  ,     9 (       *-      |              ), 0.88,  0.88,  0.89,  0.97,  1.02
   8 , k_3_0.25_5_accumulo_2-means_times ,      91  ,     6 (       *       |              ), 0.90,  0.90,  0.91,  0.94,  0.99
   9 , k_3_0.2_13_accumulo_2-means_times ,      95  ,     9 (       -*      |              ), 0.90,  0.92,  0.95,  1.00,  1.08
  10 , k_3_0.2_7_accumulo_2-means_times ,      97  ,    13 (       -*----- |              ), 0.90,  0.95,  0.97,  1.04,  1.59
  10 , k_3_0.2_9_accumulo_2-means_times ,     102  ,    18 (         *--   |              ), 0.91,  0.96,  1.02,  1.10,  1.45
  10 , k_3_0.15_9_accumulo_2-means_times ,     107  ,    46 (       - * ----|-             ), 0.91,  0.98,  1.07,  1.25,  1.95
  10 , k_3_0.2_11_accumulo_2-means_times ,     111  ,    12 (        -*-    |              ), 0.98,  1.03,  1.11,  1.16,  1.26
  11 , k_3_0.25_7_accumulo_2-means_times ,     187  ,     8 (               |*             ), 1.80,  1.81,  1.87,  1.89,  2.01
  11 , k_3_0.25_9_accumulo_2-means_times ,     188  ,    14 (               |*--           ), 1.80,  1.84,  1.88,  1.94,  2.15
  11 , k_3_0.25_11_accumulo_2-means_times ,     188  ,     9 (               |*-            ), 1.82,  1.85,  1.88,  1.93,  2.05
  12 , k_3_0.25_13_accumulo_2-means_times ,     193  ,    26 (               | *------      ), 1.79,  1.86,  1.93,  2.06,  2.79
