rank ,         name ,    med   ,  iqr 
----------------------------------------------------
   1 , k_3_0.2_9_cxf_entropic ,    7900  ,   200 (      -*--     |              ),78.00, 79.00, 79.00, 80.00, 82.00
   1 , k_3_0.15_5_cxf_entropic ,    8000  ,   300 (      - * -    |              ),78.00, 79.00, 80.00, 82.00, 83.00
   1 , k_3_0.1_5_cxf_entropic ,    8000  ,   300 (     -- * -    |              ),77.00, 79.00, 80.00, 82.00, 83.00
   1 , k_3_0_7_cxf_entropic ,    8000  ,   400 (     -- *--    |              ),77.00, 79.00, 80.00, 81.00, 83.00
   1 , k_3_0.15_13_cxf_entropic ,    8000  ,   200 (     -- *-     |              ),77.00, 79.00, 80.00, 81.00, 82.00
   1 , k_3_0.25_5_cxf_entropic ,    8000  ,   300 (    --  *--    |              ),76.00, 78.00, 80.00, 81.00, 83.00
   1 , k_3_0.1_11_cxf_entropic ,    8000  ,   400 (     -  *---   |              ),77.00, 78.00, 80.00, 81.00, 84.00
   1 , k_3_0_13_cxf_entropic ,    8000  ,   300 (    --  *--    |              ),76.00, 78.00, 80.00, 81.00, 83.00
   1 , k_3_0_11_cxf_entropic ,    8000  ,   400 (     -- *--    |              ),77.00, 79.00, 80.00, 81.00, 83.00
   1 , k_3_0.05_5_cxf_entropic ,    8000  ,   300 (     -- *--    |              ),77.00, 79.00, 80.00, 81.00, 83.00
   2 , k_3_0.05_7_cxf_entropic ,    8100  ,   400 (      -  *---  |              ),78.00, 79.00, 81.00, 82.00, 85.00
   2 , k_3_0.25_7_cxf_entropic ,    8100  ,   300 (         *-    |              ),79.00, 79.00, 81.00, 82.00, 83.00
   2 , k_3_0.01_11_cxf_entropic ,    8100  ,   200 (      -- *---  |              ),78.00, 80.00, 81.00, 81.00, 85.00
   2 , k_3_0.15_9_cxf_entropic ,    8100  ,   200 (      -- *---  |              ),78.00, 80.00, 81.00, 82.00, 85.00
   2 , k_3_0.01_5_cxf_entropic ,    8100  ,   300 (       --* --  |              ),79.00, 81.00, 81.00, 83.00, 85.00
   2 , k_3_0.01_7_cxf_entropic ,    8100  ,   300 (     --  *--   |              ),77.00, 79.00, 81.00, 82.00, 84.00
   3 , k_3_0_9_cxf_entropic ,    8200  ,   300 (      --  *-   |              ),78.00, 80.00, 82.00, 83.00, 84.00
   3 , k_3_0.05_11_cxf_entropic ,    8200  ,   200 (        - *-   |              ),80.00, 81.00, 82.00, 83.00, 84.00
   3 , k_3_0.2_5_cxf_entropic ,    8200  ,   300 (      --- *--  |              ),78.00, 81.00, 82.00, 83.00, 85.00
   3 , k_3_0.05_13_cxf_entropic ,    8200  ,   200 (        - *--  |              ),80.00, 81.00, 82.00, 83.00, 85.00
   3 , k_3_0.1_9_cxf_entropic ,    8200  ,   200 (      --- *--  |              ),78.00, 81.00, 82.00, 83.00, 85.00
   3 , k_3_0.1_13_cxf_entropic ,    8200  ,   300 (          *-   |              ),80.00, 80.00, 82.00, 83.00, 84.00
   4 , k_3_0.01_9_cxf_entropic ,    8300  ,   200 (        -- *-- |              ),80.00, 82.00, 83.00, 84.00, 86.00
   4 , k_3_0.2_7_cxf_entropic ,    8300  ,   200 (        -  *-  |              ),80.00, 81.00, 83.00, 83.00, 85.00
   4 , k_3_0.15_11_cxf_entropic ,    8300  ,   300 (        -- * - |              ),80.00, 82.00, 83.00, 85.00, 86.00
   4 , k_3_0.2_13_cxf_entropic ,    8300  ,   300 (         - * - |              ),81.00, 82.00, 83.00, 85.00, 86.00
   4 , k_3_0.25_11_cxf_entropic ,    8300  ,   400 (       --  *-- |              ),79.00, 81.00, 83.00, 84.00, 86.00
   4 , k_3_0.25_13_cxf_entropic ,    8300  ,   200 (        -- *-- |              ),80.00, 82.00, 83.00, 84.00, 86.00
   5 , k_3_0.05_9_cxf_entropic ,    8400  ,   400 (        --- *- |              ),80.00, 83.00, 84.00, 85.00, 86.00
   5 , k_3_0.2_11_cxf_entropic ,    8400  ,   200 (          - *- |              ),82.00, 83.00, 84.00, 85.00, 86.00
   5 , k_3_0_5_cxf_entropic ,    8400  ,   400 (         -  *--|              ),81.00, 82.00, 84.00, 85.00, 87.00
   5 , k_3_0.1_7_cxf_entropic ,    8400  ,   200 (          - *--|              ),82.00, 83.00, 84.00, 85.00, 87.00
   5 , k_3_0.15_7_cxf_entropic ,    8400  ,   300 (       ---  *  |              ),79.00, 82.00, 84.00, 84.00, 85.00
   6 , k_3_0.25_9_cxf_entropic ,    8500  ,   300 (          -- *-|-             ),82.00, 84.00, 85.00, 86.00, 88.00
   6 , k_3_0.01_13_cxf_entropic ,    8500  ,   200 (           - *-|              ),83.00, 84.00, 85.00, 86.00, 87.00
   7 , k_3_0.1_11_cxf_spectral ,    9400  ,   200 (               |     --*-     ),92.00, 94.00, 94.00, 95.00, 96.00
   7 , k_3_0_13_cxf_spectral ,    9400  ,   100 (               |      -*--    ),93.00, 94.00, 94.00, 95.00, 97.00
   7 , k_3_0_5_cxf_spectral ,    9400  ,   200 (               |     --*--    ),92.00, 94.00, 94.00, 95.00, 97.00
   7 , k_3_0.1_9_cxf_spectral ,    9400  ,   200 (               |     --* -    ),92.00, 94.00, 94.00, 96.00, 97.00
   8 , k_3_0.2_9_cxf_spectral ,    9500  ,   200 (               |        *--   ),94.00, 94.00, 95.00, 96.00, 98.00
   8 , k_3_0_9_cxf_where ,    9500  ,   200 (               |      --*-    ),93.00, 95.00, 95.00, 96.00, 97.00
   8 , k_3_0.05_5_cxf_random ,    9500  ,   100 (               |       -*--   ),94.00, 95.00, 95.00, 96.00, 98.00
   8 , k_3_0_9_cxf_random ,    9500  ,   200 (               |       -*-    ),94.00, 95.00, 95.00, 96.00, 97.00
   8 , k_3_0.15_13_cxf_random ,    9500  ,   300 (               |        *     ),94.00, 94.00, 95.00, 97.00, 97.00
   8 , k_3_0.15_5_cxf_spectral ,    9500  ,   200 (               |      - *-    ),93.00, 94.00, 95.00, 96.00, 97.00
   8 , k_3_0.25_7_cxf_spectral ,    9500  ,   300 (               |      - *-    ),93.00, 94.00, 95.00, 96.00, 97.00
   8 , k_3_0_7_cxf_random ,    9500  ,   200 (               |      - *-    ),93.00, 94.00, 95.00, 96.00, 97.00
   8 , k_3_0.05_13_cxf_random ,    9500  ,   200 (               |     -- *-    ),92.00, 94.00, 95.00, 96.00, 97.00
   8 , k_3_0_7_cxf_spectral ,    9500  ,   100 (               |       -*-    ),94.00, 95.00, 95.00, 96.00, 97.00
   8 , k_3_0.05_11_cxf_spectral ,    9500  ,   200 (               |      - *-    ),93.00, 94.00, 95.00, 96.00, 97.00
   8 , k_3_0_9_cxf_spectral ,    9500  ,   200 (               |      --*-    ),93.00, 95.00, 95.00, 96.00, 97.00
   8 , k_3_0.2_7_cxf_spectral ,    9500  ,   200 (               |       -*-    ),94.00, 95.00, 95.00, 96.00, 97.00
   8 , k_3_0.01_11_cxf_where ,    9500  ,   100 (               |      --*-    ),93.00, 95.00, 95.00, 96.00, 97.00
   8 , k_3_0.1_5_cxf_random ,    9500  ,   200 (               |      - *-    ),93.00, 94.00, 95.00, 96.00, 97.00
   8 , k_3_0.1_11_cxf_random ,    9500  ,   100 (               |       -*-    ),94.00, 95.00, 95.00, 96.00, 97.00
   8 , k_3_0.25_7_cxf_where ,    9500  ,   200 (               |       -*-    ),94.00, 95.00, 95.00, 96.00, 97.00
   8 , k_3_0_13_cxf_where ,    9500  ,   200 (               |       -*--   ),94.00, 95.00, 95.00, 96.00, 98.00
   8 , k_3_0.1_13_cxf_where ,    9500  ,   200 (               |      --*     ),93.00, 95.00, 95.00, 97.00, 97.00
   8 , k_3_0.01_9_cxf_random ,    9500  ,   200 (               |      --*-    ),93.00, 95.00, 95.00, 96.00, 97.00
   8 , k_3_0_5_cxf_where ,    9500  ,   200 (               |      - *-    ),93.00, 94.00, 95.00, 95.00, 97.00
   8 , k_3_0.01_5_cxf_spectral ,    9500  ,   200 (               |      --*-    ),93.00, 95.00, 95.00, 96.00, 97.00
   8 , k_3_0.25_9_cxf_where ,    9500  ,   100 (               |       -*-    ),94.00, 95.00, 95.00, 96.00, 97.00
   8 , k_3_0.1_7_cxf_spectral ,    9500  ,   200 (               |     -- *-    ),92.00, 94.00, 95.00, 96.00, 97.00
   8 , k_3_0.05_13_cxf_spectral ,    9500  ,   200 (               |      - *-    ),93.00, 94.00, 95.00, 96.00, 97.00
   8 , k_3_0.15_7_cxf_where ,    9500  ,   100 (               |       -*--   ),94.00, 95.00, 95.00, 96.00, 98.00
   8 , k_3_0.1_13_cxf_random ,    9500  ,   200 (               |      --*--   ),93.00, 95.00, 95.00, 96.00, 98.00
   8 , k_3_0.15_9_cxf_spectral ,    9500  ,   200 (               |     -- *     ),92.00, 94.00, 95.00, 96.00, 96.00
   8 , k_3_0.01_9_cxf_spectral ,    9500  ,   100 (               |      - *-    ),93.00, 94.00, 95.00, 95.00, 97.00
   8 , k_3_0.1_9_cxf_where ,    9500  ,   200 (               |     -- *-    ),92.00, 94.00, 95.00, 96.00, 97.00
   8 , k_3_0.01_11_cxf_random ,    9500  ,   200 (               |      - *     ),93.00, 94.00, 95.00, 95.00, 96.00
   8 , k_3_0.1_5_cxf_spectral ,    9500  ,   200 (               |      - *     ),93.00, 94.00, 95.00, 95.00, 96.00
   8 , k_3_0_11_cxf_spectral ,    9500  ,   200 (               |      - *-    ),93.00, 94.00, 95.00, 96.00, 97.00
   8 , k_3_0.15_7_cxf_spectral ,    9500  ,   200 (               |       -*--   ),94.00, 95.00, 95.00, 96.00, 98.00
   8 , k_3_0.01_11_cxf_spectral ,    9500  ,   200 (               |      - *-    ),93.00, 94.00, 95.00, 96.00, 97.00
   8 , k_3_0.01_7_cxf_spectral ,    9500  ,   200 (               |      - *--   ),93.00, 94.00, 95.00, 96.00, 98.00
   8 , k_3_0.01_5_cxf_random ,    9500  ,   200 (               |      - *-    ),93.00, 94.00, 95.00, 96.00, 97.00
   8 , k_3_0.05_7_cxf_spectral ,    9500  ,   200 (               |      - *-    ),93.00, 94.00, 95.00, 96.00, 97.00
   9 , k_3_0.15_9_cxf_random ,    9600  ,   200 (               |        -*-   ),95.00, 96.00, 96.00, 97.00, 98.00
   9 , k_3_0.01_11_cxf_rp ,    9600  ,   100 (               |       --*-   ),94.00, 96.00, 96.00, 97.00, 98.00
   9 , k_3_0.2_13_cxf_where ,    9600  ,   200 (               |         *    ),95.00, 95.00, 96.00, 97.00, 97.00
   9 , k_3_0.05_11_cxf_random ,    9600  ,   200 (               |      ---*    ),93.00, 96.00, 96.00, 97.00, 97.00
   9 , k_3_0.15_9_cxf_where ,    9600  ,   200 (               |       - *-   ),94.00, 95.00, 96.00, 97.00, 98.00
   9 , k_3_0.2_7_cxf_where ,    9600  ,   200 (               |       - *-   ),94.00, 95.00, 96.00, 96.00, 98.00
   9 , k_3_0.01_9_cxf_rp ,    9600  ,   100 (               |        -*-   ),95.00, 96.00, 96.00, 97.00, 98.00
   9 , k_3_0.2_13_cxf_spectral ,    9600  ,   200 (               |         *    ),95.00, 95.00, 96.00, 97.00, 97.00
   9 , k_3_0.05_5_cxf_pca ,    9600  ,   200 (               |        -* -  ),95.00, 96.00, 96.00, 98.00, 99.00
   9 , k_3_0.1_13_cxf_pca ,    9600  ,   200 (               |       --*-   ),94.00, 96.00, 96.00, 97.00, 98.00
   9 , k_3_0.25_5_cxf_spectral ,    9600  ,   300 (               |      -- *    ),93.00, 95.00, 96.00, 97.00, 97.00
   9 , k_3_0.15_13_cxf_where ,    9600  ,   200 (               |      -- *-   ),93.00, 95.00, 96.00, 97.00, 98.00
   9 , k_3_0.01_13_cxf_random ,    9600  ,   100 (               |       - *    ),94.00, 95.00, 96.00, 96.00, 97.00
   9 , k_3_0.2_11_cxf_spectral ,    9600  ,   200 (               |       - *-   ),94.00, 95.00, 96.00, 96.00, 98.00
   9 , k_3_0.05_9_cxf_random ,    9600  ,   200 (               |      -- *-   ),93.00, 95.00, 96.00, 97.00, 98.00
   9 , k_3_0.01_9_cxf_where ,    9600  ,   200 (               |      -- *    ),93.00, 95.00, 96.00, 96.00, 97.00
   9 , k_3_0.05_5_cxf_spectral ,    9600  ,   200 (               |       - *    ),94.00, 95.00, 96.00, 96.00, 97.00
   9 , k_3_0.2_13_cxf_random ,    9600  ,   300 (               |       - *-   ),94.00, 95.00, 96.00, 97.00, 98.00
   9 , k_3_0.15_11_cxf_random ,    9600  ,   200 (               |       - *-   ),94.00, 95.00, 96.00, 97.00, 98.00
   9 , k_3_0.15_11_cxf_where ,    9600  ,   200 (               |       - *    ),94.00, 95.00, 96.00, 97.00, 97.00
   9 , k_3_0_9_cxf_rp ,    9600  ,   200 (               |         *-   ),95.00, 95.00, 96.00, 97.00, 98.00
   9 , k_3_0.25_13_cxf_where ,    9600  ,   200 (               |       - *-   ),94.00, 95.00, 96.00, 97.00, 98.00
   9 , k_3_0.05_9_cxf_spectral ,    9600  ,   200 (               |      -- *    ),93.00, 95.00, 96.00, 96.00, 97.00
   9 , k_3_0.1_11_cxf_where ,    9600  ,   100 (               |      -- *    ),93.00, 95.00, 96.00, 96.00, 97.00
   9 , k_3_0_11_cxf_random ,    9600  ,   200 (               |       - *-   ),94.00, 95.00, 96.00, 97.00, 98.00
   9 , k_3_0.25_5_cxf_random ,    9600  ,   200 (               |       --*-   ),94.00, 96.00, 96.00, 97.00, 98.00
   9 , k_3_0.25_11_cxf_random ,    9600  ,   200 (               |         *    ),94.00, 94.00, 96.00, 96.00, 97.00
   9 , k_3_0_5_cxf_2 ,    9600  ,   100 (               |        -*-   ),95.00, 96.00, 96.00, 97.00, 98.00
   9 , k_3_0.01_5_cxf_kd ,    9600  ,   200 (               |        -*-   ),95.00, 96.00, 96.00, 97.00, 98.00
   9 , k_3_0_13_cxf_random ,    9600  ,   200 (               |        -*-   ),95.00, 96.00, 96.00, 97.00, 98.00
   9 , k_3_0.15_9_cxf_rp ,    9600  ,   200 (               |       --*    ),94.00, 96.00, 96.00, 97.00, 97.00
   9 , k_3_0.2_9_cxf_where ,    9600  ,   200 (               |         *-   ),95.00, 95.00, 96.00, 97.00, 98.00
   9 , k_3_0.01_13_cxf_where ,    9600  ,   300 (               |       - *-   ),94.00, 95.00, 96.00, 97.00, 98.00
   9 , k_3_0.1_7_cxf_random ,    9600  ,   100 (               |       - *    ),94.00, 95.00, 96.00, 96.00, 97.00
   9 , k_3_0.1_5_cxf_kd ,    9600  ,   100 (               |        -*-   ),95.00, 96.00, 96.00, 97.00, 98.00
   9 , k_3_0.05_7_cxf_random ,    9600  ,   200 (               |      -- *    ),93.00, 95.00, 96.00, 96.00, 97.00
   9 , k_3_0.15_5_cxf_where ,    9600  ,   100 (               |       --*    ),94.00, 96.00, 96.00, 97.00, 97.00
   9 , k_3_0_7_cxf_where ,    9600  ,   300 (               |       - *-   ),94.00, 95.00, 96.00, 97.00, 98.00
   9 , k_3_0.01_7_cxf_random ,    9600  ,   200 (               |       - *-   ),94.00, 95.00, 96.00, 97.00, 98.00
   9 , k_3_0_13_cxf_kd ,    9600  ,   100 (               |        -*-   ),95.00, 96.00, 96.00, 97.00, 98.00
   9 , k_3_0.01_7_cxf_where ,    9600  ,   100 (               |       - *    ),94.00, 95.00, 96.00, 96.00, 97.00
   9 , k_3_0_11_cxf_where ,    9600  ,   200 (               |       - *    ),94.00, 95.00, 96.00, 96.00, 97.00
   9 , k_3_0.25_11_cxf_spectral ,    9600  ,   200 (               |       - *    ),94.00, 95.00, 96.00, 97.00, 97.00
   9 , k_3_0.2_11_cxf_where ,    9600  ,   200 (               |       - *    ),94.00, 95.00, 96.00, 96.00, 97.00
   9 , k_3_0.05_5_cxf_where ,    9600  ,   200 (               |       - *    ),94.00, 95.00, 96.00, 97.00, 97.00
   9 , k_3_0_7_cxf_pca ,    9600  ,   100 (               |       --*-   ),94.00, 96.00, 96.00, 97.00, 98.00
   9 , k_3_0_5_cxf_random ,    9600  ,   200 (               |       - *-   ),94.00, 95.00, 96.00, 97.00, 98.00
   9 , k_3_0.01_13_cxf_kd ,    9600  ,   200 (               |       - *-   ),94.00, 95.00, 96.00, 97.00, 98.00
   9 , k_3_0.01_13_cxf_spectral ,    9600  ,   200 (               |       - *    ),94.00, 95.00, 96.00, 96.00, 97.00
   9 , k_3_0.2_7_cxf_kd ,    9600  ,   200 (               |        -*-   ),95.00, 96.00, 96.00, 97.00, 98.00
   9 , k_3_0.1_7_cxf_where ,    9600  ,   300 (               |      -- *-   ),93.00, 95.00, 96.00, 97.00, 98.00
   9 , k_3_0.05_7_cxf_where ,    9600  ,   300 (               |    ---- *-   ),91.00, 95.00, 96.00, 97.00, 98.00
   9 , k_3_0.25_7_cxf_random ,    9600  ,   200 (               |       - *-   ),94.00, 95.00, 96.00, 97.00, 98.00
   9 , k_3_0.1_13_cxf_spectral ,    9600  ,   200 (               |       - *-   ),94.00, 95.00, 96.00, 97.00, 98.00
   9 , k_3_0.1_11_cxf_kd ,    9600  ,   100 (               |        -*    ),95.00, 96.00, 96.00, 97.00, 97.00
   9 , k_3_0.25_13_cxf_spectral ,    9600  ,   100 (               |       - *    ),94.00, 95.00, 96.00, 96.00, 97.00
   9 , k_3_0.1_9_cxf_random ,    9600  ,   200 (               |      -- *-   ),93.00, 95.00, 96.00, 97.00, 98.00
   9 , k_3_0.05_13_cxf_where ,    9600  ,   200 (               |       - *    ),94.00, 95.00, 96.00, 97.00, 97.00
   9 , k_3_0.15_13_cxf_spectral ,    9600  ,   200 (               |         *-   ),94.00, 94.00, 96.00, 96.00, 98.00
   9 , k_3_0.05_11_cxf_rp ,    9600  ,   100 (               |       --*-   ),94.00, 96.00, 96.00, 97.00, 98.00
   9 , k_3_0.1_5_cxf_where ,    9600  ,   100 (               |       - *-   ),94.00, 95.00, 96.00, 96.00, 98.00
   9 , k_3_0_7_cxf_rp ,    9600  ,   100 (               |        -*-   ),95.00, 96.00, 96.00, 97.00, 98.00
   9 , k_3_0.2_5_cxf_where ,    9600  ,   100 (               |        -*-   ),95.00, 96.00, 96.00, 97.00, 98.00
   9 , k_3_0.15_5_cxf_random ,    9600  ,   200 (               |       - *-   ),94.00, 95.00, 96.00, 97.00, 98.00
   9 , k_3_0.01_7_cxf_kd ,    9600  ,   100 (               |        -*-   ),95.00, 96.00, 96.00, 97.00, 98.00
   9 , k_3_0.05_11_cxf_where ,    9600  ,   100 (               |       - *    ),94.00, 95.00, 96.00, 96.00, 97.00
   9 , k_3_0.25_9_cxf_spectral ,    9600  ,   100 (               |       - *-   ),94.00, 95.00, 96.00, 96.00, 98.00
   9 , k_3_0.1_11_cxf_2 ,    9600  ,   100 (               |        -*-   ),95.00, 96.00, 96.00, 97.00, 98.00
   9 , k_3_0.15_7_cxf_random ,    9600  ,   300 (               |       - *    ),94.00, 95.00, 96.00, 96.00, 97.00
   9 , k_3_0.2_11_cxf_rp ,    9600  ,   200 (               |        -*-   ),95.00, 96.00, 96.00, 97.00, 98.00
   9 , k_3_0.01_5_cxf_where ,    9600  ,   300 (               |     --- *-   ),92.00, 95.00, 96.00, 96.00, 98.00
   9 , k_3_0.25_11_cxf_rp ,    9600  ,   100 (               |        -*-   ),95.00, 96.00, 96.00, 97.00, 98.00
   9 , k_3_0.05_9_cxf_rp ,    9600  ,   200 (               |        -*-   ),95.00, 96.00, 96.00, 97.00, 98.00
   9 , k_3_0.2_13_cxf_rp ,    9600  ,   100 (               |        -*-   ),95.00, 96.00, 96.00, 97.00, 98.00
   9 , k_3_0.05_9_cxf_where ,    9600  ,   200 (               |       - *-   ),94.00, 95.00, 96.00, 97.00, 98.00
   9 , k_3_0_13_cxf_rp ,    9600  ,   100 (               |        -*-   ),95.00, 96.00, 96.00, 97.00, 98.00
  10 , k_3_0.1_7_cxf_2 ,    9700  ,   100 (               |        --*-  ),95.00, 97.00, 97.00, 98.00, 99.00
  10 , k_3_0.15_13_cxf_kd ,    9700  ,   100 (               |        - *   ),95.00, 96.00, 97.00, 97.00, 98.00
  10 , k_3_0.05_9_cxf_pca ,    9700  ,   100 (               |        - *   ),95.00, 96.00, 97.00, 97.00, 98.00
  10 , k_3_0.25_5_cxf_2 ,    9700  ,   100 (               |       -- *   ),94.00, 96.00, 97.00, 97.00, 98.00
  10 , k_3_0_9_cxf_kd ,    9700  ,   100 (               |        --*   ),95.00, 97.00, 97.00, 97.00, 98.00
  10 , k_3_0.25_9_cxf_2 ,    9700  ,   100 (               |          *   ),96.00, 96.00, 97.00, 97.00, 98.00
  10 , k_3_0.2_5_cxf_kd ,    9700  ,   200 (               |          *   ),96.00, 96.00, 97.00, 98.00, 98.00
  10 , k_3_0.05_7_cxf_pca ,    9700  ,   300 (               |          *   ),95.00, 95.00, 97.00, 98.00, 98.00
  10 , k_3_0.01_7_cxf_pca ,    9700  ,   100 (               |        - *   ),95.00, 96.00, 97.00, 97.00, 98.00
  10 , k_3_0.15_11_cxf_2 ,    9700  ,   100 (               |         -*   ),96.00, 97.00, 97.00, 97.00, 98.00
  10 , k_3_0.2_7_cxf_2 ,    9700  ,   200 (               |          *-  ),96.00, 96.00, 97.00, 98.00, 99.00
  10 , k_3_0.01_5_cxf_rp ,    9700  ,   200 (               |          *   ),95.00, 95.00, 97.00, 97.00, 98.00
  10 , k_3_0.25_11_cxf_where ,    9700  ,   100 (               |        - *-  ),95.00, 96.00, 97.00, 97.00, 99.00
  10 , k_3_0.2_11_cxf_2 ,    9700  ,   100 (               |          *   ),96.00, 96.00, 97.00, 97.00, 98.00
  10 , k_3_0.05_5_cxf_2 ,    9700  ,   100 (               |          *-  ),96.00, 96.00, 97.00, 97.00, 99.00
  10 , k_3_0.1_11_cxf_pca ,    9700  ,   200 (               |        --*-  ),95.00, 97.00, 97.00, 98.00, 99.00
  10 , k_3_0.15_5_cxf_rp ,    9700  ,   100 (               |         -*   ),96.00, 97.00, 97.00, 98.00, 98.00
  10 , k_3_0.25_13_cxf_pca ,    9700  ,   100 (               |         -*-  ),96.00, 97.00, 97.00, 98.00, 99.00
  10 , k_3_0_5_cxf_pca ,    9700  ,   100 (               |        - *   ),95.00, 96.00, 97.00, 97.00, 98.00
  10 , k_3_0.1_13_cxf_kd ,    9700  ,   200 (               |          *   ),96.00, 96.00, 97.00, 98.00, 98.00
  10 , k_3_0_13_cxf_2 ,    9700  ,   200 (               |          *   ),96.00, 96.00, 97.00, 98.00, 98.00
  10 , k_3_0.01_9_cxf_kd ,    9700  ,   200 (               |        - *   ),95.00, 96.00, 97.00, 97.00, 98.00
  10 , k_3_0_5_cxf_rp ,    9700  ,   200 (               |        - *-  ),95.00, 96.00, 97.00, 98.00, 99.00
  10 , k_3_0.25_13_cxf_2 ,    9700  ,   100 (               |         -*   ),96.00, 97.00, 97.00, 98.00, 98.00
  10 , k_3_0.15_7_cxf_2 ,    9700  ,   200 (               |        --*-  ),95.00, 97.00, 97.00, 97.00, 99.00
  10 , k_3_0_5_cxf_kd ,    9700  ,   100 (               |         -*   ),96.00, 97.00, 97.00, 98.00, 98.00
  10 , k_3_0.01_11_cxf_2 ,    9700  ,   200 (               |        - *   ),95.00, 96.00, 97.00, 97.00, 98.00
  10 , k_3_0.15_11_cxf_kd ,    9700  ,   100 (               |       -- *   ),94.00, 96.00, 97.00, 97.00, 98.00
  10 , k_3_0.2_9_cxf_2 ,    9700  ,   200 (               |        - *-  ),95.00, 96.00, 97.00, 98.00, 99.00
  10 , k_3_0.05_9_cxf_kd ,    9700  ,   200 (               |        - *   ),95.00, 96.00, 97.00, 98.00, 98.00
  10 , k_3_0_9_cxf_pca ,    9700  ,   300 (               |        - *-  ),95.00, 96.00, 97.00, 98.00, 99.00
  10 , k_3_0.15_7_cxf_rp ,    9700  ,   100 (               |        - *   ),95.00, 96.00, 97.00, 97.00, 98.00
  10 , k_3_0.25_13_cxf_kd ,    9700  ,   100 (               |         -*-  ),96.00, 97.00, 97.00, 98.00, 99.00
  10 , k_3_0.05_13_cxf_pca ,    9700  ,   200 (               |        - *   ),95.00, 96.00, 97.00, 98.00, 98.00
  10 , k_3_0.2_9_cxf_random ,    9700  ,   200 (               |       -- *   ),94.00, 96.00, 97.00, 97.00, 98.00
  10 , k_3_0.25_7_cxf_pca ,    9700  ,   200 (               |        - *-  ),95.00, 96.00, 97.00, 98.00, 99.00
  10 , k_3_0.25_11_cxf_pca ,    9700  ,   100 (               |        --*-  ),95.00, 97.00, 97.00, 98.00, 99.00
  10 , k_3_0.2_9_cxf_kd ,    9700  ,   100 (               |        - *   ),95.00, 96.00, 97.00, 97.00, 98.00
  10 , k_3_0.15_5_cxf_2 ,    9700  ,   200 (               |          *-  ),96.00, 96.00, 97.00, 98.00, 99.00
  10 , k_3_0.2_13_cxf_2 ,    9700  ,   200 (               |        --*-  ),95.00, 97.00, 97.00, 98.00, 99.00
  10 , k_3_0.1_7_cxf_kd ,    9700  ,   100 (               |        - *   ),95.00, 96.00, 97.00, 97.00, 98.00
  10 , k_3_0.25_5_cxf_rp ,    9700  ,   100 (               |          *   ),96.00, 96.00, 97.00, 97.00, 98.00
  10 , k_3_0.1_7_cxf_pca ,    9700  ,   100 (               |         -*-  ),96.00, 97.00, 97.00, 98.00, 99.00
  10 , k_3_0.1_13_cxf_rp ,    9700  ,   100 (               |        - *   ),95.00, 96.00, 97.00, 97.00, 98.00
  10 , k_3_0.01_9_cxf_pca ,    9700  ,   200 (               |          *-  ),96.00, 96.00, 97.00, 97.00, 99.00
  10 , k_3_0.1_7_cxf_rp ,    9700  ,   100 (               |        --*-  ),95.00, 97.00, 97.00, 98.00, 99.00
  10 , k_3_0.05_7_cxf_2 ,    9700  ,   100 (               |         -*-  ),96.00, 97.00, 97.00, 98.00, 99.00
  10 , k_3_0.05_9_cxf_2 ,    9700  ,   100 (               |       -- *   ),94.00, 96.00, 97.00, 97.00, 98.00
  10 , k_3_0.2_9_cxf_rp ,    9700  ,   100 (               |        - *   ),95.00, 96.00, 97.00, 97.00, 98.00
  10 , k_3_0.01_13_cxf_2 ,    9700  ,   100 (               |         -*   ),96.00, 97.00, 97.00, 98.00, 98.00
  10 , k_3_0.25_9_cxf_random ,    9700  ,   200 (               |          *   ),95.00, 95.00, 97.00, 97.00, 98.00
  10 , k_3_0_11_cxf_2 ,    9700  ,   200 (               |          *-  ),96.00, 96.00, 97.00, 98.00, 99.00
  10 , k_3_0.2_13_cxf_pca ,    9700  ,   100 (               |        --*   ),95.00, 97.00, 97.00, 98.00, 98.00
  10 , k_3_0_7_cxf_kd ,    9700  ,   200 (               |        - *-  ),95.00, 96.00, 97.00, 97.00, 99.00
  10 , k_3_0.15_9_cxf_2 ,    9700  ,   200 (               |        - *   ),95.00, 96.00, 97.00, 98.00, 98.00
  10 , k_3_0.05_7_cxf_kd ,    9700  ,   200 (               |          *   ),96.00, 96.00, 97.00, 98.00, 98.00
  10 , k_3_0_13_cxf_pca ,    9700  ,   100 (               |        - *   ),95.00, 96.00, 97.00, 97.00, 98.00
  10 , k_3_0.05_7_cxf_rp ,    9700  ,   300 (               |          *   ),95.00, 95.00, 97.00, 98.00, 98.00
  10 , k_3_0.2_5_cxf_random ,    9700  ,   100 (               |        - *   ),95.00, 96.00, 97.00, 97.00, 98.00
  10 , k_3_0.15_13_cxf_pca ,    9700  ,   200 (               |        - *-  ),95.00, 96.00, 97.00, 98.00, 99.00
  10 , k_3_0.01_5_cxf_2 ,    9700  ,     0 (               |        --*   ),95.00, 97.00, 97.00, 97.00, 98.00
  10 , k_3_0.2_5_cxf_rp ,    9700  ,   100 (               |        - *-  ),95.00, 96.00, 97.00, 97.00, 99.00
  10 , k_3_0.25_13_cxf_random ,    9700  ,   300 (               |        - *-  ),95.00, 96.00, 97.00, 98.00, 99.00
  10 , k_3_0.1_11_cxf_rp ,    9700  ,   200 (               |         -*   ),96.00, 97.00, 97.00, 98.00, 98.00
  10 , k_3_0.25_7_cxf_kd ,    9700  ,   200 (               |          *   ),96.00, 96.00, 97.00, 97.00, 98.00
  10 , k_3_0.25_13_cxf_rp ,    9700  ,   100 (               |        --*-  ),95.00, 97.00, 97.00, 98.00, 99.00
  10 , k_3_0.25_5_cxf_where ,    9700  ,   100 (               |        - *-  ),95.00, 96.00, 97.00, 97.00, 99.00
  10 , k_3_0.25_7_cxf_rp ,    9700  ,   100 (               |        --*   ),95.00, 97.00, 97.00, 97.00, 98.00
  10 , k_3_0.1_5_cxf_rp ,    9700  ,   100 (               |         -*   ),96.00, 97.00, 97.00, 98.00, 98.00
  10 , k_3_0.15_7_cxf_pca ,    9700  ,   200 (               |         -*-  ),96.00, 97.00, 97.00, 98.00, 99.00
  10 , k_3_0.01_7_cxf_2 ,    9700  ,   100 (               |       ---*   ),94.00, 97.00, 97.00, 98.00, 98.00
  10 , k_3_0.01_13_cxf_rp ,    9700  ,   100 (               |         -*   ),96.00, 97.00, 97.00, 98.00, 98.00
  10 , k_3_0.15_13_cxf_rp ,    9700  ,   100 (               |        --*   ),95.00, 97.00, 97.00, 98.00, 98.00
  10 , k_3_0.1_9_cxf_kd ,    9700  ,   200 (               |        --*   ),95.00, 97.00, 97.00, 97.00, 98.00
  10 , k_3_0.15_9_cxf_pca ,    9700  ,   200 (               |        - *-  ),95.00, 96.00, 97.00, 97.00, 99.00
  10 , k_3_0.15_11_cxf_spectral ,    9700  ,   200 (               |       -  *   ),94.00, 95.00, 97.00, 97.00, 98.00
  10 , k_3_0.2_5_cxf_spectral ,    9700  ,   100 (               |        - *   ),95.00, 96.00, 97.00, 97.00, 98.00
  10 , k_3_0.01_13_cxf_pca ,    9700  ,   100 (               |         -*   ),96.00, 97.00, 97.00, 98.00, 98.00
  10 , k_3_0.05_5_cxf_rp ,    9700  ,   100 (               |        - *-  ),95.00, 96.00, 97.00, 97.00, 99.00
  10 , k_3_0.2_5_cxf_2 ,    9700  ,   200 (               |         -*   ),96.00, 97.00, 97.00, 98.00, 98.00
  10 , k_3_0.05_5_cxf_kd ,    9700  ,   200 (               |        --*   ),95.00, 97.00, 97.00, 97.00, 98.00
  10 , k_3_0_7_cxf_2 ,    9700  ,   200 (               |        --*   ),95.00, 97.00, 97.00, 98.00, 98.00
  10 , k_3_0.01_11_cxf_kd ,    9700  ,   200 (               |        - *   ),95.00, 96.00, 97.00, 97.00, 98.00
  10 , k_3_0.2_5_cxf_pca ,    9700  ,   200 (               |          *-  ),96.00, 96.00, 97.00, 98.00, 99.00
  10 , k_3_0_11_cxf_pca ,    9700  ,   100 (               |        - *   ),95.00, 96.00, 97.00, 97.00, 98.00
  10 , k_3_0.2_11_cxf_random ,    9700  ,   100 (               |        - *   ),95.00, 96.00, 97.00, 97.00, 98.00
  10 , k_3_0.25_9_cxf_rp ,    9700  ,   200 (               |          *   ),96.00, 96.00, 97.00, 97.00, 98.00
  10 , k_3_0.2_7_cxf_random ,    9700  ,   200 (               |        - *-  ),95.00, 96.00, 97.00, 98.00, 99.00
  10 , k_3_0.25_9_cxf_pca ,    9700  ,   200 (               |        - *   ),95.00, 96.00, 97.00, 98.00, 98.00
  10 , k_3_0.2_11_cxf_kd ,    9700  ,   200 (               |       -- *   ),94.00, 96.00, 97.00, 98.00, 98.00
  10 , k_3_0.1_9_cxf_rp ,    9700  ,   200 (               |          *-  ),96.00, 96.00, 97.00, 98.00, 99.00
  10 , k_3_0.25_9_cxf_kd ,    9700  ,   100 (               |        - *   ),95.00, 96.00, 97.00, 97.00, 98.00
  10 , k_3_0.05_13_cxf_rp ,    9700  ,   100 (               |         -*-  ),96.00, 97.00, 97.00, 98.00, 99.00
  10 , k_3_0.01_7_cxf_rp ,    9700  ,   200 (               |        - *   ),95.00, 96.00, 97.00, 97.00, 98.00
  10 , k_3_0.05_13_cxf_kd ,    9700  ,   200 (               |        - *   ),95.00, 96.00, 97.00, 98.00, 98.00
  10 , k_3_0_11_cxf_kd ,    9700  ,   200 (               |          *   ),95.00, 95.00, 97.00, 97.00, 98.00
  10 , k_3_0.25_7_cxf_2 ,    9700  ,   200 (               |        - *-  ),95.00, 96.00, 97.00, 98.00, 99.00
  10 , k_3_0.25_5_cxf_kd ,    9700  ,   200 (               |          *-  ),96.00, 96.00, 97.00, 98.00, 99.00
  10 , k_3_0_9_cxf_2 ,    9700  ,   200 (               |         -*   ),96.00, 97.00, 97.00, 98.00, 98.00
  10 , k_3_0.15_11_cxf_rp ,    9700  ,   200 (               |        - *-  ),95.00, 96.00, 97.00, 98.00, 99.00
  10 , k_3_0.2_13_cxf_kd ,    9700  ,   200 (               |         -*-  ),96.00, 97.00, 97.00, 98.00, 99.00
  10 , k_3_0.05_11_cxf_kd ,    9700  ,   300 (               |        - *-  ),95.00, 96.00, 97.00, 98.00, 99.00
  10 , k_3_0.2_9_cxf_pca ,    9700  ,   100 (               |        - *   ),95.00, 96.00, 97.00, 97.00, 98.00
  10 , k_3_0.25_11_cxf_kd ,    9700  ,   200 (               |        - *   ),95.00, 96.00, 97.00, 98.00, 98.00
  10 , k_3_0.1_5_cxf_pca ,    9700  ,   200 (               |         -*-  ),96.00, 97.00, 97.00, 98.00, 99.00
  10 , k_3_0.01_9_cxf_2 ,    9700  ,   100 (               |        - *-  ),95.00, 96.00, 97.00, 97.00, 99.00
  10 , k_3_0.25_5_cxf_pca ,    9700  ,   300 (               |         -*-  ),96.00, 97.00, 97.00, 98.00, 99.00
  10 , k_3_0_11_cxf_rp ,    9700  ,   200 (               |        - *-  ),95.00, 96.00, 97.00, 98.00, 99.00
  10 , k_3_0.15_7_cxf_kd ,    9700  ,   200 (               |        - *   ),95.00, 96.00, 97.00, 97.00, 98.00
  10 , k_3_0.2_7_cxf_rp ,    9700  ,   100 (               |         -*-  ),96.00, 97.00, 97.00, 98.00, 99.00
  10 , k_3_0.05_11_cxf_2 ,    9700  ,   200 (               |          *-  ),96.00, 96.00, 97.00, 98.00, 99.00
  10 , k_3_0.01_5_cxf_pca ,    9700  ,   200 (               |        - *-  ),95.00, 96.00, 97.00, 98.00, 99.00
  10 , k_3_0.1_9_cxf_2 ,    9700  ,   100 (               |          *   ),96.00, 96.00, 97.00, 97.00, 98.00
  11 , k_3_0.15_5_cxf_pca ,    9800  ,   100 (               |         - *  ),96.00, 97.00, 98.00, 98.00, 99.00
  11 , k_3_0.1_13_cxf_2 ,    9800  ,   200 (               |        -  *  ),95.00, 96.00, 98.00, 98.00, 98.00
  11 , k_3_0.15_5_cxf_kd ,    9800  ,   100 (               |         - *  ),96.00, 97.00, 98.00, 98.00, 99.00
  11 , k_3_0.05_11_cxf_pca ,    9800  ,   100 (               |        -- *  ),95.00, 97.00, 98.00, 98.00, 99.00
  11 , k_3_0.15_11_cxf_pca ,    9800  ,   100 (               |         - *  ),96.00, 97.00, 98.00, 98.00, 99.00
  11 , k_3_0.05_13_cxf_2 ,    9800  ,   100 (               |         - *  ),96.00, 97.00, 98.00, 98.00, 99.00
  11 , k_3_0.15_13_cxf_2 ,    9800  ,   200 (               |         - *  ),96.00, 97.00, 98.00, 99.00, 99.00
  11 , k_3_0.1_9_cxf_pca ,    9800  ,   100 (               |          -*  ),97.00, 98.00, 98.00, 98.00, 99.00
  11 , k_3_0.25_11_cxf_2 ,    9800  ,   200 (               |         - *  ),96.00, 97.00, 98.00, 98.00, 99.00
  11 , k_3_0.1_5_cxf_2 ,    9800  ,   100 (               |         - *  ),96.00, 97.00, 98.00, 98.00, 98.00
  11 , k_3_0.2_7_cxf_pca ,    9800  ,   100 (               |         - *  ),96.00, 97.00, 98.00, 98.00, 99.00
  11 , k_3_0.2_11_cxf_pca ,    9800  ,   100 (               |         - *  ),96.00, 97.00, 98.00, 98.00, 99.00
  11 , k_3_0.01_11_cxf_pca ,    9800  ,   100 (               |         - *  ),96.00, 97.00, 98.00, 98.00, 99.00
  11 , k_3_0.15_9_cxf_kd ,    9800  ,   100 (               |         - *  ),96.00, 97.00, 98.00, 98.00, 99.00
