rank ,         name ,    med   ,  iqr 
----------------------------------------------------
   1 , k_3_0.2_9_cxf_entropic ,    7100  ,   300 (    --* -      |              ),68.00, 71.00, 71.00, 73.00, 75.00
   1 , k_3_0_7_cxf_entropic ,    7100  ,   300 (   ---* --     |              ),67.00, 71.00, 71.00, 74.00, 76.00
   1 , k_3_0.25_5_cxf_entropic ,    7100  ,   500 (  --- * ---    |              ),66.00, 70.00, 71.00, 73.00, 77.00
   1 , k_3_0.1_11_cxf_entropic ,    7100  ,   500 (   -  * ---    |              ),67.00, 69.00, 71.00, 73.00, 77.00
   1 , k_3_0_13_cxf_entropic ,    7100  ,   400 (   -  * --     |              ),67.00, 69.00, 71.00, 73.00, 76.00
   1 , k_3_0.15_5_cxf_entropic ,    7200  ,   500 (    -- *---    |              ),69.00, 71.00, 72.00, 74.00, 77.00
   1 , k_3_0.1_5_cxf_entropic ,    7200  ,   400 (   --- *--     |              ),67.00, 71.00, 72.00, 74.00, 76.00
   1 , k_3_0_11_cxf_entropic ,    7200  ,   500 (   --  *----   |              ),67.00, 70.00, 72.00, 74.00, 78.00
   1 , k_3_0.05_5_cxf_entropic ,    7200  ,   300 (    -  *-      |              ),68.00, 70.00, 72.00, 73.00, 75.00
   2 , k_3_0.25_7_cxf_entropic ,    7300  ,   500 (      - *---   |              ),71.00, 72.00, 73.00, 75.00, 78.00
   2 , k_3_0.01_11_cxf_entropic ,    7300  ,   200 (    --- *----  |              ),69.00, 72.00, 73.00, 74.00, 80.00
   2 , k_3_0_9_cxf_entropic ,    7300  ,   500 (    --  * --   |              ),68.00, 71.00, 73.00, 76.00, 78.00
   2 , k_3_0.15_13_cxf_entropic ,    7300  ,   300 (    --  *      |              ),68.00, 71.00, 73.00, 73.00, 75.00
   2 , k_3_0.15_9_cxf_entropic ,    7300  ,   400 (    --  *---   |              ),69.00, 71.00, 73.00, 75.00, 78.00
   2 , k_3_0.01_7_cxf_entropic ,    7300  ,   400 (   ---  *--    |              ),67.00, 71.00, 73.00, 75.00, 77.00
   3 , k_3_0.05_7_cxf_entropic ,    7400  ,   500 (    -   *----- |              ),68.00, 70.00, 74.00, 74.00, 81.00
   3 , k_3_0.2_5_cxf_entropic ,    7400  ,   300 (     ---* --   |              ),70.00, 73.00, 74.00, 76.00, 79.00
   3 , k_3_0.05_13_cxf_entropic ,    7400  ,   400 (        *  --- |              ),73.00, 73.00, 74.00, 77.00, 81.00
   3 , k_3_0.01_5_cxf_entropic ,    7400  ,   400 (     ---*---   |              ),70.00, 73.00, 74.00, 75.00, 79.00
   3 , k_3_0.1_13_cxf_entropic ,    7400  ,   300 (      --* --   |              ),71.00, 73.00, 74.00, 76.00, 79.00
   4 , k_3_0.2_7_cxf_entropic ,    7500  ,   400 (      -- *--   |              ),71.00, 74.00, 75.00, 76.00, 78.00
   4 , k_3_0.05_11_cxf_entropic ,    7500  ,   600 (      -- * -   |              ),71.00, 73.00, 75.00, 77.00, 79.00
   4 , k_3_0.2_13_cxf_entropic ,    7500  ,   400 (       - *  -  |              ),72.00, 74.00, 75.00, 78.00, 80.00
   4 , k_3_0.1_9_cxf_entropic ,    7500  ,   500 (     --- * --  |              ),70.00, 73.00, 75.00, 77.00, 80.00
   4 , k_3_0.01_9_cxf_entropic ,    7600  ,   400 (        - *--- |              ),73.00, 75.00, 76.00, 77.00, 81.00
   4 , k_3_0.25_11_cxf_entropic ,    7600  ,   500 (      --  *    |              ),71.00, 73.00, 76.00, 78.00, 79.00
   4 , k_3_0.25_13_cxf_entropic ,    7600  ,   300 (      --- * -  |              ),71.00, 75.00, 76.00, 78.00, 80.00
   5 , k_3_0.15_11_cxf_entropic ,    7700  ,   300 (       --  *-- |              ),72.00, 75.00, 77.00, 78.00, 81.00
   5 , k_3_0_5_cxf_entropic ,    7700  ,   600 (        -  * --|              ),73.00, 75.00, 77.00, 80.00, 83.00
   5 , k_3_0.1_7_cxf_entropic ,    7700  ,   500 (        -  * --|              ),74.00, 75.00, 77.00, 80.00, 82.00
   5 , k_3_0.15_7_cxf_entropic ,    7700  ,   300 (      ---- *-  |              ),71.00, 76.00, 77.00, 79.00, 80.00
   5 , k_3_0.25_9_cxf_entropic ,    7800  ,   300 (        --  *--|              ),74.00, 76.00, 78.00, 79.00, 83.00
   5 , k_3_0.2_11_cxf_entropic ,    7800  ,   400 (        --  *  |              ),74.00, 76.00, 78.00, 79.00, 80.00
   5 , k_3_0.05_9_cxf_entropic ,    7900  ,   400 (        --  *- |              ),73.00, 76.00, 79.00, 79.00, 81.00
   6 , k_3_0.01_13_cxf_entropic ,    8000  ,   400 (          -- *-|              ),76.00, 78.00, 80.00, 81.00, 82.00
   7 , k_3_0.1_11_cxf_spectral ,    9400  ,   200 (               |       - *    ),92.00, 93.00, 94.00, 95.00, 96.00
   7 , k_3_0_5_cxf_spectral ,    9400  ,   200 (               |      -- *-   ),91.00, 93.00, 94.00, 95.00, 97.00
   8 , k_3_0_9_cxf_where ,    9500  ,   100 (               |        -*-   ),93.00, 95.00, 95.00, 96.00, 97.00
   8 , k_3_0.15_13_cxf_random ,    9500  ,   300 (               |        -*    ),93.00, 95.00, 95.00, 97.00, 97.00
   8 , k_3_0.15_5_cxf_spectral ,    9500  ,   200 (               |        -*    ),93.00, 95.00, 95.00, 97.00, 97.00
   8 , k_3_0.25_7_cxf_spectral ,    9500  ,   300 (               |         *    ),94.00, 95.00, 95.00, 97.00, 97.00
   8 , k_3_0_13_cxf_spectral ,    9500  ,   200 (               |        -*-   ),93.00, 94.00, 95.00, 95.00, 97.00
   8 , k_3_0_7_cxf_random ,    9500  ,   200 (               |        -*-   ),93.00, 94.00, 95.00, 96.00, 97.00
   8 , k_3_0.05_13_cxf_random ,    9500  ,   300 (               |       --*-   ),92.00, 95.00, 95.00, 96.00, 97.00
   8 , k_3_0_7_cxf_spectral ,    9500  ,   200 (               |        -*    ),93.00, 95.00, 95.00, 97.00, 97.00
   8 , k_3_0.05_11_cxf_spectral ,    9500  ,   300 (               |        -*    ),93.00, 94.00, 95.00, 97.00, 97.00
   8 , k_3_0_9_cxf_spectral ,    9500  ,   200 (               |        -*    ),93.00, 95.00, 95.00, 97.00, 97.00
   8 , k_3_0.01_11_cxf_where ,    9500  ,   200 (               |         *    ),94.00, 95.00, 95.00, 97.00, 97.00
   8 , k_3_0.1_5_cxf_random ,    9500  ,   200 (               |        -*    ),93.00, 95.00, 95.00, 97.00, 97.00
   8 , k_3_0.1_11_cxf_random ,    9500  ,   200 (               |         *-   ),95.00, 95.00, 95.00, 96.00, 97.00
   8 , k_3_0.25_7_cxf_where ,    9500  ,   200 (               |         *    ),94.00, 95.00, 95.00, 97.00, 97.00
   8 , k_3_0_13_cxf_where ,    9500  ,   300 (               |        -*--  ),93.00, 94.00, 95.00, 96.00, 98.00
   8 , k_3_0.1_13_cxf_where ,    9500  ,   200 (               |       --*    ),92.00, 95.00, 95.00, 97.00, 97.00
   8 , k_3_0.01_9_cxf_random ,    9500  ,   300 (               |       --*    ),92.00, 95.00, 95.00, 97.00, 97.00
   8 , k_3_0_5_cxf_where ,    9500  ,   300 (               |       - *-   ),92.00, 93.00, 95.00, 96.00, 97.00
   8 , k_3_0.01_5_cxf_spectral ,    9500  ,   200 (               |         *    ),94.00, 95.00, 95.00, 97.00, 97.00
   8 , k_3_0.25_9_cxf_where ,    9500  ,   100 (               |         *-   ),95.00, 95.00, 95.00, 96.00, 97.00
   8 , k_3_0.1_7_cxf_spectral ,    9500  ,   300 (               |        -*-   ),93.00, 94.00, 95.00, 96.00, 97.00
   8 , k_3_0.1_9_cxf_spectral ,    9500  ,   300 (               |       - *-   ),92.00, 93.00, 95.00, 96.00, 97.00
   8 , k_3_0.05_13_cxf_spectral ,    9500  ,   200 (               |        -*-   ),93.00, 95.00, 95.00, 96.00, 97.00
   8 , k_3_0.1_13_cxf_random ,    9500  ,   300 (               |        -* -  ),93.00, 95.00, 95.00, 97.00, 98.00
   8 , k_3_0.15_9_cxf_spectral ,    9500  ,   200 (               |        -*-   ),93.00, 95.00, 95.00, 96.00, 97.00
   8 , k_3_0.01_9_cxf_spectral ,    9500  ,   200 (               |       --*-   ),92.00, 94.00, 95.00, 96.00, 97.00
   8 , k_3_0.1_9_cxf_where ,    9500  ,   200 (               |       --*-   ),92.00, 94.00, 95.00, 96.00, 97.00
   8 , k_3_0.01_11_cxf_random ,    9500  ,   200 (               |        -*-   ),93.00, 94.00, 95.00, 96.00, 97.00
   8 , k_3_0.1_5_cxf_spectral ,    9500  ,   200 (               |        -*-   ),93.00, 94.00, 95.00, 95.00, 97.00
   8 , k_3_0_11_cxf_spectral ,    9500  ,   200 (               |        -*-   ),93.00, 94.00, 95.00, 96.00, 97.00
   8 , k_3_0.15_7_cxf_spectral ,    9500  ,   200 (               |         * -  ),94.00, 95.00, 95.00, 97.00, 98.00
   8 , k_3_0.01_11_cxf_spectral ,    9500  ,   300 (               |        -*-   ),93.00, 94.00, 95.00, 96.00, 97.00
   8 , k_3_0.01_7_cxf_spectral ,    9500  ,   300 (               |        -* -  ),93.00, 94.00, 95.00, 97.00, 98.00
   8 , k_3_0.05_7_cxf_spectral ,    9500  ,   200 (               |        -*    ),93.00, 95.00, 95.00, 97.00, 97.00
   9 , k_3_0.2_9_cxf_spectral ,    9600  ,   200 (               |          *-  ),94.00, 95.00, 96.00, 97.00, 98.00
   9 , k_3_0.05_5_cxf_random ,    9600  ,   200 (               |          *-  ),95.00, 95.00, 96.00, 97.00, 98.00
   9 , k_3_0_9_cxf_random ,    9600  ,   200 (               |          *   ),94.00, 95.00, 96.00, 97.00, 97.00
   9 , k_3_0.15_9_cxf_where ,    9600  ,   200 (               |          *-  ),95.00, 95.00, 96.00, 97.00, 98.00
   9 , k_3_0.2_13_cxf_spectral ,    9600  ,   200 (               |         -*   ),95.00, 96.00, 96.00, 97.00, 97.00
   9 , k_3_0.01_13_cxf_random ,    9600  ,   200 (               |          *   ),95.00, 95.00, 96.00, 97.00, 97.00
   9 , k_3_0.01_9_cxf_where ,    9600  ,   200 (               |        - *   ),93.00, 95.00, 96.00, 97.00, 97.00
   9 , k_3_0.05_5_cxf_spectral ,    9600  ,   200 (               |          *   ),94.00, 95.00, 96.00, 97.00, 97.00
   9 , k_3_0.2_13_cxf_random ,    9600  ,   200 (               |          *-  ),95.00, 95.00, 96.00, 97.00, 98.00
   9 , k_3_0.2_7_cxf_spectral ,    9600  ,   200 (               |          *   ),94.00, 95.00, 96.00, 96.00, 97.00
   9 , k_3_0.15_11_cxf_where ,    9600  ,   200 (               |          *   ),94.00, 95.00, 96.00, 97.00, 97.00
   9 , k_3_0.25_13_cxf_where ,    9600  ,   200 (               |          *-  ),95.00, 95.00, 96.00, 97.00, 98.00
   9 , k_3_0.05_9_cxf_spectral ,    9600  ,   200 (               |        - *   ),93.00, 95.00, 96.00, 97.00, 97.00
   9 , k_3_0.1_11_cxf_where ,    9600  ,   200 (               |          *   ),94.00, 95.00, 96.00, 97.00, 97.00
   9 , k_3_0_11_cxf_random ,    9600  ,   200 (               |          *-  ),94.00, 95.00, 96.00, 97.00, 98.00
   9 , k_3_0.25_11_cxf_random ,    9600  ,   200 (               |        - *   ),93.00, 95.00, 96.00, 97.00, 97.00
   9 , k_3_0.1_7_cxf_random ,    9600  ,   200 (               |          *   ),94.00, 95.00, 96.00, 97.00, 97.00
   9 , k_3_0.05_7_cxf_random ,    9600  ,   200 (               |        - *   ),93.00, 95.00, 96.00, 97.00, 97.00
   9 , k_3_0_7_cxf_where ,    9600  ,   200 (               |          *-  ),94.00, 95.00, 96.00, 97.00, 98.00
   9 , k_3_0.01_7_cxf_random ,    9600  ,   200 (               |          *-  ),94.00, 95.00, 96.00, 97.00, 98.00
   9 , k_3_0.01_7_cxf_where ,    9600  ,   200 (               |          *   ),95.00, 95.00, 96.00, 97.00, 97.00
   9 , k_3_0_11_cxf_where ,    9600  ,   200 (               |          *   ),95.00, 95.00, 96.00, 97.00, 97.00
   9 , k_3_0.25_11_cxf_spectral ,    9600  ,   200 (               |          *   ),95.00, 95.00, 96.00, 97.00, 97.00
   9 , k_3_0.2_11_cxf_where ,    9600  ,   200 (               |          *   ),95.00, 95.00, 96.00, 97.00, 97.00
   9 , k_3_0_5_cxf_random ,    9600  ,   200 (               |        - *-  ),93.00, 95.00, 96.00, 97.00, 98.00
   9 , k_3_0.15_7_cxf_where ,    9600  ,   200 (               |          *-  ),94.00, 95.00, 96.00, 97.00, 98.00
   9 , k_3_0.1_7_cxf_where ,    9600  ,   200 (               |        - *-  ),93.00, 95.00, 96.00, 97.00, 98.00
   9 , k_3_0.1_13_cxf_spectral ,    9600  ,   200 (               |          *-  ),94.00, 95.00, 96.00, 97.00, 98.00
   9 , k_3_0.25_13_cxf_spectral ,    9600  ,   200 (               |          *   ),94.00, 95.00, 96.00, 97.00, 97.00
   9 , k_3_0.1_9_cxf_random ,    9600  ,   200 (               |       -- *-  ),92.00, 95.00, 96.00, 97.00, 98.00
   9 , k_3_0.15_13_cxf_spectral ,    9600  ,   300 (               |        - *-  ),93.00, 95.00, 96.00, 97.00, 98.00
   9 , k_3_0.1_5_cxf_where ,    9600  ,   200 (               |          *-  ),94.00, 95.00, 96.00, 97.00, 98.00
   9 , k_3_0.05_11_cxf_where ,    9600  ,   200 (               |          *   ),94.00, 95.00, 96.00, 97.00, 97.00
   9 , k_3_0.25_9_cxf_spectral ,    9600  ,   200 (               |          *-  ),94.00, 95.00, 96.00, 97.00, 98.00
   9 , k_3_0.15_7_cxf_random ,    9600  ,   200 (               |          *   ),94.00, 95.00, 96.00, 97.00, 97.00
   9 , k_3_0.01_5_cxf_random ,    9600  ,   200 (               |          *   ),94.00, 95.00, 96.00, 97.00, 97.00
  10 , k_3_0.1_7_cxf_2 ,    9700  ,   100 (               |         --*  ),95.00, 97.00, 97.00, 98.00, 98.00
  10 , k_3_0.15_13_cxf_kd ,    9700  ,     0 (               |         --*  ),95.00, 97.00, 97.00, 97.00, 98.00
  10 , k_3_0.15_9_cxf_random ,    9700  ,   200 (               |         - *  ),95.00, 96.00, 97.00, 97.00, 98.00
  10 , k_3_0.05_9_cxf_pca ,    9700  ,     0 (               |         --*  ),95.00, 97.00, 97.00, 97.00, 98.00
  10 , k_3_0.01_11_cxf_rp ,    9700  ,   100 (               |         - *  ),94.00, 96.00, 97.00, 97.00, 98.00
  10 , k_3_0.25_5_cxf_2 ,    9700  ,   100 (               |         --*  ),95.00, 97.00, 97.00, 97.00, 98.00
  10 , k_3_0_9_cxf_kd ,    9700  ,   100 (               |         --*  ),95.00, 97.00, 97.00, 97.00, 98.00
  10 , k_3_0.25_9_cxf_2 ,    9700  ,     0 (               |          -*  ),96.00, 97.00, 97.00, 97.00, 98.00
  10 , k_3_0.2_5_cxf_kd ,    9700  ,   100 (               |          -*  ),96.00, 97.00, 97.00, 98.00, 98.00
  10 , k_3_0.05_7_cxf_pca ,    9700  ,   300 (               |           *  ),95.00, 95.00, 97.00, 98.00, 98.00
  10 , k_3_0.01_7_cxf_pca ,    9700  ,   100 (               |          -*  ),96.00, 97.00, 97.00, 97.00, 98.00
  10 , k_3_0.2_13_cxf_where ,    9700  ,   200 (               |           *  ),95.00, 95.00, 97.00, 97.00, 97.00
  10 , k_3_0.05_11_cxf_random ,    9700  ,   200 (               |         - *  ),94.00, 96.00, 97.00, 97.00, 97.00
  10 , k_3_0.15_11_cxf_2 ,    9700  ,     0 (               |          -*  ),96.00, 97.00, 97.00, 97.00, 98.00
  10 , k_3_0.2_7_cxf_2 ,    9700  ,   100 (               |          -*  ),96.00, 97.00, 97.00, 98.00, 98.00
  10 , k_3_0.01_5_cxf_rp ,    9700  ,   200 (               |         - *  ),95.00, 96.00, 97.00, 97.00, 98.00
  10 , k_3_0.25_11_cxf_where ,    9700  ,     0 (               |          -*  ),96.00, 97.00, 97.00, 97.00, 98.00
  10 , k_3_0.2_11_cxf_2 ,    9700  ,     0 (               |          -*  ),96.00, 97.00, 97.00, 97.00, 98.00
  10 , k_3_0.05_5_cxf_2 ,    9700  ,   100 (               |          -*  ),96.00, 97.00, 97.00, 97.00, 98.00
  10 , k_3_0.1_11_cxf_pca ,    9700  ,   100 (               |          -*  ),96.00, 97.00, 97.00, 98.00, 98.00
  10 , k_3_0.15_5_cxf_rp ,    9700  ,   100 (               |           *  ),97.00, 97.00, 97.00, 98.00, 98.00
  10 , k_3_0.25_13_cxf_pca ,    9700  ,   100 (               |           *  ),97.00, 97.00, 97.00, 98.00, 98.00
  10 , k_3_0_5_cxf_pca ,    9700  ,   100 (               |         --*  ),95.00, 97.00, 97.00, 97.00, 98.00
  10 , k_3_0.1_13_cxf_kd ,    9700  ,   100 (               |          -*  ),96.00, 97.00, 97.00, 98.00, 98.00
  10 , k_3_0_13_cxf_2 ,    9700  ,   100 (               |          -*  ),96.00, 97.00, 97.00, 98.00, 98.00
  10 , k_3_0.2_7_cxf_where ,    9700  ,   200 (               |           *  ),94.00, 95.00, 97.00, 97.00, 98.00
  10 , k_3_0.01_9_cxf_rp ,    9700  ,   100 (               |         - *  ),95.00, 96.00, 97.00, 97.00, 98.00
  10 , k_3_0.05_5_cxf_pca ,    9700  ,   200 (               |         - *  ),95.00, 96.00, 97.00, 98.00, 98.00
  10 , k_3_0.01_9_cxf_kd ,    9700  ,   100 (               |         --*  ),95.00, 97.00, 97.00, 97.00, 98.00
  10 , k_3_0_5_cxf_rp ,    9700  ,   100 (               |         --*  ),95.00, 97.00, 97.00, 98.00, 98.00
  10 , k_3_0.1_13_cxf_pca ,    9700  ,   200 (               |         - *  ),95.00, 96.00, 97.00, 97.00, 98.00
  10 , k_3_0.25_13_cxf_2 ,    9700  ,   100 (               |           *  ),97.00, 97.00, 97.00, 98.00, 98.00
  10 , k_3_0.25_5_cxf_spectral ,    9700  ,   200 (               |        -  *  ),93.00, 95.00, 97.00, 97.00, 97.00
  10 , k_3_0.15_7_cxf_2 ,    9700  ,   100 (               |          -*  ),96.00, 97.00, 97.00, 97.00, 98.00
  10 , k_3_0.15_13_cxf_where ,    9700  ,   200 (               |           *  ),94.00, 95.00, 97.00, 97.00, 98.00
  10 , k_3_0_5_cxf_kd ,    9700  ,   100 (               |           *  ),97.00, 97.00, 97.00, 98.00, 98.00
  10 , k_3_0.01_11_cxf_2 ,    9700  ,   100 (               |         --*  ),95.00, 97.00, 97.00, 97.00, 98.00
  10 , k_3_0.15_11_cxf_kd ,    9700  ,   100 (               |         --*  ),95.00, 97.00, 97.00, 97.00, 98.00
  10 , k_3_0.2_9_cxf_2 ,    9700  ,   100 (               |         --*  ),95.00, 97.00, 97.00, 98.00, 98.00
  10 , k_3_0.2_11_cxf_spectral ,    9700  ,   200 (               |           *  ),94.00, 95.00, 97.00, 97.00, 98.00
  10 , k_3_0.05_9_cxf_kd ,    9700  ,   100 (               |         --*  ),95.00, 97.00, 97.00, 98.00, 98.00
  10 , k_3_0_9_cxf_pca ,    9700  ,   200 (               |         --*  ),95.00, 97.00, 97.00, 98.00, 98.00
  10 , k_3_0.15_7_cxf_rp ,    9700  ,   100 (               |         --*  ),95.00, 97.00, 97.00, 97.00, 98.00
  10 , k_3_0.25_13_cxf_kd ,    9700  ,   100 (               |           *  ),97.00, 97.00, 97.00, 98.00, 98.00
  10 , k_3_0.05_9_cxf_random ,    9700  ,   200 (               |           *  ),94.00, 95.00, 97.00, 97.00, 98.00
  10 , k_3_0.05_13_cxf_pca ,    9700  ,   100 (               |         --*  ),95.00, 97.00, 97.00, 98.00, 98.00
  10 , k_3_0.2_9_cxf_random ,    9700  ,   100 (               |         - *  ),95.00, 96.00, 97.00, 97.00, 98.00
  10 , k_3_0.25_7_cxf_pca ,    9700  ,   200 (               |         --*  ),95.00, 97.00, 97.00, 98.00, 98.00
  10 , k_3_0.25_11_cxf_pca ,    9700  ,   100 (               |          -*  ),96.00, 97.00, 97.00, 98.00, 98.00
  10 , k_3_0.2_9_cxf_kd ,    9700  ,   100 (               |           *  ),96.00, 96.00, 97.00, 97.00, 98.00
  10 , k_3_0.15_5_cxf_2 ,    9700  ,   200 (               |          -*  ),96.00, 97.00, 97.00, 98.00, 98.00
  10 , k_3_0.2_13_cxf_2 ,    9700  ,   100 (               |         --*  ),95.00, 97.00, 97.00, 98.00, 98.00
  10 , k_3_0.1_7_cxf_kd ,    9700  ,   100 (               |         - *  ),95.00, 96.00, 97.00, 97.00, 98.00
  10 , k_3_0.25_5_cxf_rp ,    9700  ,     0 (               |          -*  ),96.00, 97.00, 97.00, 97.00, 98.00
  10 , k_3_0.1_7_cxf_pca ,    9700  ,   100 (               |          -*  ),96.00, 97.00, 97.00, 98.00, 98.00
  10 , k_3_0.1_13_cxf_rp ,    9700  ,   100 (               |         - *  ),95.00, 96.00, 97.00, 97.00, 98.00
  10 , k_3_0.15_11_cxf_random ,    9700  ,   200 (               |           *  ),94.00, 95.00, 97.00, 97.00, 98.00
  10 , k_3_0_9_cxf_rp ,    9700  ,   200 (               |           *  ),95.00, 95.00, 97.00, 97.00, 98.00
  10 , k_3_0.01_9_cxf_pca ,    9700  ,   100 (               |          -*  ),96.00, 97.00, 97.00, 97.00, 98.00
  10 , k_3_0.1_7_cxf_rp ,    9700  ,   200 (               |         --*  ),95.00, 97.00, 97.00, 98.00, 98.00
  10 , k_3_0.05_7_cxf_2 ,    9700  ,   100 (               |           *  ),97.00, 97.00, 97.00, 98.00, 98.00
  10 , k_3_0.25_5_cxf_random ,    9700  ,   100 (               |        -- *  ),93.00, 96.00, 97.00, 97.00, 98.00
  10 , k_3_0.05_9_cxf_2 ,    9700  ,     0 (               |         --*  ),95.00, 97.00, 97.00, 97.00, 98.00
  10 , k_3_0_5_cxf_2 ,    9700  ,   100 (               |         - *  ),95.00, 96.00, 97.00, 97.00, 98.00
  10 , k_3_0.01_5_cxf_kd ,    9700  ,   200 (               |         --*  ),95.00, 97.00, 97.00, 97.00, 98.00
  10 , k_3_0.2_9_cxf_rp ,    9700  ,   100 (               |         --*  ),95.00, 97.00, 97.00, 97.00, 98.00
  10 , k_3_0_13_cxf_random ,    9700  ,   200 (               |         - *  ),95.00, 96.00, 97.00, 97.00, 98.00
  10 , k_3_0.15_9_cxf_rp ,    9700  ,   100 (               |         - *  ),95.00, 96.00, 97.00, 97.00, 97.00
  10 , k_3_0.2_9_cxf_where ,    9700  ,   200 (               |         - *  ),94.00, 96.00, 97.00, 97.00, 98.00
  10 , k_3_0.01_13_cxf_2 ,    9700  ,   100 (               |           *  ),97.00, 97.00, 97.00, 98.00, 98.00
  10 , k_3_0.01_13_cxf_where ,    9700  ,   300 (               |           *  ),95.00, 95.00, 97.00, 97.00, 98.00
  10 , k_3_0.25_9_cxf_random ,    9700  ,   100 (               |         - *  ),95.00, 96.00, 97.00, 97.00, 98.00
  10 , k_3_0_11_cxf_2 ,    9700  ,   100 (               |          -*  ),96.00, 97.00, 97.00, 98.00, 98.00
  10 , k_3_0.1_5_cxf_kd ,    9700  ,   100 (               |         - *  ),95.00, 96.00, 97.00, 97.00, 98.00
  10 , k_3_0.2_13_cxf_pca ,    9700  ,   100 (               |          -*  ),96.00, 97.00, 97.00, 98.00, 98.00
  10 , k_3_0_7_cxf_kd ,    9700  ,   200 (               |         - *  ),95.00, 96.00, 97.00, 97.00, 98.00
  10 , k_3_0.15_9_cxf_2 ,    9700  ,   100 (               |          -*  ),96.00, 97.00, 97.00, 98.00, 98.00
  10 , k_3_0.05_7_cxf_kd ,    9700  ,   100 (               |           *  ),97.00, 97.00, 97.00, 98.00, 98.00
  10 , k_3_0.15_5_cxf_where ,    9700  ,   100 (               |         - *  ),95.00, 96.00, 97.00, 97.00, 97.00
  10 , k_3_0_13_cxf_pca ,    9700  ,     0 (               |         --*  ),95.00, 97.00, 97.00, 97.00, 98.00
  10 , k_3_0.05_7_cxf_rp ,    9700  ,   200 (               |         - *  ),95.00, 96.00, 97.00, 98.00, 98.00
  10 , k_3_0_13_cxf_kd ,    9700  ,   100 (               |         - *  ),95.00, 96.00, 97.00, 97.00, 98.00
  10 , k_3_0.2_5_cxf_random ,    9700  ,   100 (               |         - *  ),95.00, 96.00, 97.00, 97.00, 98.00
  10 , k_3_0.15_13_cxf_pca ,    9700  ,   100 (               |          -*  ),96.00, 97.00, 97.00, 98.00, 98.00
  10 , k_3_0.01_5_cxf_2 ,    9700  ,     0 (               |         --*  ),95.00, 97.00, 97.00, 97.00, 98.00
  10 , k_3_0.2_5_cxf_rp ,    9700  ,   100 (               |         --*  ),95.00, 97.00, 97.00, 97.00, 98.00
  10 , k_3_0.05_5_cxf_where ,    9700  ,   200 (               |        -  *  ),93.00, 95.00, 97.00, 97.00, 97.00
  10 , k_3_0.25_13_cxf_random ,    9700  ,   300 (               |         - *  ),95.00, 96.00, 97.00, 98.00, 98.00
  10 , k_3_0.1_11_cxf_rp ,    9700  ,   100 (               |          -*  ),96.00, 97.00, 97.00, 98.00, 98.00
  10 , k_3_0.25_7_cxf_kd ,    9700  ,   100 (               |          -*  ),96.00, 97.00, 97.00, 97.00, 98.00
  10 , k_3_0.25_13_cxf_rp ,    9700  ,   100 (               |         --*  ),95.00, 97.00, 97.00, 98.00, 98.00
  10 , k_3_0.25_5_cxf_where ,    9700  ,   100 (               |         --*  ),95.00, 97.00, 97.00, 97.00, 98.00
  10 , k_3_0.25_7_cxf_rp ,    9700  ,     0 (               |          -*  ),96.00, 97.00, 97.00, 97.00, 98.00
  10 , k_3_0_7_cxf_pca ,    9700  ,   100 (               |         - *  ),95.00, 96.00, 97.00, 97.00, 98.00
  10 , k_3_0.01_13_cxf_kd ,    9700  ,   200 (               |           *  ),95.00, 95.00, 97.00, 97.00, 98.00
  10 , k_3_0.1_5_cxf_rp ,    9700  ,   100 (               |          -*  ),96.00, 97.00, 97.00, 98.00, 98.00
  10 , k_3_0.01_13_cxf_spectral ,    9700  ,   200 (               |        -  *  ),93.00, 95.00, 97.00, 97.00, 97.00
  10 , k_3_0.15_7_cxf_pca ,    9700  ,   100 (               |          -*  ),96.00, 97.00, 97.00, 98.00, 98.00
  10 , k_3_0.01_7_cxf_2 ,    9700  ,   100 (               |         --*  ),95.00, 97.00, 97.00, 98.00, 98.00
  10 , k_3_0.2_7_cxf_kd ,    9700  ,   100 (               |         - *  ),95.00, 96.00, 97.00, 97.00, 98.00
  10 , k_3_0.01_13_cxf_rp ,    9700  ,   100 (               |           *  ),97.00, 97.00, 97.00, 98.00, 98.00
  10 , k_3_0.15_13_cxf_rp ,    9700  ,   100 (               |          -*  ),96.00, 97.00, 97.00, 98.00, 98.00
  10 , k_3_0.1_9_cxf_kd ,    9700  ,   100 (               |          -*  ),96.00, 97.00, 97.00, 97.00, 98.00
  10 , k_3_0.15_9_cxf_pca ,    9700  ,   100 (               |          -*  ),96.00, 97.00, 97.00, 97.00, 98.00
  10 , k_3_0.15_11_cxf_spectral ,    9700  ,   200 (               |        -- *  ),93.00, 96.00, 97.00, 97.00, 98.00
  10 , k_3_0.2_5_cxf_spectral ,    9700  ,   100 (               |         - *  ),95.00, 96.00, 97.00, 97.00, 98.00
  10 , k_3_0.05_7_cxf_where ,    9700  ,   300 (               |      ---  *  ),91.00, 95.00, 97.00, 97.00, 98.00
  10 , k_3_0.25_7_cxf_random ,    9700  ,   200 (               |         - *  ),94.00, 96.00, 97.00, 97.00, 98.00
  10 , k_3_0.01_13_cxf_pca ,    9700  ,   100 (               |          -*  ),96.00, 97.00, 97.00, 98.00, 98.00
  10 , k_3_0.1_11_cxf_kd ,    9700  ,   100 (               |         - *  ),95.00, 96.00, 97.00, 97.00, 97.00
  10 , k_3_0.05_5_cxf_rp ,    9700  ,     0 (               |         --*  ),95.00, 97.00, 97.00, 97.00, 98.00
  10 , k_3_0.2_5_cxf_2 ,    9700  ,   100 (               |           *  ),97.00, 97.00, 97.00, 98.00, 98.00
  10 , k_3_0.05_5_cxf_kd ,    9700  ,   100 (               |         --*  ),95.00, 97.00, 97.00, 97.00, 98.00
  10 , k_3_0_7_cxf_2 ,    9700  ,   100 (               |         --*  ),95.00, 97.00, 97.00, 98.00, 98.00
  10 , k_3_0.01_11_cxf_kd ,    9700  ,   100 (               |         - *  ),95.00, 96.00, 97.00, 97.00, 98.00
  10 , k_3_0.2_5_cxf_pca ,    9700  ,   100 (               |          -*  ),96.00, 97.00, 97.00, 98.00, 98.00
  10 , k_3_0_11_cxf_pca ,    9700  ,     0 (               |         --*  ),95.00, 97.00, 97.00, 97.00, 98.00
  10 , k_3_0.05_13_cxf_where ,    9700  ,   200 (               |           *  ),94.00, 95.00, 97.00, 97.00, 97.00
  10 , k_3_0.2_11_cxf_random ,    9700  ,   100 (               |         - *  ),94.00, 96.00, 97.00, 97.00, 98.00
  10 , k_3_0.25_9_cxf_rp ,    9700  ,   100 (               |          -*  ),96.00, 97.00, 97.00, 97.00, 98.00
  10 , k_3_0.2_7_cxf_random ,    9700  ,   200 (               |         - *  ),95.00, 96.00, 97.00, 98.00, 98.00
  10 , k_3_0.25_9_cxf_pca ,    9700  ,   100 (               |          -*  ),96.00, 97.00, 97.00, 98.00, 98.00
  10 , k_3_0.2_11_cxf_kd ,    9700  ,   100 (               |         --*  ),94.00, 97.00, 97.00, 98.00, 98.00
  10 , k_3_0.1_9_cxf_rp ,    9700  ,   100 (               |          -*  ),96.00, 97.00, 97.00, 98.00, 98.00
  10 , k_3_0.25_9_cxf_kd ,    9700  ,   100 (               |         --*  ),95.00, 97.00, 97.00, 97.00, 98.00
  10 , k_3_0.05_13_cxf_rp ,    9700  ,   100 (               |           *  ),97.00, 97.00, 97.00, 98.00, 98.00
  10 , k_3_0.05_11_cxf_rp ,    9700  ,     0 (               |         --*  ),94.00, 97.00, 97.00, 97.00, 98.00
  10 , k_3_0_7_cxf_rp ,    9700  ,   100 (               |         --*  ),95.00, 97.00, 97.00, 97.00, 98.00
  10 , k_3_0.01_7_cxf_rp ,    9700  ,   200 (               |         - *  ),95.00, 96.00, 97.00, 97.00, 98.00
  10 , k_3_0.2_5_cxf_where ,    9700  ,   100 (               |         - *  ),95.00, 96.00, 97.00, 97.00, 98.00
  10 , k_3_0.15_5_cxf_random ,    9700  ,   200 (               |           *  ),94.00, 95.00, 97.00, 97.00, 98.00
  10 , k_3_0.01_7_cxf_kd ,    9700  ,   100 (               |         --*  ),95.00, 97.00, 97.00, 97.00, 98.00
  10 , k_3_0.05_13_cxf_kd ,    9700  ,   200 (               |         - *  ),95.00, 96.00, 97.00, 98.00, 98.00
  10 , k_3_0_11_cxf_kd ,    9700  ,   100 (               |         - *  ),95.00, 96.00, 97.00, 97.00, 98.00
  10 , k_3_0.25_7_cxf_2 ,    9700  ,   100 (               |         --*  ),95.00, 97.00, 97.00, 98.00, 98.00
  10 , k_3_0.1_11_cxf_2 ,    9700  ,   100 (               |           *  ),96.00, 96.00, 97.00, 97.00, 98.00
  10 , k_3_0.2_11_cxf_rp ,    9700  ,   100 (               |         - *  ),95.00, 96.00, 97.00, 97.00, 98.00
  10 , k_3_0.01_5_cxf_where ,    9700  ,   200 (               |       --  *  ),92.00, 95.00, 97.00, 97.00, 98.00
  10 , k_3_0.25_5_cxf_kd ,    9700  ,   100 (               |          -*  ),96.00, 97.00, 97.00, 98.00, 98.00
  10 , k_3_0.25_11_cxf_rp ,    9700  ,     0 (               |         --*  ),95.00, 97.00, 97.00, 97.00, 98.00
  10 , k_3_0_9_cxf_2 ,    9700  ,   100 (               |          -*  ),96.00, 97.00, 97.00, 98.00, 98.00
  10 , k_3_0.15_11_cxf_rp ,    9700  ,   100 (               |         --*  ),95.00, 97.00, 97.00, 98.00, 98.00
  10 , k_3_0.2_13_cxf_kd ,    9700  ,   100 (               |           *  ),97.00, 97.00, 97.00, 98.00, 98.00
  10 , k_3_0.05_11_cxf_kd ,    9700  ,   200 (               |         - *  ),95.00, 96.00, 97.00, 98.00, 98.00
  10 , k_3_0.05_9_cxf_rp ,    9700  ,   200 (               |         - *  ),95.00, 96.00, 97.00, 97.00, 98.00
  10 , k_3_0.2_9_cxf_pca ,    9700  ,     0 (               |          -*  ),96.00, 97.00, 97.00, 97.00, 98.00
  10 , k_3_0.25_11_cxf_kd ,    9700  ,   100 (               |         --*  ),95.00, 97.00, 97.00, 98.00, 98.00
  10 , k_3_0.1_5_cxf_pca ,    9700  ,   100 (               |          -*  ),96.00, 97.00, 97.00, 98.00, 98.00
  10 , k_3_0.01_9_cxf_2 ,    9700  ,     0 (               |         --*  ),95.00, 97.00, 97.00, 97.00, 98.00
  10 , k_3_0.25_5_cxf_pca ,    9700  ,   100 (               |          -*  ),96.00, 97.00, 97.00, 98.00, 98.00
  10 , k_3_0_11_cxf_rp ,    9700  ,   100 (               |         --*  ),95.00, 97.00, 97.00, 98.00, 98.00
  10 , k_3_0.15_7_cxf_kd ,    9700  ,   200 (               |         --*  ),95.00, 97.00, 97.00, 97.00, 98.00
  10 , k_3_0.2_7_cxf_rp ,    9700  ,   100 (               |          -*  ),96.00, 97.00, 97.00, 98.00, 98.00
  10 , k_3_0.2_13_cxf_rp ,    9700  ,   100 (               |         - *  ),95.00, 96.00, 97.00, 97.00, 98.00
  10 , k_3_0.05_9_cxf_where ,    9700  ,   200 (               |        -- *  ),93.00, 96.00, 97.00, 97.00, 98.00
  10 , k_3_0_13_cxf_rp ,    9700  ,   100 (               |         - *  ),95.00, 96.00, 97.00, 97.00, 98.00
  10 , k_3_0.05_11_cxf_2 ,    9700  ,   100 (               |           *  ),97.00, 97.00, 97.00, 98.00, 98.00
  10 , k_3_0.01_5_cxf_pca ,    9700  ,   200 (               |         --*  ),95.00, 97.00, 97.00, 98.00, 98.00
  10 , k_3_0.1_9_cxf_2 ,    9700  ,     0 (               |          -*  ),96.00, 97.00, 97.00, 97.00, 98.00
  11 , k_3_0.15_5_cxf_pca ,    9800  ,   100 (               |            * ),97.00, 97.00, 98.00, 98.00, 98.00
  11 , k_3_0.1_13_cxf_2 ,    9800  ,   100 (               |         -- * ),95.00, 97.00, 98.00, 98.00, 98.00
  11 , k_3_0.15_5_cxf_kd ,    9800  ,   100 (               |            * ),97.00, 97.00, 98.00, 98.00, 98.00
  11 , k_3_0.05_11_cxf_pca ,    9800  ,   100 (               |         -- * ),95.00, 97.00, 98.00, 98.00, 98.00
  11 , k_3_0.15_11_cxf_pca ,    9800  ,   100 (               |          - * ),96.00, 97.00, 98.00, 98.00, 98.00
  11 , k_3_0.05_13_cxf_2 ,    9800  ,   100 (               |          - * ),96.00, 97.00, 98.00, 98.00, 98.00
  11 , k_3_0.15_13_cxf_2 ,    9800  ,   100 (               |          - * ),96.00, 97.00, 98.00, 98.00, 98.00
  11 , k_3_0.1_9_cxf_pca ,    9800  ,   100 (               |           -* ),97.00, 98.00, 98.00, 98.00, 98.00
  11 , k_3_0.25_11_cxf_2 ,    9800  ,   100 (               |            * ),97.00, 97.00, 98.00, 98.00, 98.00
  11 , k_3_0.1_5_cxf_2 ,    9800  ,   100 (               |            * ),97.00, 97.00, 98.00, 98.00, 98.00
  11 , k_3_0.2_7_cxf_pca ,    9800  ,   100 (               |            * ),97.00, 97.00, 98.00, 98.00, 98.00
  11 , k_3_0.2_11_cxf_pca ,    9800  ,   100 (               |            * ),97.00, 97.00, 98.00, 98.00, 98.00
  11 , k_3_0.01_11_cxf_pca ,    9800  ,   100 (               |            * ),97.00, 97.00, 98.00, 98.00, 98.00
  11 , k_3_0.15_9_cxf_kd ,    9800  ,   100 (               |            * ),97.00, 97.00, 98.00, 98.00, 98.00
