rank ,         name ,    med   ,  iqr 
----------------------------------------------------
   1 , k_10_0.1_9_camel_random ,       0  ,  2900 (*      ------- |              ), 0.00,  0.00,  0.00, 25.00, 50.00
   1 , k_10_0.15_7_camel_entropic ,       0  ,     0 (*              |              ), 0.00,  0.00,  0.00,  0.00,  0.00
   1 , k_10_0_5_camel_entropic ,       0  ,     0 (*              |              ), 0.00,  0.00,  0.00,  0.00,  0.00
   1 , k_10_0.05_11_camel_entropic ,       0  ,     0 (*              |              ), 0.00,  0.00,  0.00,  0.00,  0.00
   1 , k_10_0.05_7_camel_random ,       0  ,  2900 (*     ---      |              ), 0.00,  0.00,  0.00, 22.00, 33.00
   1 , k_10_0_11_camel_entropic ,       0  ,     0 (*              |              ), 0.00,  0.00,  0.00,  0.00,  0.00
   1 , k_10_0.1_13_camel_entropic ,       0  ,     0 (*              |              ), 0.00,  0.00,  0.00,  0.00,  0.00
   1 , k_10_0.1_11_camel_entropic ,       0  ,     0 (*              |              ), 0.00,  0.00,  0.00,  0.00,  0.00
   1 , k_10_0_9_camel_entropic ,       0  ,     0 (*              |              ), 0.00,  0.00,  0.00,  0.00,  0.00
   1 , k_10_0.05_9_camel_entropic ,       0  ,     0 (*              |              ), 0.00,  0.00,  0.00,  0.00,  0.00
   1 , k_10_0.15_11_camel_entropic ,       0  ,     0 (*              |              ), 0.00,  0.00,  0.00,  0.00,  0.00
   1 , k_10_0.01_9_camel_entropic ,       0  ,     0 (*              |              ), 0.00,  0.00,  0.00,  0.00,  0.00
   1 , k_10_0.01_11_camel_entropic ,       0  ,     0 (*              |              ), 0.00,  0.00,  0.00,  0.00,  0.00
   1 , k_10_0.01_7_camel_entropic ,       0  ,     0 (*              |              ), 0.00,  0.00,  0.00,  0.00,  0.00
   1 , k_10_0.25_13_camel_entropic ,       0  ,     0 (*              |              ), 0.00,  0.00,  0.00,  0.00,  0.00
   1 , k_10_0.05_7_camel_entropic ,       0  ,     0 (*              |              ), 0.00,  0.00,  0.00,  0.00,  0.00
   1 , k_10_0.25_7_camel_entropic ,       0  ,     0 (*              |              ), 0.00,  0.00,  0.00,  0.00,  0.00
   1 , k_10_0.15_9_camel_entropic ,       0  ,     0 (*              |              ), 0.00,  0.00,  0.00,  0.00,  0.00
   1 , k_10_0_13_camel_entropic ,       0  ,     0 (*              |              ), 0.00,  0.00,  0.00,  0.00,  0.00
   1 , k_10_0.15_5_camel_entropic ,       0  ,     0 (*              |              ), 0.00,  0.00,  0.00,  0.00,  0.00
   1 , k_10_0.2_9_camel_entropic ,       0  ,     0 (*              |              ), 0.00,  0.00,  0.00,  0.00,  0.00
   1 , k_10_0.05_13_camel_entropic ,       0  ,     0 (*              |              ), 0.00,  0.00,  0.00,  0.00,  0.00
   1 , k_10_0.2_5_camel_entropic ,       0  ,     0 (*              |              ), 0.00,  0.00,  0.00,  0.00,  0.00
   1 , k_10_0.2_7_camel_entropic ,       0  ,     0 (*              |              ), 0.00,  0.00,  0.00,  0.00,  0.00
   1 , k_10_0.25_9_camel_entropic ,       0  ,     0 (*              |              ), 0.00,  0.00,  0.00,  0.00,  0.00
   1 , k_10_0.1_5_camel_entropic ,       0  ,     0 (*              |              ), 0.00,  0.00,  0.00,  0.00,  0.00
   1 , k_10_0.2_13_camel_entropic ,       0  ,     0 (*              |              ), 0.00,  0.00,  0.00,  0.00,  0.00
   1 , k_10_0.01_5_camel_entropic ,       0  ,     0 (*              |              ), 0.00,  0.00,  0.00,  0.00,  0.00
   1 , k_10_0.25_5_camel_entropic ,       0  ,     0 (*              |              ), 0.00,  0.00,  0.00,  0.00,  0.00
   1 , k_10_0.1_9_camel_entropic ,       0  ,     0 (*              |              ), 0.00,  0.00,  0.00,  0.00,  0.00
   1 , k_10_0.2_11_camel_entropic ,       0  ,     0 (*              |              ), 0.00,  0.00,  0.00,  0.00,  0.00
   1 , k_10_0.15_13_camel_entropic ,       0  ,     0 (*              |              ), 0.00,  0.00,  0.00,  0.00,  0.00
   1 , k_10_0.01_13_camel_entropic ,       0  ,     0 (*              |              ), 0.00,  0.00,  0.00,  0.00,  0.00
   1 , k_10_0.05_5_camel_entropic ,       0  ,     0 (*              |              ), 0.00,  0.00,  0.00,  0.00,  0.00
   1 , k_10_0.25_11_camel_entropic ,       0  ,     0 (*              |              ), 0.00,  0.00,  0.00,  0.00,  0.00
   1 , k_10_0_7_camel_entropic ,       0  ,     0 (*              |              ), 0.00,  0.00,  0.00,  0.00,  0.00
   1 , k_10_0.1_7_camel_entropic ,       0  ,     0 (*              |              ), 0.00,  0.00,  0.00,  0.00,  0.00
   2 , k_10_0.1_7_camel_spectral ,    2900  ,  4000 (        *----  |              ), 0.00,  0.00, 29.00, 33.00, 44.00
   3 , k_10_0.1_5_camel_random ,    2500  ,  3200 (-----  *     --|-             ), 0.00, 20.00, 25.00, 44.00, 60.00
   3 , k_10_0.1_13_camel_random ,    2500  ,  3100 (       *-----  |              ), 0.00,  0.00, 25.00, 29.00, 44.00
   3 , k_10_0_5_camel_random ,    2900  ,  2600 (-----   *  ----|-             ), 0.00, 18.00, 29.00, 40.00, 57.00
   3 , k_10_0.1_7_camel_random ,    3100  ,  2800 (-----    * --- |              ), 0.00, 18.00, 31.00, 40.00, 50.00
   3 , k_10_0.2_11_camel_random ,    3300  ,  2700 (-------  *  ---|--            ), 0.00, 25.00, 33.00, 43.00, 62.00
   4 , k_10_0_11_camel_random ,    3600  ,  3200 (-------   *  --|----          ), 0.00, 25.00, 36.00, 46.00, 67.00
   4 , k_10_0.15_9_camel_random ,    3700  ,  3000 (---------  *  -|----          ), 0.00, 33.00, 37.00, 50.00, 67.00
   4 , k_10_0.1_5_camel_spectral ,    4000  ,  3600 (-----      *   |-------       ), 0.00, 18.00, 40.00, 53.00, 77.00
   4 , k_10_0.2_5_camel_random ,    4000  ,  2800 (--------   *   |------        ), 0.00, 29.00, 40.00, 55.00, 75.00
   4 , k_10_0.25_9_camel_random ,    4000  ,  3800 (    ---    *   | -----        ),15.00, 25.00, 40.00, 57.00, 75.00
   4 , k_10_0.2_5_camel_spectral ,    4000  ,  3800 (     ---   *   |    ------    ),20.00, 29.00, 40.00, 67.00, 89.00
   4 , k_10_0.05_13_camel_random ,    4000  ,  2100 (      --   *  -|-             ),22.00, 29.00, 40.00, 50.00, 60.00
   4 , k_10_0.01_9_camel_spectral ,    4300  ,  2600 (---------   * -|-------       ), 0.00, 33.00, 43.00, 50.00, 77.00
   4 , k_10_0.15_5_camel_random ,    4300  ,  2600 (     ---    * -|-             ),20.00, 27.00, 43.00, 47.00, 60.00
   4 , k_10_0_9_camel_random ,    4400  ,  4200 (---------    * | ------       ), 0.00, 31.00, 44.00, 57.00, 77.00
   4 , k_10_0_7_camel_random ,    4400  ,  2000 (-----------  *-|-             ), 0.00, 40.00, 44.00, 50.00, 57.00
   4 , k_10_0_13_camel_random ,    4400  ,  2700 (     -----   * | ---          ),20.00, 36.00, 44.00, 57.00, 67.00
   4 , k_10_0.01_13_camel_spectral ,    4400  ,  2400 (     ------  * | -------      ),20.00, 40.00, 44.00, 57.00, 83.00
   4 , k_10_0.01_13_camel_random ,    4400  ,  1700 (     -----   *-|-             ),18.00, 36.00, 44.00, 50.00, 60.00
   4 , k_10_0.01_9_camel_random ,    4400  ,  3300 (---------    * |--            ), 0.00, 33.00, 44.00, 55.00, 62.00
   4 , k_10_0.25_7_camel_random ,    4400  ,  3000 (       -     *-|--            ),25.00, 29.00, 44.00, 50.00, 62.00
   5 , k_10_0_7_camel_spectral ,    5000  ,  3800 (---------     *|    --        ), 0.00, 33.00, 50.00, 67.00, 75.00
   5 , k_10_0.2_13_camel_random ,    5000  ,  2700 (     ------   *|    --        ),20.00, 40.00, 50.00, 67.00, 75.00
   5 , k_10_0.15_13_camel_random ,    5000  ,  2400 (        --    *|--            ),29.00, 35.00, 50.00, 55.00, 62.00
   5 , k_10_0.1_9_camel_spectral ,    5000  ,  2400 (     ------   *| ----         ),20.00, 40.00, 50.00, 60.00, 73.00
   5 , k_10_0.25_11_camel_random ,    5000  ,  2200 (         --   *| ------       ),33.00, 40.00, 50.00, 57.00, 77.00
   5 , k_10_0.15_7_camel_random ,    5000  ,  3400 (        ---   *| ----         ),29.00, 40.00, 50.00, 60.00, 73.00
   5 , k_10_0.25_7_camel_spectral ,    5000  ,  3700 (-----------   *| -----        ), 0.00, 40.00, 50.00, 59.00, 75.00
   5 , k_10_0.05_9_camel_random ,    5000  ,  1500 (        ---   *|-----         ),29.00, 40.00, 50.00, 55.00, 73.00
   5 , k_10_0.1_11_camel_random ,    5000  ,  1700 (     -------- *| -            ),20.00, 44.00, 50.00, 57.00, 63.00
   5 , k_10_0.15_7_camel_spectral ,    5000  ,  4600 (---------     *|      ------- ), 0.00, 33.00, 50.00, 75.00, 100.00
   5 , k_10_0.2_9_camel_random ,    5000  ,  2000 (         ---  *|-----         ),33.00, 43.00, 50.00, 56.00, 71.00
   5 , k_10_0.05_13_camel_spectral ,    5000  ,  2700 (         --   *| ----         ),33.00, 37.00, 50.00, 59.00, 71.00
   5 , k_10_0_5_camel_spectral ,    5000  ,  3100 (        ----- *|    ------    ),27.00, 44.00, 50.00, 67.00, 88.00
   5 , k_10_0.01_7_camel_random ,    5000  ,  2400 (     ------   *|-------       ),18.00, 40.00, 50.00, 55.00, 80.00
   5 , k_10_0.05_11_camel_random ,    5000  ,  2100 (     ------   *| ------       ),18.00, 40.00, 50.00, 57.00, 77.00
   5 , k_10_0.01_11_camel_random ,    5000  ,  1700 (         --   *| ---          ),31.00, 40.00, 50.00, 57.00, 67.00
   6 , k_10_0_13_camel_spectral ,    5300  ,  2600 (         ----  *    ---       ),33.00, 44.00, 53.00, 70.00, 77.00
   6 , k_10_0.05_5_camel_random ,    5500  ,  3100 (------------   |*   --        ), 0.00, 42.00, 55.00, 67.00, 75.00
   6 , k_10_0.15_5_camel_spectral ,    5500  ,  3400 (         ----  |*   -----     ),31.00, 44.00, 55.00, 67.00, 86.00
   6 , k_10_0.1_13_camel_spectral ,    5700  ,  3400 (       ---     | *  ---       ),25.00, 36.00, 57.00, 67.00, 80.00
   6 , k_10_0.05_5_camel_spectral ,    5700  ,  3800 (---------      | *  ----      ), 0.00, 33.00, 57.00, 67.00, 83.00
   6 , k_10_0.05_9_camel_spectral ,    5700  ,  2700 (     --------  | *  ---       ),20.00, 44.00, 57.00, 67.00, 80.00
   6 , k_10_0.2_7_camel_spectral ,    5700  ,  4000 (-------------  | *     --     ), 0.00, 44.00, 57.00, 80.00, 86.00
   6 , k_10_0.05_7_camel_spectral ,    5700  ,  3000 (          ---- | *   --       ),36.00, 50.00, 57.00, 71.00, 77.00
   6 , k_10_0.1_11_camel_spectral ,    5700  ,  3600 (         ----  | *     ----   ),33.00, 46.00, 57.00, 77.00, 91.00
   6 , k_10_0.15_9_camel_spectral ,    5700  ,  3300 (         ----  | *   ----     ),33.00, 44.00, 57.00, 71.00, 86.00
   6 , k_10_0.01_5_camel_random ,    5900  ,  2300 (        -----  | *---         ),29.00, 44.00, 59.00, 62.00, 71.00
   6 , k_10_0.01_5_camel_spectral ,    6000  ,  3100 (     --------  | *   -----    ),20.00, 44.00, 60.00, 71.00, 89.00
   6 , k_10_0.01_11_camel_spectral ,    6000  ,  2300 (        -----  | *  -         ),29.00, 44.00, 60.00, 67.00, 73.00
   6 , k_10_0.15_11_camel_random ,    6000  ,  1400 (             --| *--          ),44.00, 55.00, 60.00, 63.00, 67.00
   6 , k_10_0_11_camel_spectral ,    6000  ,  2900 (           --- | *   ---      ),37.00, 50.00, 60.00, 73.00, 82.00
   6 , k_10_0.2_7_camel_random ,    6000  ,  2300 (         ----- | *-----       ),33.00, 50.00, 60.00, 63.00, 77.00
   6 , k_10_0.2_13_camel_spectral ,    6000  ,  3200 (         ----  | *  -----     ),33.00, 44.00, 60.00, 67.00, 84.00
   6 , k_10_0.15_13_camel_spectral ,    6200  ,  3100 (       ------- |  *    --     ),25.00, 50.00, 62.00, 77.00, 86.00
   6 , k_10_0.25_11_camel_spectral ,    6300  ,  1400 (        -------|  * -----     ),29.00, 55.00, 63.00, 67.00, 86.00
   7 , k_10_0.2_11_camel_spectral ,    6700  ,  1800 (              -|-   *--       ),50.00, 60.00, 67.00, 73.00, 80.00
   7 , k_10_0_9_camel_spectral ,    6700  ,  3000 (       --------|    *  -      ),25.00, 53.00, 67.00, 78.00, 83.00
   7 , k_10_0.05_11_camel_spectral ,    6700  ,  1800 (           ----|    *----     ),40.00, 55.00, 67.00, 73.00, 86.00
   7 , k_10_0.25_13_camel_spectral ,    6700  ,  2000 (         ------|--  *  ---    ),33.00, 62.00, 67.00, 77.00, 89.00
   7 , k_10_0.01_7_camel_spectral ,    6700  ,  2500 (           ----|-   * -----   ),40.00, 57.00, 67.00, 75.00, 93.00
   7 , k_10_0.25_9_camel_spectral ,    6700  ,  2800 (         ------|    *         ),33.00, 53.00, 67.00, 78.00, 80.00
   7 , k_10_0.25_5_camel_random ,    6700  ,  2500 (         ------|-   *----     ),33.00, 57.00, 67.00, 67.00, 86.00
   7 , k_10_0.25_5_camel_spectral ,    7100  ,  1300 (               |---- *--      ),55.00, 67.00, 71.00, 75.00, 83.00
   7 , k_10_0.15_11_camel_spectral ,    7100  ,  3200 (      ---------|     * --     ),22.00, 55.00, 71.00, 80.00, 86.00
   7 , k_10_0.25_13_camel_random ,    7100  ,   800 (              -|---- *-----   ),50.00, 67.00, 71.00, 75.00, 91.00
   7 , k_10_0.2_11_camel_kd ,    7300  ,  3000 (        -------|     * ---    ),29.00, 55.00, 73.00, 78.00, 89.00
   7 , k_10_0_11_camel_where ,    7300  ,  2400 (           ----|---- *  ---   ),40.00, 67.00, 73.00, 83.00, 92.00
   8 , k_10_0.25_9_camel_where ,    7400  ,  1500 (              -|----  *---    ),50.00, 67.00, 74.00, 80.00, 89.00
   8 , k_10_0.2_9_camel_spectral ,    7500  ,  3600 (          -----|      *----   ),36.00, 55.00, 75.00, 78.00, 93.00
   8 , k_10_0_7_camel_kd ,    7500  ,  1000 (               | ---- * ---   ),57.00, 73.00, 75.00, 83.00, 92.00
   8 , k_10_0.2_11_camel_where ,    7500  ,   900 (               |  --- *----   ),62.00, 71.00, 75.00, 80.00, 91.00
   8 , k_10_0.15_7_camel_where ,    7500  ,  1500 (               | ---  *----   ),57.00, 67.00, 75.00, 80.00, 93.00
   8 , k_10_0.2_11_camel_rp ,    7500  ,  2500 (              -|--    *  --   ),50.00, 63.00, 75.00, 86.00, 93.00
   8 , k_10_0_9_camel_rp ,    7500  ,  1300 (               |  --- * --    ),62.00, 73.00, 75.00, 82.00, 89.00
   8 , k_10_0.25_11_camel_rp ,    7600  ,  1500 (               | ---- * ---   ),57.00, 71.00, 76.00, 83.00, 91.00
   8 , k_10_0.15_13_camel_2 ,    7700  ,  1900 (             --|----   * --   ),46.00, 67.00, 77.00, 86.00, 92.00
   8 , k_10_0.01_11_camel_where ,    7700  ,  1900 (              -|----   * -    ),50.00, 67.00, 77.00, 84.00, 88.00
   8 , k_10_0.05_11_camel_where ,    7700  ,  1900 (               | ----  * --   ),57.00, 73.00, 77.00, 86.00, 91.00
   9 , k_10_0_5_camel_rp ,    7800  ,  1500 (               |    -- * --   ),67.00, 75.00, 78.00, 86.00, 91.00
   9 , k_10_0.2_13_camel_where ,    7800  ,  1600 (               |----   *---   ),53.00, 67.00, 78.00, 83.00, 91.00
   9 , k_10_0.2_5_camel_where ,    7800  ,  1400 (               |    -- *---   ),67.00, 75.00, 78.00, 83.00, 91.00
   9 , k_10_0.2_13_camel_rp ,    8000  ,  1200 (               |     --* --   ),71.00, 80.00, 80.00, 86.00, 93.00
   9 , k_10_0.25_13_camel_rp ,    8000  ,  1800 (               | ----  * ---  ),60.00, 71.00, 80.00, 86.00, 95.00
   9 , k_10_0_9_camel_where ,    8000  ,  1800 (               |-----  *      ),55.00, 73.00, 80.00, 91.00, 93.00
   9 , k_10_0_5_camel_where ,    8000  ,  1400 (               |     - * ---- ),71.00, 74.00, 80.00, 86.00, 100.00
   9 , k_10_0.25_5_camel_rp ,    8000  ,  2100 (               | ----  *---   ),60.00, 73.00, 80.00, 82.00, 92.00
   9 , k_10_0.25_7_camel_where ,    8000  ,  1700 (               |    -  * --   ),67.00, 71.00, 80.00, 86.00, 92.00
   9 , k_10_0.2_5_camel_rp ,    8000  ,  2100 (               |       *  --  ),67.00, 67.00, 80.00, 88.00, 95.00
   9 , k_10_0.2_5_camel_kd ,    8000  ,  2400 (               |    -  * ---  ),67.00, 71.00, 80.00, 86.00, 95.00
   9 , k_10_0_11_camel_kd ,    8000  ,  1900 (               |  ---  * --   ),62.00, 71.00, 80.00, 86.00, 91.00
   9 , k_10_0.15_9_camel_where ,    8000  ,  2200 (              -|----   *  -   ),50.00, 67.00, 80.00, 88.00, 93.00
   9 , k_10_0.2_9_camel_where ,    8000  ,  2100 (               | ----- * ---- ),60.00, 75.00, 80.00, 86.00, 100.00
   9 , k_10_0.01_5_camel_where ,    8000  ,  1500 (               |    -- *  -   ),67.00, 75.00, 80.00, 88.00, 93.00
   9 , k_10_0.01_11_camel_rp ,    8000  ,  2400 (              -|----   *  --- ),50.00, 67.00, 80.00, 89.00, 100.00
   9 , k_10_0.25_9_camel_rp ,    8000  ,  2400 (               | ----  *  --  ),60.00, 71.00, 80.00, 88.00, 95.00
   9 , k_10_0.15_11_camel_rp ,    8200  ,  1600 (               | -----  * -   ),60.00, 75.00, 82.00, 88.00, 92.00
   9 , k_10_0.05_11_camel_rp ,    8200  ,  1700 (              -|------- * --- ),50.00, 77.00, 82.00, 90.00, 100.00
   9 , k_10_0.05_7_camel_rp ,    8200  ,  2500 (               | ---    * -   ),57.00, 67.00, 82.00, 88.00, 91.00
   9 , k_10_0.01_9_camel_rp ,    8200  ,   900 (               |     -- *---  ),71.00, 78.00, 82.00, 86.00, 94.00
   9 , k_10_0.1_11_camel_2 ,    8300  ,  1400 (               | ------ * --- ),57.00, 80.00, 83.00, 89.00, 100.00
   9 , k_10_0.15_9_camel_kd ,    8300  ,  2200 (               | -----  * -   ),57.00, 74.00, 83.00, 89.00, 92.00
   9 , k_10_0.15_11_camel_kd ,    8300  ,  2500 (               |  --    *  -- ),62.00, 67.00, 83.00, 92.00, 100.00
   9 , k_10_0.15_13_camel_where ,    8300  ,  1400 (               |    --  * --  ),67.00, 76.00, 83.00, 89.00, 96.00
   9 , k_10_0.1_9_camel_kd ,    8300  ,   600 (               |  ----- *--   ),63.00, 80.00, 83.00, 86.00, 92.00
   9 , k_10_0.2_7_camel_kd ,    8300  ,  1900 (               | ------ *  -- ),60.00, 77.00, 83.00, 93.00, 100.00
   9 , k_10_0.1_13_camel_rp ,    8300  ,  1600 (               |------  *  -  ),55.00, 75.00, 83.00, 91.00, 94.00
   9 , k_10_0.05_13_camel_kd ,    8300  ,  1300 (               |     -- *  -- ),73.00, 80.00, 83.00, 93.00, 100.00
  10 , k_10_0.1_7_camel_where ,    8400  ,   800 (               |       - *-   ),78.00, 82.00, 84.00, 88.00, 92.00
  10 , k_10_0.1_9_camel_where ,    8400  ,  1300 (               |    ---  *-   ),67.00, 78.00, 84.00, 90.00, 92.00
  10 , k_10_0.15_7_camel_rp ,    8400  ,  1400 (               |     --  *--- ),71.00, 77.00, 84.00, 89.00, 100.00
  10 , k_10_0.2_7_camel_where ,    8400  ,  1200 (               |     --  *--  ),71.00, 80.00, 84.00, 89.00, 95.00
  10 , k_10_0.25_7_camel_rp ,    8400  ,  1600 (               |    ---  *--  ),67.00, 77.00, 84.00, 90.00, 96.00
  10 , k_10_0.15_7_camel_pca ,    8600  ,  1100 (               |      -  *--- ),75.00, 80.00, 86.00, 89.00, 100.00
  10 , k_10_0.15_9_camel_rp ,    8600  ,  1700 (               | -----   * -  ),59.00, 75.00, 86.00, 92.00, 94.00
  10 , k_10_0.15_11_camel_pca ,    8600  ,  1200 (               |     --  * -- ),71.00, 80.00, 86.00, 92.00, 100.00
  10 , k_10_0.05_13_camel_where ,    8600  ,   900 (               |    ---  *-   ),67.00, 80.00, 86.00, 88.00, 93.00
  10 , k_10_0.01_11_camel_2 ,    8600  ,  1300 (               |       - * -- ),77.00, 82.00, 86.00, 91.00, 100.00
  10 , k_10_0.1_11_camel_rp ,    8600  ,  1500 (               |     --  *--- ),71.00, 80.00, 86.00, 89.00, 100.00
  10 , k_10_0.25_5_camel_where ,    8600  ,  1000 (               |     --- * -- ),71.00, 82.00, 86.00, 91.00, 100.00
  10 , k_10_0_9_camel_kd ,    8600  ,  1000 (               |     --- * -- ),71.00, 83.00, 86.00, 91.00, 100.00
  10 , k_10_0.01_9_camel_where ,    8600  ,  1900 (               | ------  * -- ),60.00, 78.00, 86.00, 92.00, 100.00
  10 , k_10_0.1_5_camel_where ,    8600  ,  1700 (               |  -----  *--- ),63.00, 80.00, 86.00, 89.00, 100.00
  10 , k_10_0.01_5_camel_rp ,    8600  ,  1200 (               |      -- *--  ),74.00, 82.00, 86.00, 89.00, 95.00
  10 , k_10_0.15_13_camel_kd ,    8600  ,   800 (               |      -- *--  ),75.00, 82.00, 86.00, 90.00, 96.00
  10 , k_10_0.1_7_camel_rp ,    8600  ,  1300 (               |    ---  * -- ),67.00, 80.00, 86.00, 93.00, 100.00
  10 , k_10_0.1_9_camel_rp ,    8600  ,  1800 (               |    ---  *--- ),67.00, 80.00, 86.00, 90.00, 100.00
  10 , k_10_0.15_5_camel_2 ,    8600  ,  1400 (               |    ---  * -- ),67.00, 80.00, 86.00, 92.00, 100.00
  10 , k_10_0.25_7_camel_2 ,    8600  ,  1100 (               |      -- * -- ),74.00, 83.00, 86.00, 92.00, 100.00
  10 , k_10_0.25_13_camel_where ,    8600  ,  1600 (               |    --   *-   ),67.00, 75.00, 86.00, 89.00, 93.00
  10 , k_10_0.05_7_camel_where ,    8600  ,  1200 (               |      -  * -- ),75.00, 80.00, 86.00, 91.00, 100.00
  10 , k_10_0_13_camel_where ,    8600  ,  1200 (               |      -  *-   ),75.00, 80.00, 86.00, 89.00, 93.00
  10 , k_10_0.01_9_camel_pca ,    8600  ,   900 (               |    ---- *-   ),67.00, 82.00, 86.00, 89.00, 92.00
  10 , k_10_0.2_7_camel_rp ,    8600  ,   600 (               |       --*--- ),78.00, 84.00, 86.00, 89.00, 100.00
  10 , k_10_0.05_5_camel_kd ,    8600  ,  1400 (               | ------  *--- ),60.00, 78.00, 86.00, 89.00, 100.00
  10 , k_10_0.05_5_camel_where ,    8600  ,  1000 (               |     --  *--- ),73.00, 80.00, 86.00, 90.00, 100.00
  10 , k_10_0.15_5_camel_where ,    8600  ,  1100 (               |       - *--  ),78.00, 82.00, 86.00, 90.00, 95.00
  10 , k_10_0.01_7_camel_where ,    8600  ,  1000 (               |     --- *--  ),71.00, 83.00, 86.00, 89.00, 94.00
  10 , k_10_0_7_camel_where ,    8600  ,  1500 (               |    ---  * -- ),67.00, 80.00, 86.00, 93.00, 100.00
  10 , k_10_0.15_9_camel_pca ,    8700  ,   800 (               |       -  *-  ),77.00, 82.00, 87.00, 90.00, 96.00
  10 , k_10_0.1_5_camel_rp ,    8800  ,  1100 (               |      -   *-- ),75.00, 80.00, 88.00, 90.00, 100.00
  10 , k_10_0.2_9_camel_rp ,    8800  ,   900 (               |     ---  *-- ),71.00, 83.00, 88.00, 91.00, 100.00
  10 , k_10_0.01_13_camel_rp ,    8800  ,  1400 (               |    ---   *-- ),67.00, 77.00, 88.00, 90.00, 100.00
  10 , k_10_0.2_13_camel_2 ,    8800  ,  2000 (               |    ---   *   ),67.00, 80.00, 88.00, 100.00, 100.00
  10 , k_10_0.1_11_camel_where ,    8800  ,  1400 (               |-------   *-- ),55.00, 80.00, 88.00, 91.00, 100.00
  10 , k_10_0.1_13_camel_where ,    8800  ,  1500 (               |    ----  *-- ),67.00, 82.00, 88.00, 93.00, 100.00
  10 , k_10_0.05_11_camel_pca ,    8800  ,  1100 (               |      --  *-- ),74.00, 82.00, 88.00, 93.00, 100.00
  10 , k_10_0_11_camel_rp ,    8800  ,  1200 (               |      -   *-  ),75.00, 80.00, 88.00, 91.00, 96.00
  10 , k_10_0.05_11_camel_kd ,    8800  ,  1100 (               |     ---  *-  ),71.00, 82.00, 88.00, 91.00, 95.00
  10 , k_10_0.15_7_camel_kd ,    8800  ,   800 (               |       -- *-  ),80.00, 86.00, 88.00, 92.00, 95.00
  10 , k_10_0.01_13_camel_where ,    8800  ,  1000 (               |      --  *-  ),74.00, 82.00, 88.00, 92.00, 94.00
  10 , k_10_0.01_7_camel_kd ,    8800  ,  1300 (               |       -- * - ),80.00, 86.00, 88.00, 94.00, 100.00
  10 , k_10_0.05_9_camel_where ,    8800  ,  1200 (               |     --   *-  ),73.00, 80.00, 88.00, 91.00, 95.00
  10 , k_10_0_13_camel_2 ,    8800  ,  1300 (               |    ----  *-- ),67.00, 83.00, 88.00, 92.00, 100.00
  10 , k_10_0.05_9_camel_2 ,    8800  ,  1100 (               | -------  *-- ),57.00, 83.00, 88.00, 93.00, 100.00
  10 , k_10_0_13_camel_rp ,    8800  ,  1400 (               |     --   *-- ),73.00, 80.00, 88.00, 92.00, 100.00
  10 , k_10_0.05_9_camel_rp ,    8800  ,  1000 (               |      --  *   ),75.00, 83.00, 88.00, 92.00, 93.00
  11 , k_10_0.01_13_camel_2 ,    8900  ,  1700 (               |       -- *   ),78.00, 86.00, 89.00, 100.00, 100.00
  11 , k_10_0_7_camel_pca ,    8900  ,  1700 (               |    ----  * - ),67.00, 83.00, 89.00, 94.00, 100.00
  11 , k_10_0_9_camel_pca ,    8900  ,  1100 (               |      --- * - ),75.00, 86.00, 89.00, 95.00, 100.00
  11 , k_10_0.15_5_camel_rp ,    8900  ,  2000 (               |    ---   *-- ),67.00, 80.00, 89.00, 92.00, 100.00
  11 , k_10_0.15_5_camel_kd ,    8900  ,  1100 (               |     -----* - ),71.00, 88.00, 89.00, 94.00, 100.00
  11 , k_10_0.05_5_camel_rp ,    8900  ,   600 (               |      --- *-- ),76.00, 86.00, 89.00, 92.00, 100.00
  11 , k_10_0.1_9_camel_2 ,    8900  ,   700 (               |       -- *-  ),77.00, 84.00, 89.00, 90.00, 95.00
  11 , k_10_0.2_13_camel_kd ,    8900  ,  1800 (               |    ----  * - ),67.00, 83.00, 89.00, 95.00, 100.00
  11 , k_10_0.15_11_camel_where ,    8900  ,   900 (               |       -- * - ),80.00, 86.00, 89.00, 94.00, 100.00
  11 , k_10_0.25_11_camel_kd ,    8900  ,  1100 (               |       -- * - ),77.00, 86.00, 89.00, 94.00, 100.00
  11 , k_10_0.1_7_camel_kd ,    8900  ,  1200 (               |  ------  *-- ),63.00, 82.00, 89.00, 92.00, 100.00
  11 , k_10_0.1_11_camel_kd ,    8900  ,  1100 (               |    ---   *-- ),67.00, 80.00, 89.00, 91.00, 100.00
  11 , k_10_0.01_7_camel_2 ,    8900  ,  1100 (               |       -- * - ),77.00, 86.00, 89.00, 94.00, 100.00
  11 , k_10_0.2_5_camel_pca ,    8900  ,  1200 (               |      --  *-- ),75.00, 83.00, 89.00, 93.00, 100.00
  11 , k_10_0.25_13_camel_2 ,    8900  ,  1400 (               |     ---- *   ),73.00, 86.00, 89.00, 100.00, 100.00
  11 , k_10_0.05_9_camel_kd ,    8900  ,  1500 (               |     --   * - ),71.00, 80.00, 89.00, 95.00, 100.00
  11 , k_10_0.05_7_camel_2 ,    8900  ,  1900 (               |     --   * - ),71.00, 78.00, 89.00, 94.00, 100.00
  11 , k_10_0.15_7_camel_2 ,    8900  ,  1900 (               |     --   *-- ),71.00, 80.00, 89.00, 93.00, 100.00
  12 , k_10_0.05_5_camel_pca ,    9000  ,  1100 (               |       ---* - ),77.00, 88.00, 90.00, 94.00, 100.00
  12 , k_10_0_9_camel_2 ,    9000  ,  1200 (               |       -- * - ),80.00, 86.00, 90.00, 95.00, 100.00
  12 , k_10_0.1_5_camel_pca ,    9000  ,   700 (               |         -*-- ),84.00, 88.00, 90.00, 93.00, 100.00
  12 , k_10_0.2_5_camel_2 ,    9000  ,  1000 (               |       -- * - ),80.00, 86.00, 90.00, 95.00, 100.00
  12 , k_10_0.2_7_camel_2 ,    9000  ,   900 (               |       -- * - ),78.00, 86.00, 90.00, 94.00, 100.00
  12 , k_10_0.05_11_camel_2 ,    9000  ,  1400 (               |       ---*   ),80.00, 88.00, 90.00, 100.00, 100.00
  12 , k_10_0.05_13_camel_2 ,    9100  ,  1200 (               |       --  *- ),77.00, 86.00, 91.00, 95.00, 100.00
  12 , k_10_0.05_5_camel_2 ,    9100  ,   600 (               |     ----- *- ),71.00, 88.00, 91.00, 93.00, 100.00
  12 , k_10_0.25_5_camel_pca ,    9100  ,  1400 (               |        -- *  ),83.00, 88.00, 91.00, 100.00, 100.00
  12 , k_10_0.01_11_camel_pca ,    9100  ,  1400 (               |        -  *- ),82.00, 86.00, 91.00, 94.00, 100.00
  12 , k_10_0.25_13_camel_kd ,    9100  ,  1200 (               |     ----  *- ),73.00, 86.00, 91.00, 95.00, 100.00
  12 , k_10_0.05_13_camel_pca ,    9100  ,   700 (               |        -- *- ),82.00, 88.00, 91.00, 94.00, 100.00
  12 , k_10_0.05_7_camel_kd ,    9100  ,   900 (               |        -  *- ),82.00, 86.00, 91.00, 95.00, 100.00
  12 , k_10_0.2_9_camel_pca ,    9100  ,   700 (               |       --  *- ),80.00, 86.00, 91.00, 93.00, 100.00
  12 , k_10_0.2_11_camel_2 ,    9100  ,  1800 (               |     --    *- ),73.00, 80.00, 91.00, 95.00, 100.00
  12 , k_10_0.25_11_camel_where ,    9100  ,  1100 (               |       --- *- ),80.00, 89.00, 91.00, 95.00, 100.00
  12 , k_10_0.05_7_camel_pca ,    9100  ,   900 (               |     ----- *- ),71.00, 88.00, 91.00, 95.00, 100.00
  12 , k_10_0_7_camel_rp ,    9100  ,  2000 (               |     ----  *  ),71.00, 86.00, 91.00, 100.00, 100.00
  12 , k_10_0.25_5_camel_2 ,    9100  ,  1800 (               |    ----   *- ),67.00, 83.00, 91.00, 94.00, 100.00
  12 , k_10_0.1_13_camel_kd ,    9100  ,  1700 (               |      ---  *- ),75.00, 86.00, 91.00, 94.00, 100.00
  12 , k_10_0.15_13_camel_rp ,    9100  ,  1300 (               |      --   *- ),76.00, 83.00, 91.00, 96.00, 100.00
  12 , k_10_0.15_5_camel_pca ,    9100  ,   900 (               |    ------ *- ),67.00, 88.00, 91.00, 93.00, 100.00
  12 , k_10_0.1_9_camel_pca ,    9100  ,  2000 (               |    ----   *  ),67.00, 83.00, 91.00, 100.00, 100.00
  12 , k_10_0.01_7_camel_rp ,    9200  ,  1400 (               |     ----- *- ),73.00, 88.00, 92.00, 96.00, 100.00
  12 , k_10_0.25_7_camel_kd ,    9100  ,  1400 (               |       --  *- ),80.00, 86.00, 91.00, 96.00, 100.00
  13 , k_10_0.25_9_camel_kd ,    9200  ,   500 (               |        -- *- ),83.00, 89.00, 92.00, 94.00, 100.00
  13 , k_10_0.05_9_camel_pca ,    9200  ,   900 (               |        ---*- ),83.00, 91.00, 92.00, 96.00, 100.00
  13 , k_10_0_11_camel_pca ,    9200  ,  1100 (               |         - *  ),86.00, 89.00, 92.00, 100.00, 100.00
  13 , k_10_0.25_5_camel_kd ,    9200  ,   600 (               |        -- *- ),82.00, 89.00, 92.00, 94.00, 100.00
  13 , k_10_0.25_7_camel_pca ,    9200  ,  1400 (               |       --  *- ),80.00, 86.00, 92.00, 95.00, 100.00
  13 , k_10_0.05_13_camel_rp ,    9200  ,   700 (               |        -- *- ),83.00, 88.00, 92.00, 95.00, 100.00
  13 , k_10_0.1_5_camel_kd ,    9200  ,  1000 (               |          -*  ),89.00, 91.00, 92.00, 100.00, 100.00
  13 , k_10_0.01_5_camel_kd ,    9200  ,  1100 (               |         - *  ),84.00, 90.00, 92.00, 97.00, 100.00
  13 , k_10_0.1_7_camel_pca ,    9200  ,  1100 (               |     ----- *  ),73.00, 90.00, 92.00, 100.00, 100.00
  13 , k_10_0_7_camel_2 ,    9200  ,   700 (               |       --- *- ),80.00, 88.00, 92.00, 94.00, 100.00
  13 , k_10_0_13_camel_kd ,    9200  ,  1100 (               |         - *  ),86.00, 89.00, 92.00, 100.00, 100.00
  13 , k_10_0.25_11_camel_pca ,    9300  ,  1100 (               |        ---*  ),83.00, 92.00, 93.00, 100.00, 100.00
  13 , k_10_0.1_11_camel_pca ,    9300  ,   900 (               |         --*  ),84.00, 91.00, 93.00, 100.00, 100.00
  13 , k_10_0.15_11_camel_2 ,    9300  ,  1100 (               |       --- *  ),77.00, 90.00, 93.00, 100.00, 100.00
  13 , k_10_0.01_13_camel_kd ,    9300  ,  1100 (               |        ---*  ),83.00, 91.00, 93.00, 100.00, 100.00
  13 , k_10_0.15_13_camel_pca ,    9300  ,   600 (               |         - *- ),86.00, 89.00, 93.00, 95.00, 100.00
  13 , k_10_0.2_7_camel_pca ,    9300  ,   800 (               |        ---*  ),82.00, 92.00, 93.00, 100.00, 100.00
  13 , k_10_0.15_9_camel_2 ,    9300  ,   800 (               |       --- *- ),80.00, 89.00, 93.00, 95.00, 100.00
  13 , k_10_0_11_camel_2 ,    9300  ,   800 (               |         --*- ),86.00, 92.00, 93.00, 95.00, 100.00
  13 , k_10_0.01_11_camel_kd ,    9300  ,   600 (               |         - *- ),84.00, 89.00, 93.00, 94.00, 100.00
  13 , k_10_0.01_5_camel_2 ,    9300  ,  1400 (               |    -------*- ),67.00, 92.00, 93.00, 95.00, 100.00
  14 , k_10_0.1_5_camel_2 ,    9400  ,  1100 (               |      ----  * ),75.00, 90.00, 94.00, 100.00, 100.00
  14 , k_10_0_13_camel_pca ,    9400  ,   800 (               |          - * ),89.00, 93.00, 94.00, 100.00, 100.00
  14 , k_10_0.25_11_camel_2 ,    9400  ,  1200 (               |       ---  * ),80.00, 90.00, 94.00, 100.00, 100.00
  14 , k_10_0_5_camel_kd ,    9400  ,   900 (               |          - * ),88.00, 91.00, 94.00, 100.00, 100.00
  14 , k_10_0.2_13_camel_pca ,    9400  ,  1400 (               |     -----  * ),73.00, 88.00, 94.00, 100.00, 100.00
  14 , k_10_0.01_7_camel_pca ,    9400  ,  1200 (               |        --  * ),82.00, 88.00, 94.00, 100.00, 100.00
  14 , k_10_0.2_9_camel_kd ,    9400  ,   800 (               |          - * ),89.00, 92.00, 94.00, 100.00, 100.00
  14 , k_10_0.25_13_camel_pca ,    9400  ,  1100 (               |         -  * ),86.00, 89.00, 94.00, 100.00, 100.00
  14 , k_10_0.2_11_camel_pca ,    9500  ,   800 (               |          - * ),89.00, 92.00, 95.00, 100.00, 100.00
  14 , k_10_0.25_9_camel_2 ,    9500  ,  1000 (               |        --  * ),83.00, 90.00, 95.00, 100.00, 100.00
  14 , k_10_0.01_5_camel_pca ,    9500  ,  1200 (               |       ---  * ),80.00, 89.00, 95.00, 100.00, 100.00
  14 , k_10_0.25_9_camel_pca ,    9500  ,   800 (               |          - * ),88.00, 93.00, 95.00, 100.00, 100.00
  14 , k_10_0.01_9_camel_2 ,    9500  ,   900 (               |        --- * ),83.00, 91.00, 95.00, 100.00, 100.00
  14 , k_10_0.2_9_camel_2 ,    9500  ,   400 (               |       ---- * ),80.00, 93.00, 95.00, 96.00, 100.00
  14 , k_10_0.01_9_camel_kd ,    9600  ,   800 (               |       ---- * ),77.00, 92.00, 96.00, 100.00, 100.00
  14 , k_10_0.1_7_camel_2 ,    9600  ,   800 (               |        --- * ),82.00, 93.00, 96.00, 100.00, 100.00
  15 , k_10_0.1_13_camel_2 ,    10000  ,   600 (               |          -- *),89.00, 96.00, 100.00, 100.00, 100.00
  15 , k_10_0.01_13_camel_pca ,    10000  ,     0 (               |         ----*),86.00, 100.00, 100.00, 100.00, 100.00
  15 , k_10_0_5_camel_2 ,    10000  ,   400 (               |           - *),93.00, 96.00, 100.00, 100.00, 100.00
  15 , k_10_0_5_camel_pca ,    10000  ,  1000 (               |       ----  *),80.00, 91.00, 100.00, 100.00, 100.00
  15 , k_10_0.1_13_camel_pca ,    10000  ,   600 (               |           - *),91.00, 94.00, 100.00, 100.00, 100.00
