rank ,         name ,    med   ,  iqr 
----------------------------------------------------
   1 , k_10_0.05_11_camel_entropic ,    9500  ,   200 (             * |---           ),94.00, 94.00, 95.00, 96.00, 97.00
   1 , k_10_0.01_9_camel_entropic ,    9500  ,   100 (      -------* |---           ),93.00, 95.00, 95.00, 96.00, 97.00
   1 , k_10_0.01_11_camel_entropic ,    9500  ,   200 (             * |---           ),94.00, 94.00, 95.00, 96.00, 97.00
   1 , k_10_0.15_5_camel_entropic ,    9500  ,   200 (      ---    * |---           ),93.00, 94.00, 95.00, 96.00, 97.00
   1 , k_10_0.1_7_camel_entropic ,    9500  ,   200 (      ---    * |---           ),93.00, 94.00, 95.00, 96.00, 97.00
   2 , k_10_0.15_7_camel_entropic ,    9600  ,   100 (             --|*             ),95.00, 96.00, 96.00, 97.00, 97.00
   2 , k_10_0_5_camel_entropic ,    9600  ,   200 (               |*--           ),95.00, 95.00, 96.00, 96.00, 97.00
   2 , k_10_0_11_camel_entropic ,    9600  ,   100 (             --|*             ),95.00, 96.00, 96.00, 97.00, 97.00
   2 , k_10_0.1_13_camel_entropic ,    9600  ,   200 (               |*             ),95.00, 95.00, 96.00, 97.00, 97.00
   2 , k_10_0.1_11_camel_entropic ,    9600  ,   100 (         ----  |*--           ),94.00, 95.00, 96.00, 96.00, 97.00
   2 , k_10_0_9_camel_entropic ,    9600  ,   200 (         ------|*  ----       ),94.00, 96.00, 96.00, 97.00, 98.00
   2 , k_10_0.05_9_camel_entropic ,    9600  ,   200 (      -------  |*             ),93.00, 95.00, 96.00, 97.00, 97.00
   2 , k_10_0.15_11_camel_entropic ,    9600  ,   100 (         ----  |*--           ),94.00, 95.00, 96.00, 96.00, 97.00
   2 , k_10_0.01_7_camel_entropic ,    9600  ,   200 (         ----  |*             ),94.00, 95.00, 96.00, 97.00, 97.00
   2 , k_10_0.05_7_camel_entropic ,    9600  ,   100 (      -------  |*--           ),93.00, 95.00, 96.00, 96.00, 97.00
   2 , k_10_0.25_7_camel_entropic ,    9600  ,   100 (             --|*             ),95.00, 96.00, 96.00, 97.00, 97.00
   2 , k_10_0_13_camel_entropic ,    9600  ,   100 (         ----  |*--           ),94.00, 95.00, 96.00, 96.00, 97.00
   2 , k_10_0.2_9_camel_entropic ,    9600  ,   100 (             --|*             ),95.00, 96.00, 96.00, 97.00, 97.00
   2 , k_10_0.05_13_camel_entropic ,    9600  ,   200 (      -------  |*             ),93.00, 95.00, 96.00, 97.00, 97.00
   2 , k_10_0.2_7_camel_entropic ,    9600  ,   200 (         ----  |*------       ),94.00, 95.00, 96.00, 96.00, 98.00
   2 , k_10_0.1_5_camel_entropic ,    9600  ,   100 (             --|*  ----       ),95.00, 96.00, 96.00, 97.00, 98.00
   2 , k_10_0.2_13_camel_entropic ,    9600  ,   100 (         ------|*  ----       ),94.00, 96.00, 96.00, 97.00, 98.00
   2 , k_10_0.01_5_camel_entropic ,    9600  ,   100 (      -------  |*--           ),93.00, 95.00, 96.00, 96.00, 97.00
   2 , k_10_0.25_5_camel_entropic ,    9600  ,   200 (         ----  |*  ----       ),94.00, 95.00, 96.00, 97.00, 98.00
   2 , k_10_0.1_9_camel_entropic ,    9600  ,   100 (               |*------       ),95.00, 95.00, 96.00, 96.00, 98.00
   2 , k_10_0.2_11_camel_entropic ,    9600  ,   100 (               |*--           ),95.00, 95.00, 96.00, 96.00, 97.00
   2 , k_10_0.15_13_camel_entropic ,    9600  ,   100 (               |*--           ),95.00, 95.00, 96.00, 96.00, 97.00
   2 , k_10_0.05_5_camel_entropic ,    9600  ,   200 (         ----  |*             ),94.00, 95.00, 96.00, 97.00, 97.00
   2 , k_10_0_7_camel_entropic ,    9600  ,   100 (      -------  |*--           ),93.00, 95.00, 96.00, 96.00, 97.00
   3 , k_10_0.1_7_camel_spectral ,    9700  ,   200 (             --|   *          ),95.00, 96.00, 97.00, 98.00, 98.00
   3 , k_10_0.1_9_camel_random ,    9700  ,   100 (               |   *---       ),96.00, 96.00, 97.00, 97.00, 98.00
   3 , k_10_0.1_5_camel_spectral ,    9700  ,   200 (             --|---*   ---    ),95.00, 97.00, 97.00, 98.00, 99.00
   3 , k_10_0.05_7_camel_random ,    9700  ,   200 (               |   *---       ),96.00, 96.00, 97.00, 97.00, 98.00
   3 , k_10_0.15_9_camel_random ,    9700  ,   200 (               |   *   ---    ),96.00, 96.00, 97.00, 98.00, 99.00
   3 , k_10_0.01_9_camel_spectral ,    9700  ,   200 (               |---*   ---    ),96.00, 97.00, 97.00, 98.00, 99.00
   3 , k_10_0.15_13_camel_random ,    9700  ,   200 (             --|---*   ---    ),95.00, 97.00, 97.00, 98.00, 99.00
   3 , k_10_0_7_camel_random ,    9700  ,   100 (               |---*   ---    ),96.00, 97.00, 97.00, 98.00, 99.00
   3 , k_10_0_13_camel_random ,    9700  ,   200 (               |   *   ---    ),96.00, 96.00, 97.00, 98.00, 99.00
   3 , k_10_0.01_13_camel_spectral ,    9700  ,   200 (               |---*          ),96.00, 97.00, 97.00, 99.00, 99.00
   3 , k_10_0.25_13_camel_entropic ,    9700  ,   100 (             --|   *---       ),95.00, 96.00, 97.00, 97.00, 98.00
   3 , k_10_0.05_9_camel_random ,    9700  ,   100 (               |   *   ---    ),97.00, 97.00, 97.00, 98.00, 99.00
   3 , k_10_0.01_13_camel_random ,    9700  ,   100 (               |---*          ),96.00, 97.00, 97.00, 98.00, 98.00
   3 , k_10_0.15_9_camel_entropic ,    9700  ,   100 (             --|   *---       ),95.00, 96.00, 97.00, 97.00, 98.00
   3 , k_10_0.1_11_camel_random ,    9700  ,   200 (               |---*   ---    ),96.00, 97.00, 97.00, 98.00, 99.00
   3 , k_10_0.01_9_camel_random ,    9700  ,   200 (               |---*          ),96.00, 97.00, 97.00, 98.00, 98.00
   3 , k_10_0.05_13_camel_spectral ,    9700  ,   100 (               |---*   ---    ),96.00, 97.00, 97.00, 98.00, 99.00
   3 , k_10_0.2_5_camel_entropic ,    9700  ,   100 (             --|   *---       ),95.00, 96.00, 97.00, 97.00, 98.00
   3 , k_10_0.25_9_camel_entropic ,    9700  ,   100 (               |   *          ),96.00, 96.00, 97.00, 97.00, 97.00
   3 , k_10_0.05_11_camel_random ,    9700  ,   200 (               |---*   ---    ),96.00, 97.00, 97.00, 98.00, 99.00
   3 , k_10_0.1_7_camel_random ,    9700  ,   200 (             --|   *---       ),95.00, 96.00, 97.00, 97.00, 98.00
   3 , k_10_0.1_5_camel_random ,    9700  ,   200 (               |   *   ---    ),96.00, 96.00, 97.00, 98.00, 99.00
   3 , k_10_0_11_camel_random ,    9700  ,   100 (             --|---*   ---    ),95.00, 97.00, 97.00, 98.00, 99.00
   3 , k_10_0.01_13_camel_entropic ,    9700  ,   100 (               |   *---       ),96.00, 96.00, 97.00, 97.00, 98.00
   3 , k_10_0.25_11_camel_entropic ,    9700  ,   200 (             --|   *---       ),95.00, 96.00, 97.00, 97.00, 98.00
   3 , k_10_0.25_7_camel_random ,    9700  ,   100 (               |---*   ---    ),96.00, 97.00, 97.00, 98.00, 99.00
   3 , k_10_0_5_camel_random ,    9700  ,   100 (             --|   *---       ),95.00, 96.00, 97.00, 97.00, 98.00
   3 , k_10_0.15_5_camel_random ,    9700  ,   100 (             --|   *---       ),95.00, 96.00, 97.00, 97.00, 98.00
   3 , k_10_0.1_13_camel_random ,    9700  ,   100 (             --|   *---       ),95.00, 96.00, 97.00, 97.00, 98.00
   4 , k_10_0.2_11_camel_spectral ,    9800  ,   100 (               |   ----*      ),97.00, 98.00, 98.00, 99.00, 99.00
   4 , k_10_0_7_camel_spectral ,    9800  ,   200 (               |---    *--    ),96.00, 97.00, 98.00, 98.00, 99.00
   4 , k_10_0.05_5_camel_spectral ,    9800  ,   200 (               |---    *      ),96.00, 97.00, 98.00, 99.00, 99.00
   4 , k_10_0.05_9_camel_spectral ,    9800  ,   100 (               |-------*      ),96.00, 98.00, 98.00, 99.00, 99.00
   4 , k_10_0.2_13_camel_random ,    9800  ,   100 (               |   ----*      ),97.00, 98.00, 98.00, 99.00, 99.00
   4 , k_10_0_9_camel_random ,    9800  ,   200 (               |---    *--    ),96.00, 97.00, 98.00, 98.00, 99.00
   4 , k_10_0_13_camel_spectral ,    9800  ,   100 (               |       *--    ),97.00, 97.00, 98.00, 98.00, 99.00
   4 , k_10_0.1_9_camel_spectral ,    9800  ,   200 (               |---    *      ),96.00, 97.00, 98.00, 99.00, 99.00
   4 , k_10_0.25_11_camel_random ,    9800  ,   200 (               |---    *--    ),96.00, 97.00, 98.00, 98.00, 99.00
   4 , k_10_0.2_11_camel_random ,    9800  ,   100 (             --|---    *--    ),95.00, 97.00, 98.00, 98.00, 99.00
   4 , k_10_0.15_7_camel_random ,    9800  ,   100 (               |---    *--    ),96.00, 97.00, 98.00, 98.00, 99.00
   4 , k_10_0.05_5_camel_random ,    9800  ,   200 (               |       *--    ),97.00, 97.00, 98.00, 98.00, 99.00
   4 , k_10_0.05_11_camel_spectral ,    9800  ,   100 (               |   ----*      ),97.00, 98.00, 98.00, 99.00, 99.00
   4 , k_10_0.25_13_camel_spectral ,    9800  ,   100 (               |   ----*      ),97.00, 98.00, 98.00, 99.00, 99.00
   4 , k_10_0.01_5_camel_spectral ,    9800  ,   300 (               |---    *      ),96.00, 97.00, 98.00, 99.00, 99.00
   4 , k_10_0.05_7_camel_spectral ,    9800  ,   100 (               |   ----*      ),97.00, 98.00, 98.00, 99.00, 99.00
   4 , k_10_0.25_7_camel_spectral ,    9800  ,   200 (               |---    *--    ),96.00, 97.00, 98.00, 98.00, 99.00
   4 , k_10_0.01_11_camel_spectral ,    9800  ,   100 (               |-------*      ),96.00, 98.00, 98.00, 99.00, 99.00
   4 , k_10_0.1_11_camel_spectral ,    9800  ,   200 (               |---    *      ),96.00, 97.00, 98.00, 99.00, 99.00
   4 , k_10_0.2_5_camel_random ,    9800  ,   200 (               |---    *--    ),96.00, 97.00, 98.00, 98.00, 99.00
   4 , k_10_0.15_7_camel_spectral ,    9800  ,   200 (               |-------*  --- ),96.00, 98.00, 98.00, 99.00, 100.00
   4 , k_10_0.15_11_camel_random ,    9800  ,     0 (               |   ----*--    ),97.00, 98.00, 98.00, 98.00, 99.00
   4 , k_10_0_11_camel_spectral ,    9800  ,   200 (               |---    *      ),96.00, 97.00, 98.00, 99.00, 99.00
   4 , k_10_0.2_9_camel_random ,    9800  ,   100 (               |       *--    ),97.00, 97.00, 98.00, 98.00, 99.00
   4 , k_10_0.25_11_camel_spectral ,    9800  ,   200 (               |-------*      ),96.00, 98.00, 98.00, 99.00, 99.00
   4 , k_10_0.2_7_camel_random ,    9800  ,   200 (               |-------*--    ),96.00, 98.00, 98.00, 98.00, 99.00
   4 , k_10_0.25_9_camel_random ,    9800  ,   200 (             --|---    *--    ),95.00, 97.00, 98.00, 98.00, 99.00
   4 , k_10_0_5_camel_spectral ,    9800  ,   200 (               |---    *      ),96.00, 97.00, 98.00, 99.00, 99.00
   4 , k_10_0.01_7_camel_random ,    9800  ,   200 (             --|---    *--    ),95.00, 97.00, 98.00, 98.00, 99.00
   4 , k_10_0.15_9_camel_spectral ,    9800  ,   200 (               |---    *      ),96.00, 97.00, 98.00, 99.00, 99.00
   4 , k_10_0.01_11_camel_random ,    9800  ,   100 (               |-------*--    ),96.00, 98.00, 98.00, 98.00, 99.00
   4 , k_10_0.15_5_camel_spectral ,    9800  ,   200 (               |---    *      ),96.00, 97.00, 98.00, 99.00, 99.00
   4 , k_10_0.2_13_camel_spectral ,    9800  ,   100 (               |   ----*      ),97.00, 98.00, 98.00, 99.00, 99.00
   4 , k_10_0.25_9_camel_spectral ,    9800  ,   200 (               |---    *      ),96.00, 97.00, 98.00, 99.00, 99.00
   4 , k_10_0.01_5_camel_random ,    9800  ,   100 (               |---    *--    ),96.00, 97.00, 98.00, 98.00, 99.00
   4 , k_10_0.15_13_camel_spectral ,    9800  ,   200 (               |       *      ),97.00, 97.00, 98.00, 99.00, 99.00
   4 , k_10_0.25_5_camel_random ,    9800  ,   100 (               |   ----*      ),97.00, 98.00, 98.00, 99.00, 99.00
   4 , k_10_0.2_5_camel_spectral ,    9800  ,   200 (               |---    *      ),96.00, 97.00, 98.00, 99.00, 99.00
   4 , k_10_0.05_13_camel_random ,    9800  ,   100 (               |       *      ),97.00, 97.00, 98.00, 98.00, 98.00
   5 , k_10_0.2_13_camel_rp ,    9900  ,     0 (               |          *   ),99.00, 99.00, 99.00, 99.00, 99.00
   5 , k_10_0.1_5_camel_rp ,    9900  ,     0 (               |          *-- ),99.00, 99.00, 99.00, 99.00, 100.00
   5 , k_10_0.25_5_camel_spectral ,    9900  ,   100 (               |       ---*   ),98.00, 99.00, 99.00, 99.00, 99.00
   5 , k_10_0.25_13_camel_rp ,    9900  ,     0 (               |       ---*   ),98.00, 99.00, 99.00, 99.00, 99.00
   5 , k_10_0.01_13_camel_2 ,    9900  ,   100 (               |          *   ),99.00, 99.00, 99.00, 100.00, 100.00
   5 , k_10_0.15_11_camel_rp ,    9900  ,     0 (               |       ---*   ),98.00, 99.00, 99.00, 99.00, 99.00
   5 , k_10_0.05_13_camel_2 ,    9900  ,     0 (               |          *-- ),99.00, 99.00, 99.00, 99.00, 100.00
   5 , k_10_0.2_9_camel_spectral ,    9900  ,   100 (               |   ----   *   ),97.00, 98.00, 99.00, 99.00, 99.00
   5 , k_10_0.2_11_camel_kd ,    9900  ,   100 (               |   ----   *   ),97.00, 98.00, 99.00, 99.00, 99.00
   5 , k_10_0.1_11_camel_2 ,    9900  ,     0 (               |          *-- ),99.00, 99.00, 99.00, 99.00, 100.00
   5 , k_10_0_7_camel_pca ,    9900  ,   100 (               |          *-- ),99.00, 99.00, 99.00, 99.00, 100.00
   5 , k_10_0.15_13_camel_2 ,    9900  ,     0 (               |       ---*   ),98.00, 99.00, 99.00, 99.00, 99.00
   5 , k_10_0.05_5_camel_pca ,    9900  ,     0 (               |          *-- ),99.00, 99.00, 99.00, 99.00, 100.00
   5 , k_10_0_9_camel_pca ,    9900  ,     0 (               |          *-- ),99.00, 99.00, 99.00, 99.00, 100.00
   5 , k_10_0_7_camel_kd ,    9900  ,     0 (               |          *   ),99.00, 99.00, 99.00, 99.00, 99.00
   5 , k_10_0_9_camel_where ,    9900  ,     0 (               |       ---*   ),98.00, 99.00, 99.00, 99.00, 99.00
   5 , k_10_0.2_9_camel_rp ,    9900  ,     0 (               |       ---*-- ),98.00, 99.00, 99.00, 99.00, 100.00
   5 , k_10_0.15_9_camel_kd ,    9900  ,     0 (               |       ---*   ),98.00, 99.00, 99.00, 99.00, 99.00
   5 , k_10_0.15_5_camel_rp ,    9900  ,   100 (               |          *-- ),99.00, 99.00, 99.00, 99.00, 100.00
   5 , k_10_0.15_11_camel_kd ,    9900  ,     0 (               |          *-- ),99.00, 99.00, 99.00, 99.00, 100.00
   5 , k_10_0_9_camel_2 ,    9900  ,     0 (               |          *-- ),99.00, 99.00, 99.00, 99.00, 100.00
   5 , k_10_0.2_11_camel_pca ,    9900  ,   100 (               |          *   ),99.00, 99.00, 99.00, 100.00, 100.00
   5 , k_10_0.01_13_camel_rp ,    9900  ,     0 (               |          *-- ),99.00, 99.00, 99.00, 99.00, 100.00
   5 , k_10_0.15_7_camel_pca ,    9900  ,     0 (               |          *-- ),99.00, 99.00, 99.00, 99.00, 100.00
   5 , k_10_0.15_11_camel_spectral ,    9900  ,   100 (               |-------   *   ),96.00, 98.00, 99.00, 99.00, 99.00
   5 , k_10_0.1_7_camel_where ,    9900  ,     0 (               |          *   ),99.00, 99.00, 99.00, 99.00, 99.00
   5 , k_10_0.2_11_camel_where ,    9900  ,     0 (               |       ---*   ),98.00, 99.00, 99.00, 99.00, 99.00
   5 , k_10_0.15_5_camel_kd ,    9900  ,     0 (               |          *-- ),99.00, 99.00, 99.00, 99.00, 100.00
   5 , k_10_0.25_9_camel_kd ,    9900  ,     0 (               |          *-- ),99.00, 99.00, 99.00, 99.00, 100.00
   5 , k_10_0.1_5_camel_pca ,    9900  ,     0 (               |          *-- ),99.00, 99.00, 99.00, 99.00, 100.00
   5 , k_10_0.1_13_camel_spectral ,    9900  ,   100 (               |   ----   *   ),97.00, 98.00, 99.00, 99.00, 99.00
   5 , k_10_0.05_5_camel_2 ,    9900  ,     0 (               |          *-- ),99.00, 99.00, 99.00, 99.00, 100.00
   5 , k_10_0.25_5_camel_pca ,    9900  ,   100 (               |          *   ),99.00, 99.00, 99.00, 100.00, 100.00
   5 , k_10_0.05_5_camel_rp ,    9900  ,     0 (               |          *-- ),99.00, 99.00, 99.00, 99.00, 100.00
   5 , k_10_0.05_9_camel_pca ,    9900  ,   100 (               |          *-- ),99.00, 99.00, 99.00, 99.00, 100.00
   5 , k_10_0.2_7_camel_spectral ,    9900  ,   100 (               |   ----   *   ),97.00, 98.00, 99.00, 99.00, 99.00
   5 , k_10_0.15_9_camel_rp ,    9900  ,     0 (               |          *   ),99.00, 99.00, 99.00, 99.00, 99.00
   5 , k_10_0.25_9_camel_2 ,    9900  ,   100 (               |          *   ),99.00, 99.00, 99.00, 100.00, 100.00
   5 , k_10_0.01_5_camel_pca ,    9900  ,   100 (               |          *   ),99.00, 99.00, 99.00, 100.00, 100.00
   5 , k_10_0.15_11_camel_pca ,    9900  ,     0 (               |          *-- ),99.00, 99.00, 99.00, 99.00, 100.00
   5 , k_10_0.2_13_camel_2 ,    9900  ,   100 (               |          *   ),99.00, 99.00, 99.00, 100.00, 100.00
   5 , k_10_0.1_5_camel_2 ,    9900  ,   100 (               |          *   ),99.00, 99.00, 99.00, 100.00, 100.00
   5 , k_10_0.1_9_camel_2 ,    9900  ,     0 (               |          *   ),99.00, 99.00, 99.00, 99.00, 99.00
   5 , k_10_0.2_5_camel_2 ,    9900  ,     0 (               |          *-- ),99.00, 99.00, 99.00, 99.00, 100.00
   5 , k_10_0.15_13_camel_where ,    9900  ,     0 (               |          *   ),99.00, 99.00, 99.00, 99.00, 99.00
   5 , k_10_0.1_9_camel_where ,    9900  ,     0 (               |          *   ),99.00, 99.00, 99.00, 99.00, 99.00
   5 , k_10_0_5_camel_where ,    9900  ,     0 (               |       ---*-- ),98.00, 99.00, 99.00, 99.00, 100.00
   5 , k_10_0.05_13_camel_where ,    9900  ,     0 (               |          *   ),99.00, 99.00, 99.00, 99.00, 99.00
   5 , k_10_0.25_9_camel_pca ,    9900  ,   100 (               |          *   ),99.00, 99.00, 99.00, 100.00, 100.00
   5 , k_10_0.25_11_camel_pca ,    9900  ,   100 (               |          *   ),99.00, 99.00, 99.00, 100.00, 100.00
   5 , k_10_0.2_13_camel_kd ,    9900  ,   100 (               |          *-- ),99.00, 99.00, 99.00, 99.00, 100.00
   5 , k_10_0.01_9_camel_kd ,    9900  ,   100 (               |          *   ),99.00, 99.00, 99.00, 100.00, 100.00
   5 , k_10_0.01_11_camel_where ,    9900  ,     0 (               |   -------*   ),97.00, 99.00, 99.00, 99.00, 99.00
   5 , k_10_0_11_camel_pca ,    9900  ,   100 (               |          *   ),99.00, 99.00, 99.00, 100.00, 100.00
   5 , k_10_0.1_11_camel_pca ,    9900  ,   100 (               |          *   ),99.00, 99.00, 99.00, 100.00, 100.00
   5 , k_10_0.25_5_camel_kd ,    9900  ,     0 (               |          *-- ),99.00, 99.00, 99.00, 99.00, 100.00
   5 , k_10_0.25_5_camel_rp ,    9900  ,     0 (               |       ---*   ),98.00, 99.00, 99.00, 99.00, 99.00
   5 , k_10_0.1_11_camel_where ,    9900  ,     0 (               |       ---*-- ),98.00, 99.00, 99.00, 99.00, 100.00
   5 , k_10_0.15_11_camel_2 ,    9900  ,   100 (               |          *   ),99.00, 99.00, 99.00, 100.00, 100.00
   5 , k_10_0.1_9_camel_kd ,    9900  ,     0 (               |       ---*   ),98.00, 99.00, 99.00, 99.00, 99.00
   5 , k_10_0_13_camel_pca ,    9900  ,   100 (               |          *   ),99.00, 99.00, 99.00, 100.00, 100.00
   5 , k_10_0_5_camel_rp ,    9900  ,     0 (               |          *   ),99.00, 99.00, 99.00, 99.00, 99.00
   5 , k_10_0_11_camel_where ,    9900  ,     0 (               |       ---*   ),98.00, 99.00, 99.00, 99.00, 99.00
   5 , k_10_0.01_11_camel_pca ,    9900  ,   100 (               |          *-- ),99.00, 99.00, 99.00, 99.00, 100.00
   5 , k_10_0.05_11_camel_rp ,    9900  ,     0 (               |       ---*-- ),98.00, 99.00, 99.00, 99.00, 100.00
   5 , k_10_0.01_13_camel_kd ,    9900  ,   100 (               |          *   ),99.00, 99.00, 99.00, 100.00, 100.00
   5 , k_10_0.01_11_camel_2 ,    9900  ,     0 (               |          *-- ),99.00, 99.00, 99.00, 99.00, 100.00
   5 , k_10_0.25_7_camel_where ,    9900  ,     0 (               |       ---*   ),98.00, 99.00, 99.00, 99.00, 99.00
   5 , k_10_0.1_13_camel_where ,    9900  ,     0 (               |          *-- ),99.00, 99.00, 99.00, 99.00, 100.00
   5 , k_10_0.15_7_camel_rp ,    9900  ,     0 (               |          *-- ),99.00, 99.00, 99.00, 99.00, 100.00
   5 , k_10_0.15_13_camel_pca ,    9900  ,     0 (               |          *-- ),99.00, 99.00, 99.00, 99.00, 100.00
   5 , k_10_0.1_11_camel_rp ,    9900  ,     0 (               |          *-- ),99.00, 99.00, 99.00, 99.00, 100.00
   5 , k_10_0.25_5_camel_where ,    9900  ,     0 (               |          *-- ),99.00, 99.00, 99.00, 99.00, 100.00
   5 , k_10_0.15_11_camel_where ,    9900  ,     0 (               |          *-- ),99.00, 99.00, 99.00, 99.00, 100.00
   5 , k_10_0.25_7_camel_pca ,    9900  ,   100 (               |          *-- ),99.00, 99.00, 99.00, 99.00, 100.00
   5 , k_10_0_9_camel_kd ,    9900  ,     0 (               |          *-- ),99.00, 99.00, 99.00, 99.00, 100.00
   5 , k_10_0.2_5_camel_rp ,    9900  ,     0 (               |       ---*   ),98.00, 99.00, 99.00, 99.00, 99.00
   5 , k_10_0_9_camel_spectral ,    9900  ,   100 (               |   ----   *   ),97.00, 98.00, 99.00, 99.00, 99.00
   5 , k_10_0.2_7_camel_pca ,    9900  ,   100 (               |          *   ),99.00, 99.00, 99.00, 100.00, 100.00
   5 , k_10_0.25_13_camel_kd ,    9900  ,     0 (               |          *-- ),99.00, 99.00, 99.00, 99.00, 100.00
   5 , k_10_0.01_9_camel_where ,    9900  ,     0 (               |       ---*-- ),98.00, 99.00, 99.00, 99.00, 100.00
   5 , k_10_0.15_7_camel_where ,    9900  ,   100 (               |       ---*   ),98.00, 99.00, 99.00, 99.00, 99.00
   5 , k_10_0.05_13_camel_rp ,    9900  ,     0 (               |          *-- ),99.00, 99.00, 99.00, 99.00, 100.00
   5 , k_10_0.2_5_camel_kd ,    9900  ,     0 (               |       ---*   ),98.00, 99.00, 99.00, 99.00, 99.00
   5 , k_10_0_11_camel_kd ,    9900  ,     0 (               |       ---*   ),98.00, 99.00, 99.00, 99.00, 99.00
   5 , k_10_0.05_13_camel_pca ,    9900  ,     0 (               |          *-- ),99.00, 99.00, 99.00, 99.00, 100.00
   5 , k_10_0.05_11_camel_pca ,    9900  ,     0 (               |          *-- ),99.00, 99.00, 99.00, 99.00, 100.00
   5 , k_10_0.05_11_camel_where ,    9900  ,     0 (               |       ---*   ),98.00, 99.00, 99.00, 99.00, 99.00
   5 , k_10_0.05_7_camel_kd ,    9900  ,     0 (               |          *-- ),99.00, 99.00, 99.00, 99.00, 100.00
   5 , k_10_0.05_7_camel_rp ,    9900  ,   100 (               |          *   ),98.00, 98.00, 99.00, 99.00, 99.00
   5 , k_10_0.1_5_camel_kd ,    9900  ,   100 (               |          *   ),99.00, 99.00, 99.00, 100.00, 100.00
   5 , k_10_0.2_9_camel_pca ,    9900  ,     0 (               |          *-- ),99.00, 99.00, 99.00, 99.00, 100.00
   5 , k_10_0.25_11_camel_kd ,    9900  ,     0 (               |          *-- ),99.00, 99.00, 99.00, 99.00, 100.00
   5 , k_10_0.1_5_camel_where ,    9900  ,     0 (               |       ---*-- ),98.00, 99.00, 99.00, 99.00, 100.00
   5 , k_10_0.2_13_camel_where ,    9900  ,     0 (               |       ---*   ),98.00, 99.00, 99.00, 99.00, 99.00
   5 , k_10_0.1_7_camel_kd ,    9900  ,     0 (               |          *-- ),99.00, 99.00, 99.00, 99.00, 100.00
   5 , k_10_0.15_9_camel_where ,    9900  ,     0 (               |       ---*   ),98.00, 99.00, 99.00, 99.00, 99.00
   5 , k_10_0.01_5_camel_rp ,    9900  ,     0 (               |       ---*   ),98.00, 99.00, 99.00, 99.00, 99.00
   5 , k_10_0.15_13_camel_kd ,    9900  ,     0 (               |          *   ),99.00, 99.00, 99.00, 99.00, 99.00
   5 , k_10_0.2_11_camel_rp ,    9900  ,   100 (               |   ----   *   ),97.00, 98.00, 99.00, 99.00, 99.00
   5 , k_10_0.1_7_camel_rp ,    9900  ,     0 (               |          *-- ),99.00, 99.00, 99.00, 99.00, 100.00
   5 , k_10_0.25_11_camel_2 ,    9900  ,   100 (               |          *   ),99.00, 99.00, 99.00, 100.00, 100.00
   5 , k_10_0.1_9_camel_rp ,    9900  ,     0 (               |       ---*-- ),98.00, 99.00, 99.00, 99.00, 100.00
   5 , k_10_0.2_7_camel_where ,    9900  ,     0 (               |       ---*   ),98.00, 99.00, 99.00, 99.00, 99.00
   5 , k_10_0.2_7_camel_kd ,    9900  ,     0 (               |       ---*-- ),98.00, 99.00, 99.00, 99.00, 100.00
   5 , k_10_0.2_9_camel_where ,    9900  ,     0 (               |          *-- ),99.00, 99.00, 99.00, 99.00, 100.00
   5 , k_10_0_11_camel_rp ,    9900  ,     0 (               |          *   ),99.00, 99.00, 99.00, 99.00, 99.00
   5 , k_10_0.25_9_camel_where ,    9900  ,   100 (               |   ----   *   ),97.00, 98.00, 99.00, 99.00, 99.00
   5 , k_10_0.05_11_camel_kd ,    9900  ,     0 (               |          *   ),99.00, 99.00, 99.00, 99.00, 99.00
   5 , k_10_0.15_7_camel_kd ,    9900  ,     0 (               |          *   ),99.00, 99.00, 99.00, 99.00, 99.00
   5 , k_10_0.2_11_camel_2 ,    9900  ,     0 (               |          *-- ),99.00, 99.00, 99.00, 99.00, 100.00
   5 , k_10_0.1_7_camel_2 ,    9900  ,   100 (               |          *   ),99.00, 99.00, 99.00, 100.00, 100.00
   5 , k_10_0.2_7_camel_2 ,    9900  ,     0 (               |          *-- ),99.00, 99.00, 99.00, 99.00, 100.00
   5 , k_10_0.1_13_camel_rp ,    9900  ,     0 (               |       ---*   ),98.00, 99.00, 99.00, 99.00, 99.00
   5 , k_10_0.1_11_camel_kd ,    9900  ,     0 (               |          *-- ),99.00, 99.00, 99.00, 99.00, 100.00
   5 , k_10_0.01_5_camel_kd ,    9900  ,   100 (               |          *-- ),99.00, 99.00, 99.00, 99.00, 100.00
   5 , k_10_0_5_camel_kd ,    9900  ,   100 (               |          *   ),99.00, 99.00, 99.00, 100.00, 100.00
   5 , k_10_0.01_7_camel_2 ,    9900  ,     0 (               |          *-- ),99.00, 99.00, 99.00, 99.00, 100.00
   5 , k_10_0.1_7_camel_pca ,    9900  ,   100 (               |          *   ),99.00, 99.00, 99.00, 100.00, 100.00
   5 , k_10_0.15_5_camel_2 ,    9900  ,     0 (               |          *-- ),99.00, 99.00, 99.00, 99.00, 100.00
   5 , k_10_0.2_5_camel_pca ,    9900  ,     0 (               |          *-- ),99.00, 99.00, 99.00, 99.00, 100.00
   5 , k_10_0.25_7_camel_2 ,    9900  ,     0 (               |          *-- ),99.00, 99.00, 99.00, 99.00, 100.00
   5 , k_10_0.01_13_camel_where ,    9900  ,     0 (               |          *   ),99.00, 99.00, 99.00, 99.00, 99.00
   5 , k_10_0.25_11_camel_where ,    9900  ,   100 (               |          *-- ),99.00, 99.00, 99.00, 99.00, 100.00
   5 , k_10_0.2_5_camel_where ,    9900  ,     0 (               |       ---*   ),98.00, 99.00, 99.00, 99.00, 99.00
   5 , k_10_0.01_7_camel_kd ,    9900  ,     0 (               |          *-- ),99.00, 99.00, 99.00, 99.00, 100.00
   5 , k_10_0.01_9_camel_rp ,    9900  ,     0 (               |          *   ),99.00, 99.00, 99.00, 99.00, 99.00
   5 , k_10_0.05_9_camel_where ,    9900  ,     0 (               |          *   ),99.00, 99.00, 99.00, 99.00, 99.00
   5 , k_10_0.25_13_camel_2 ,    9900  ,   100 (               |          *   ),99.00, 99.00, 99.00, 100.00, 100.00
   5 , k_10_0.05_9_camel_kd ,    9900  ,     0 (               |          *-- ),99.00, 99.00, 99.00, 99.00, 100.00
   5 , k_10_0.2_13_camel_pca ,    9900  ,   100 (               |          *   ),99.00, 99.00, 99.00, 100.00, 100.00
   5 , k_10_0.01_7_camel_spectral ,    9900  ,   100 (               |   ----   *   ),97.00, 98.00, 99.00, 99.00, 99.00
   5 , k_10_0.25_7_camel_rp ,    9900  ,     0 (               |       ---*   ),98.00, 99.00, 99.00, 99.00, 99.00
   5 , k_10_0.25_11_camel_rp ,    9900  ,     0 (               |       ---*   ),98.00, 99.00, 99.00, 99.00, 99.00
   5 , k_10_0.05_7_camel_2 ,    9900  ,     0 (               |          *-- ),99.00, 99.00, 99.00, 99.00, 100.00
   5 , k_10_0_7_camel_2 ,    9900  ,     0 (               |          *-- ),99.00, 99.00, 99.00, 99.00, 100.00
   5 , k_10_0.15_9_camel_2 ,    9900  ,     0 (               |          *-- ),99.00, 99.00, 99.00, 99.00, 100.00
   5 , k_10_0.01_9_camel_2 ,    9900  ,   100 (               |          *   ),99.00, 99.00, 99.00, 100.00, 100.00
   5 , k_10_0.15_7_camel_2 ,    9900  ,     0 (               |          *-- ),99.00, 99.00, 99.00, 99.00, 100.00
   5 , k_10_0.05_7_camel_pca ,    9900  ,     0 (               |          *-- ),99.00, 99.00, 99.00, 99.00, 100.00
   5 , k_10_0_11_camel_2 ,    9900  ,   100 (               |          *-- ),99.00, 99.00, 99.00, 99.00, 100.00
   5 , k_10_0.25_13_camel_where ,    9900  ,     0 (               |          *   ),99.00, 99.00, 99.00, 99.00, 99.00
   5 , k_10_0.05_7_camel_where ,    9900  ,     0 (               |          *-- ),99.00, 99.00, 99.00, 99.00, 100.00
   5 , k_10_0.05_13_camel_kd ,    9900  ,     0 (               |          *-- ),99.00, 99.00, 99.00, 99.00, 100.00
   5 , k_10_0.01_7_camel_pca ,    9900  ,   100 (               |          *   ),99.00, 99.00, 99.00, 100.00, 100.00
   5 , k_10_0.01_5_camel_where ,    9900  ,     0 (               |       ---*   ),98.00, 99.00, 99.00, 99.00, 99.00
   5 , k_10_0_7_camel_rp ,    9900  ,   100 (               |          *   ),99.00, 99.00, 99.00, 100.00, 100.00
   5 , k_10_0.2_9_camel_kd ,    9900  ,   100 (               |          *   ),99.00, 99.00, 99.00, 100.00, 100.00
   5 , k_10_0_13_camel_where ,    9900  ,     0 (               |          *   ),99.00, 99.00, 99.00, 99.00, 99.00
   5 , k_10_0.01_9_camel_pca ,    9900  ,     0 (               |          *   ),99.00, 99.00, 99.00, 99.00, 99.00
   5 , k_10_0.01_11_camel_rp ,    9900  ,     0 (               |       ---*-- ),98.00, 99.00, 99.00, 99.00, 100.00
   5 , k_10_0.25_5_camel_2 ,    9900  ,   100 (               |          *-- ),99.00, 99.00, 99.00, 99.00, 100.00
   5 , k_10_0.25_13_camel_pca ,    9900  ,   100 (               |          *   ),99.00, 99.00, 99.00, 100.00, 100.00
   5 , k_10_0.25_9_camel_rp ,    9900  ,     0 (               |       ---*   ),98.00, 99.00, 99.00, 99.00, 99.00
   5 , k_10_0.01_11_camel_kd ,    9900  ,     0 (               |          *-- ),99.00, 99.00, 99.00, 99.00, 100.00
   5 , k_10_0.1_13_camel_kd ,    9900  ,   100 (               |          *-- ),99.00, 99.00, 99.00, 99.00, 100.00
   5 , k_10_0.15_13_camel_rp ,    9900  ,     0 (               |          *-- ),99.00, 99.00, 99.00, 99.00, 100.00
   5 , k_10_0_13_camel_2 ,    9900  ,     0 (               |       ---*-- ),98.00, 99.00, 99.00, 99.00, 100.00
   5 , k_10_0.05_9_camel_2 ,    9900  ,     0 (               |       ---*-- ),98.00, 99.00, 99.00, 99.00, 100.00
   5 , k_10_0.15_9_camel_pca ,    9900  ,     0 (               |          *   ),99.00, 99.00, 99.00, 99.00, 99.00
   5 , k_10_0_13_camel_kd ,    9900  ,   100 (               |          *   ),99.00, 99.00, 99.00, 100.00, 100.00
   5 , k_10_0_9_camel_rp ,    9900  ,     0 (               |       ---*   ),98.00, 99.00, 99.00, 99.00, 99.00
   5 , k_10_0.2_7_camel_rp ,    9900  ,     0 (               |          *-- ),99.00, 99.00, 99.00, 99.00, 100.00
   5 , k_10_0_13_camel_rp ,    9900  ,     0 (               |          *-- ),99.00, 99.00, 99.00, 99.00, 100.00
   5 , k_10_0.01_5_camel_2 ,    9900  ,   100 (               |       ---*-- ),98.00, 99.00, 99.00, 99.00, 100.00
   5 , k_10_0.05_5_camel_kd ,    9900  ,     0 (               |       ---*-- ),98.00, 99.00, 99.00, 99.00, 100.00
   5 , k_10_0.05_5_camel_where ,    9900  ,     0 (               |          *-- ),99.00, 99.00, 99.00, 99.00, 100.00
   5 , k_10_0.25_13_camel_random ,    9900  ,   100 (               |   ----   *   ),97.00, 98.00, 99.00, 99.00, 99.00
   5 , k_10_0.2_9_camel_2 ,    9900  ,     0 (               |          *-- ),99.00, 99.00, 99.00, 99.00, 100.00
   5 , k_10_0.15_5_camel_pca ,    9900  ,     0 (               |          *-- ),99.00, 99.00, 99.00, 99.00, 100.00
   5 , k_10_0.1_9_camel_pca ,    9900  ,   100 (               |          *   ),99.00, 99.00, 99.00, 100.00, 100.00
   5 , k_10_0.01_7_camel_rp ,    9900  ,   100 (               |          *-- ),99.00, 99.00, 99.00, 99.00, 100.00
   5 , k_10_0.15_5_camel_where ,    9900  ,     0 (               |          *   ),99.00, 99.00, 99.00, 99.00, 99.00
   5 , k_10_0.01_7_camel_where ,    9900  ,     0 (               |          *   ),99.00, 99.00, 99.00, 99.00, 99.00
   5 , k_10_0.05_9_camel_rp ,    9900  ,     0 (               |          *   ),99.00, 99.00, 99.00, 99.00, 99.00
   5 , k_10_0.25_7_camel_kd ,    9900  ,   100 (               |          *-- ),99.00, 99.00, 99.00, 99.00, 100.00
   5 , k_10_0.05_11_camel_2 ,    9900  ,   100 (               |          *   ),99.00, 99.00, 99.00, 100.00, 100.00
   5 , k_10_0_7_camel_where ,    9900  ,     0 (               |          *-- ),99.00, 99.00, 99.00, 99.00, 100.00
   6 , k_10_0.1_13_camel_2 ,    10000  ,   100 (               |             *),99.00, 99.00, 100.00, 100.00, 100.00
   6 , k_10_0.01_13_camel_pca ,    10000  ,     0 (               |          ---*),99.00, 100.00, 100.00, 100.00, 100.00
   6 , k_10_0_5_camel_2 ,    10000  ,   100 (               |             *),99.00, 99.00, 100.00, 100.00, 100.00
   6 , k_10_0_5_camel_pca ,    10000  ,   100 (               |             *),99.00, 99.00, 100.00, 100.00, 100.00
   6 , k_10_0.1_13_camel_pca ,    10000  ,   100 (               |             *),99.00, 99.00, 100.00, 100.00, 100.00
