rank ,         name ,    med   ,  iqr 
----------------------------------------------------
   1 , k_10_0.01_7_openjpa_kd ,    9800  ,   200 (               |   *----      ),97.00, 97.00, 98.00, 98.00, 99.00
   1 , k_10_0.01_13_openjpa_random ,    9800  ,   100 (         ----- |   *----      ),96.00, 97.00, 98.00, 98.00, 99.00
   1 , k_10_0.25_5_openjpa_random ,    9700  ,   100 (              *|   -----      ),97.00, 97.00, 97.00, 98.00, 99.00
   1 , k_10_0.25_11_openjpa_where ,    9700  ,   100 (         -----*|              ),96.00, 97.00, 97.00, 98.00, 98.00
   1 , k_10_0.01_11_openjpa_entropic ,    9700  ,   100 (         -----*|   -----      ),96.00, 97.00, 97.00, 98.00, 99.00
   1 , k_10_0.1_13_openjpa_spectral ,    9700  ,   100 (         -----*|   -----      ),96.00, 97.00, 97.00, 98.00, 99.00
   1 , k_10_0_13_openjpa_where ,    9700  ,   100 (         -----*|   -----      ),96.00, 97.00, 97.00, 98.00, 99.00
   1 , k_10_0.05_7_openjpa_kd ,    9700  ,   100 (         -----*|              ),96.00, 97.00, 97.00, 98.00, 98.00
   1 , k_10_0.25_9_openjpa_where ,    9700  ,   100 (              *|   -----      ),97.00, 97.00, 97.00, 98.00, 99.00
   1 , k_10_0.2_11_openjpa_spectral ,    9700  ,   100 (         -----*|   -----      ),96.00, 97.00, 97.00, 98.00, 99.00
   1 , k_10_0.25_9_openjpa_kd ,    9700  ,   200 (         -----*|   -----      ),96.00, 97.00, 97.00, 98.00, 99.00
   1 , k_10_0.05_9_openjpa_where ,    9700  ,   100 (              *|              ),97.00, 97.00, 97.00, 98.00, 98.00
   1 , k_10_0.05_7_openjpa_spectral ,    9700  ,   200 (              *|   -----      ),96.00, 96.00, 97.00, 98.00, 99.00
   1 , k_10_0.2_7_openjpa_2 ,    9700  ,   200 (              *|   -----      ),97.00, 97.00, 97.00, 98.00, 99.00
   1 , k_10_0.01_11_openjpa_spectral ,    9700  ,   100 (         -----*|   -----      ),96.00, 97.00, 97.00, 98.00, 99.00
   1 , k_10_0.1_5_openjpa_random ,    9700  ,   200 (    -----     *|   -----      ),95.00, 96.00, 97.00, 98.00, 99.00
   1 , k_10_0.01_5_openjpa_spectral ,    9700  ,   100 (         -----*|   -----      ),96.00, 97.00, 97.00, 98.00, 99.00
   1 , k_10_0.01_5_openjpa_entropic ,    9800  ,   100 (         ----- |   *----      ),96.00, 97.00, 98.00, 98.00, 99.00
   1 , k_10_0_5_openjpa_where ,    9700  ,   200 (              *|   -----      ),96.00, 96.00, 97.00, 98.00, 99.00
   1 , k_10_0.05_7_openjpa_rp ,    9700  ,   100 (         -----*|              ),96.00, 97.00, 97.00, 98.00, 98.00
   1 , k_10_0.25_11_openjpa_kd ,    9700  ,   100 (    ----------*|   -----      ),95.00, 97.00, 97.00, 98.00, 99.00
   1 , k_10_0.1_5_openjpa_spectral ,    9700  ,   200 (         -----*|   -----      ),96.00, 97.00, 97.00, 98.00, 99.00
   1 , k_10_0.05_9_openjpa_kd ,    9700  ,   100 (         -----*|   -----      ),96.00, 97.00, 97.00, 98.00, 99.00
   1 , k_10_0.15_9_openjpa_rp ,    9700  ,   100 (         -----*|   -----      ),96.00, 97.00, 97.00, 98.00, 99.00
   1 , k_10_0.2_5_openjpa_rp ,    9700  ,   200 (         -----*|   -----      ),96.00, 97.00, 97.00, 98.00, 99.00
   2 , k_10_0.01_9_openjpa_entropic ,    9800  ,   100 (              -|---*----      ),97.00, 98.00, 98.00, 98.00, 99.00
   2 , k_10_0.1_11_openjpa_spectral ,    9800  ,   100 (              -|---*          ),97.00, 98.00, 98.00, 99.00, 99.00
   2 , k_10_0_9_openjpa_kd ,    9800  ,   100 (               |   *----      ),97.00, 97.00, 98.00, 98.00, 99.00
   2 , k_10_0.15_11_openjpa_spectral ,    9800  ,   200 (               |   *          ),97.00, 97.00, 98.00, 99.00, 99.00
   2 , k_10_0_9_openjpa_entropic ,    9800  ,   200 (              -|---*          ),97.00, 98.00, 98.00, 99.00, 99.00
   2 , k_10_0.25_13_openjpa_kd ,    9800  ,   100 (         ----- |   *----      ),96.00, 97.00, 98.00, 98.00, 99.00
   2 , k_10_0.05_11_openjpa_entropic ,    9800  ,   200 (              -|---*----      ),97.00, 98.00, 98.00, 98.00, 99.00
   2 , k_10_0.1_7_openjpa_kd ,    9800  ,   100 (               |   *----      ),97.00, 97.00, 98.00, 98.00, 99.00
   2 , k_10_0_7_openjpa_spectral ,    9800  ,   100 (              -|---*          ),97.00, 98.00, 98.00, 99.00, 99.00
   2 , k_10_0.2_11_openjpa_where ,    9800  ,   100 (              -|---*          ),97.00, 98.00, 98.00, 99.00, 99.00
   2 , k_10_0.1_13_openjpa_random ,    9800  ,   100 (               |   *----      ),97.00, 97.00, 98.00, 98.00, 99.00
   2 , k_10_0_11_openjpa_2 ,    9800  ,   200 (              -|---*----      ),97.00, 98.00, 98.00, 98.00, 99.00
   2 , k_10_0.25_13_openjpa_entropic ,    9800  ,   200 (         ------|---*----      ),96.00, 98.00, 98.00, 98.00, 99.00
   2 , k_10_0.1_9_openjpa_pca ,    9800  ,   200 (         ----- |   *----      ),96.00, 97.00, 98.00, 98.00, 99.00
   2 , k_10_0_5_openjpa_pca ,    9800  ,   200 (         ------|---*    ----- ),96.00, 98.00, 98.00, 99.00, 100.00
   2 , k_10_0.1_11_openjpa_entropic ,    9800  ,   200 (               |   *          ),97.00, 97.00, 98.00, 99.00, 99.00
   2 , k_10_0.01_11_openjpa_where ,    9800  ,   200 (         ----- |   *          ),96.00, 97.00, 98.00, 99.00, 99.00
   2 , k_10_0_9_openjpa_rp ,    9800  ,   100 (         ----- |   *----      ),96.00, 97.00, 98.00, 98.00, 99.00
   2 , k_10_0.15_11_openjpa_where ,    9800  ,   200 (              -|---*          ),97.00, 98.00, 98.00, 99.00, 99.00
   2 , k_10_0.2_11_openjpa_random ,    9800  ,   100 (               |   *----      ),97.00, 97.00, 98.00, 98.00, 99.00
   2 , k_10_0.05_9_openjpa_random ,    9800  ,   100 (              -|---*          ),97.00, 98.00, 98.00, 99.00, 99.00
   2 , k_10_0.2_13_openjpa_entropic ,    9800  ,   100 (         ----- |   *--------- ),96.00, 97.00, 98.00, 98.00, 100.00
   2 , k_10_0.25_7_openjpa_entropic ,    9800  ,   100 (               |   *----      ),97.00, 97.00, 98.00, 98.00, 99.00
   2 , k_10_0.01_7_openjpa_random ,    9800  ,   200 (              -|---*    ----- ),97.00, 98.00, 98.00, 99.00, 100.00
   2 , k_10_0_7_openjpa_pca ,    9800  ,   100 (               |   *----      ),97.00, 97.00, 98.00, 98.00, 99.00
   2 , k_10_0.01_13_openjpa_entropic ,    9800  ,   100 (              -|---*    ----- ),97.00, 98.00, 98.00, 99.00, 100.00
   2 , k_10_0.25_5_openjpa_spectral ,    9800  ,   100 (              -|---*----      ),97.00, 98.00, 98.00, 98.00, 99.00
   2 , k_10_0.25_11_openjpa_spectral ,    9800  ,   200 (         ----- |   *----      ),96.00, 97.00, 98.00, 98.00, 99.00
   2 , k_10_0.2_5_openjpa_entropic ,    9800  ,   100 (         ----- |   *----      ),96.00, 97.00, 98.00, 98.00, 99.00
   2 , k_10_0.1_7_openjpa_rp ,    9800  ,   200 (               |   *          ),97.00, 97.00, 98.00, 99.00, 99.00
   2 , k_10_0.2_11_openjpa_rp ,    9800  ,   200 (         ----- |   *          ),96.00, 97.00, 98.00, 99.00, 99.00
   2 , k_10_0.25_13_openjpa_2 ,    9800  ,     0 (              -|---*----      ),97.00, 98.00, 98.00, 98.00, 99.00
   2 , k_10_0.05_9_openjpa_spectral ,    9800  ,   100 (               |   *----      ),97.00, 97.00, 98.00, 98.00, 99.00
   2 , k_10_0.15_5_openjpa_rp ,    9800  ,   100 (              -|---*----      ),97.00, 98.00, 98.00, 98.00, 99.00
   2 , k_10_0.25_9_openjpa_rp ,    9800  ,   100 (              -|---*          ),97.00, 98.00, 98.00, 99.00, 99.00
   2 , k_10_0.1_11_openjpa_rp ,    9800  ,   200 (              -|---*----      ),97.00, 98.00, 98.00, 98.00, 99.00
   2 , k_10_0.2_5_openjpa_2 ,    9800  ,   100 (              -|---*          ),97.00, 98.00, 98.00, 99.00, 99.00
   2 , k_10_0.1_13_openjpa_2 ,    9800  ,   100 (               |   *----      ),97.00, 97.00, 98.00, 98.00, 99.00
   2 , k_10_0_11_openjpa_random ,    9800  ,   200 (              -|---*          ),97.00, 98.00, 98.00, 99.00, 99.00
   2 , k_10_0_13_openjpa_2 ,    9800  ,   100 (               |   *----      ),97.00, 97.00, 98.00, 98.00, 99.00
   2 , k_10_0.2_11_openjpa_kd ,    9800  ,   100 (              -|---*          ),97.00, 98.00, 98.00, 99.00, 99.00
   2 , k_10_0.2_13_openjpa_spectral ,    9800  ,   200 (         ----- |   *          ),96.00, 97.00, 98.00, 99.00, 99.00
   2 , k_10_0.1_9_openjpa_spectral ,    9800  ,   100 (         ----- |   *----      ),96.00, 97.00, 98.00, 98.00, 99.00
   2 , k_10_0.1_5_openjpa_kd ,    9800  ,     0 (              -|---*----      ),97.00, 98.00, 98.00, 98.00, 99.00
   2 , k_10_0.15_13_openjpa_spectral ,    9800  ,   100 (               |   *          ),97.00, 97.00, 98.00, 98.00, 98.00
   2 , k_10_0.15_7_openjpa_entropic ,    9800  ,   200 (               |   *----      ),97.00, 97.00, 98.00, 98.00, 99.00
   2 , k_10_0.1_13_openjpa_where ,    9800  ,   100 (         ------|---*----      ),96.00, 98.00, 98.00, 98.00, 99.00
   2 , k_10_0.15_5_openjpa_kd ,    9800  ,   200 (         ------|---*----      ),96.00, 98.00, 98.00, 98.00, 99.00
   2 , k_10_0.2_7_openjpa_kd ,    9800  ,   100 (         ----- |   *----      ),96.00, 97.00, 98.00, 98.00, 99.00
   2 , k_10_0.25_13_openjpa_spectral ,    9800  ,   100 (         ----- |   *          ),96.00, 97.00, 98.00, 98.00, 98.00
   2 , k_10_0.1_9_openjpa_rp ,    9800  ,   100 (         ----- |   *----      ),96.00, 97.00, 98.00, 98.00, 99.00
   2 , k_10_0.05_13_openjpa_random ,    9800  ,   100 (               |   *----      ),97.00, 97.00, 98.00, 98.00, 99.00
   2 , k_10_0.15_11_openjpa_2 ,    9800  ,   100 (               |   *          ),97.00, 97.00, 98.00, 98.00, 98.00
   2 , k_10_0_9_openjpa_2 ,    9800  ,   100 (              -|---*    ----- ),97.00, 98.00, 98.00, 99.00, 100.00
   2 , k_10_0.01_7_openjpa_where ,    9800  ,   100 (              -|---*----      ),97.00, 98.00, 98.00, 98.00, 99.00
   2 , k_10_0.05_11_openjpa_random ,    9800  ,   200 (         ----- |   *----      ),96.00, 97.00, 98.00, 98.00, 99.00
   2 , k_10_0.25_7_openjpa_pca ,    9800  ,     0 (              -|---*----      ),97.00, 98.00, 98.00, 98.00, 99.00
   2 , k_10_0.1_9_openjpa_entropic ,    9800  ,   100 (              -|---*          ),97.00, 98.00, 98.00, 99.00, 99.00
   2 , k_10_0.15_7_openjpa_where ,    9800  ,   100 (               |   *----      ),97.00, 97.00, 98.00, 98.00, 99.00
   2 , k_10_0.01_5_openjpa_random ,    9800  ,   100 (              -|---*          ),97.00, 98.00, 98.00, 99.00, 99.00
   2 , k_10_0.1_13_openjpa_rp ,    9800  ,   100 (              -|---*----      ),97.00, 98.00, 98.00, 98.00, 99.00
   2 , k_10_0.2_9_openjpa_2 ,    9800  ,   200 (         ------|---*          ),96.00, 98.00, 98.00, 99.00, 99.00
   2 , k_10_0.15_13_openjpa_pca ,    9800  ,   100 (              -|---*          ),97.00, 98.00, 98.00, 99.00, 99.00
   2 , k_10_0_9_openjpa_random ,    9800  ,   200 (              -|---*          ),97.00, 98.00, 98.00, 99.00, 99.00
   2 , k_10_0.2_13_openjpa_where ,    9800  ,   100 (              -|---*----      ),97.00, 98.00, 98.00, 98.00, 99.00
   2 , k_10_0_5_openjpa_entropic ,    9800  ,   200 (         ----- |   *----      ),96.00, 97.00, 98.00, 98.00, 99.00
   2 , k_10_0.01_11_openjpa_random ,    9800  ,   100 (               |   *----      ),97.00, 97.00, 98.00, 98.00, 99.00
   2 , k_10_0.2_5_openjpa_where ,    9800  ,   100 (              -|---*          ),97.00, 98.00, 98.00, 99.00, 99.00
   2 , k_10_0.05_5_openjpa_rp ,    9800  ,   100 (              -|---*----      ),97.00, 98.00, 98.00, 98.00, 99.00
   2 , k_10_0.2_5_openjpa_pca ,    9800  ,   200 (               |   *          ),97.00, 97.00, 98.00, 99.00, 99.00
   2 , k_10_0.05_7_openjpa_where ,    9800  ,   200 (               |   *          ),97.00, 97.00, 98.00, 99.00, 99.00
   2 , k_10_0.05_11_openjpa_kd ,    9800  ,     0 (              -|---*----      ),97.00, 98.00, 98.00, 98.00, 99.00
   2 , k_10_0.15_7_openjpa_random ,    9800  ,   100 (         ----- |   *----      ),96.00, 97.00, 98.00, 98.00, 99.00
   2 , k_10_0.25_5_openjpa_entropic ,    9800  ,   200 (         ----- |   *          ),96.00, 97.00, 98.00, 99.00, 99.00
   2 , k_10_0.05_11_openjpa_pca ,    9800  ,   100 (              -|---*    ----- ),97.00, 98.00, 98.00, 99.00, 100.00
   2 , k_10_0.01_7_openjpa_entropic ,    9800  ,   200 (              -|---*          ),97.00, 98.00, 98.00, 99.00, 99.00
   2 , k_10_0.05_11_openjpa_spectral ,    9800  ,   200 (         ----- |   *----      ),96.00, 97.00, 98.00, 98.00, 99.00
   2 , k_10_0_5_openjpa_rp ,    9800  ,   100 (               |   *----      ),97.00, 97.00, 98.00, 98.00, 99.00
   2 , k_10_0.25_5_openjpa_pca ,    9800  ,     0 (              -|---*----      ),97.00, 98.00, 98.00, 98.00, 99.00
   2 , k_10_0_5_openjpa_2 ,    9800  ,   100 (               |   *----      ),97.00, 97.00, 98.00, 98.00, 99.00
   2 , k_10_0.1_11_openjpa_where ,    9800  ,   200 (               |   *----      ),97.00, 97.00, 98.00, 98.00, 99.00
   2 , k_10_0_11_openjpa_kd ,    9800  ,   100 (               |   *          ),97.00, 97.00, 98.00, 98.00, 98.00
   2 , k_10_0.15_5_openjpa_entropic ,    9800  ,   200 (               |   *          ),97.00, 97.00, 98.00, 99.00, 99.00
   2 , k_10_0.15_5_openjpa_pca ,    9800  ,   100 (              -|---*    ----- ),97.00, 98.00, 98.00, 99.00, 100.00
   2 , k_10_0.01_13_openjpa_pca ,    9800  ,   100 (              -|---*          ),97.00, 98.00, 98.00, 99.00, 99.00
   2 , k_10_0.1_13_openjpa_pca ,    9800  ,   200 (               |   *----      ),97.00, 97.00, 98.00, 98.00, 99.00
   2 , k_10_0.1_11_openjpa_kd ,    9800  ,   100 (              -|---*    ----- ),97.00, 98.00, 98.00, 99.00, 100.00
   2 , k_10_0.01_13_openjpa_spectral ,    9800  ,   200 (               |   *----      ),97.00, 97.00, 98.00, 98.00, 99.00
   2 , k_10_0.01_9_openjpa_pca ,    9800  ,   200 (         ----- |   *          ),96.00, 97.00, 98.00, 99.00, 99.00
   2 , k_10_0.1_5_openjpa_entropic ,    9800  ,   100 (              -|---*          ),97.00, 98.00, 98.00, 99.00, 99.00
   2 , k_10_0_7_openjpa_where ,    9800  ,   100 (               |   *----      ),97.00, 97.00, 98.00, 98.00, 99.00
   2 , k_10_0.05_9_openjpa_2 ,    9800  ,   100 (         ----- |   *----      ),96.00, 97.00, 98.00, 98.00, 99.00
   2 , k_10_0.05_7_openjpa_2 ,    9800  ,   100 (         ----- |   *----      ),96.00, 97.00, 98.00, 98.00, 99.00
   2 , k_10_0.1_7_openjpa_spectral ,    9800  ,   100 (              -|---*          ),97.00, 98.00, 98.00, 99.00, 99.00
   2 , k_10_0.01_5_openjpa_where ,    9800  ,   200 (               |   *----      ),97.00, 97.00, 98.00, 98.00, 99.00
   2 , k_10_0_9_openjpa_spectral ,    9800  ,   100 (         ----- |   *----      ),96.00, 97.00, 98.00, 98.00, 99.00
   2 , k_10_0.15_11_openjpa_kd ,    9800  ,   100 (              -|---*          ),97.00, 98.00, 98.00, 99.00, 99.00
   2 , k_10_0.25_13_openjpa_pca ,    9800  ,   200 (              -|---*          ),97.00, 98.00, 98.00, 99.00, 99.00
   2 , k_10_0.01_13_openjpa_kd ,    9800  ,   100 (               |   *----      ),97.00, 97.00, 98.00, 98.00, 99.00
   2 , k_10_0.2_5_openjpa_spectral ,    9800  ,   100 (              -|---*          ),97.00, 98.00, 98.00, 99.00, 99.00
   2 , k_10_0.05_7_openjpa_pca ,    9800  ,   200 (              -|---*----      ),97.00, 98.00, 98.00, 98.00, 99.00
   2 , k_10_0_11_openjpa_where ,    9800  ,   100 (         ----- |   *----      ),96.00, 97.00, 98.00, 98.00, 99.00
   2 , k_10_0.01_5_openjpa_kd ,    9800  ,   100 (              -|---*          ),97.00, 98.00, 98.00, 99.00, 99.00
   2 , k_10_0_13_openjpa_spectral ,    9800  ,   100 (              -|---*----      ),97.00, 98.00, 98.00, 98.00, 99.00
   2 , k_10_0.1_9_openjpa_2 ,    9800  ,   100 (               |   *----      ),97.00, 97.00, 98.00, 98.00, 99.00
   2 , k_10_0.1_7_openjpa_random ,    9800  ,   200 (         ----- |   *    ----- ),96.00, 97.00, 98.00, 99.00, 100.00
   2 , k_10_0.01_9_openjpa_random ,    9800  ,   100 (               |   *----      ),97.00, 97.00, 98.00, 98.00, 99.00
   2 , k_10_0.01_9_openjpa_rp ,    9800  ,   200 (               |   *          ),97.00, 97.00, 98.00, 99.00, 99.00
   2 , k_10_0.2_9_openjpa_rp ,    9800  ,   200 (              -|---*          ),97.00, 98.00, 98.00, 99.00, 99.00
   2 , k_10_0.01_7_openjpa_2 ,    9800  ,   100 (               |   *----      ),97.00, 97.00, 98.00, 98.00, 99.00
   2 , k_10_0.1_9_openjpa_kd ,    9800  ,   200 (               |   *----      ),97.00, 97.00, 98.00, 98.00, 99.00
   2 , k_10_0.2_9_openjpa_kd ,    9800  ,   200 (               |   *----      ),97.00, 97.00, 98.00, 98.00, 99.00
   2 , k_10_0_9_openjpa_pca ,    9800  ,   100 (              -|---*----      ),97.00, 98.00, 98.00, 98.00, 99.00
   2 , k_10_0.05_5_openjpa_where ,    9800  ,   100 (         ----- |   *----      ),96.00, 97.00, 98.00, 98.00, 99.00
   2 , k_10_0.15_7_openjpa_pca ,    9800  ,   200 (         ----- |   *          ),96.00, 97.00, 98.00, 99.00, 99.00
   2 , k_10_0_5_openjpa_random ,    9800  ,   100 (               |   *----      ),97.00, 97.00, 98.00, 98.00, 99.00
   2 , k_10_0_5_openjpa_kd ,    9800  ,   200 (              -|---*----      ),97.00, 98.00, 98.00, 98.00, 99.00
   2 , k_10_0_7_openjpa_random ,    9800  ,   100 (              -|---*----      ),97.00, 98.00, 98.00, 98.00, 99.00
   2 , k_10_0.1_7_openjpa_pca ,    9800  ,   100 (         ----- |   *----      ),96.00, 97.00, 98.00, 98.00, 99.00
   2 , k_10_0.2_11_openjpa_pca ,    9800  ,   100 (         ----- |   *----      ),96.00, 97.00, 98.00, 98.00, 99.00
   2 , k_10_0.2_7_openjpa_spectral ,    9800  ,   200 (               |   *----      ),97.00, 97.00, 98.00, 98.00, 99.00
   2 , k_10_0.15_11_openjpa_random ,    9800  ,   100 (         ----- |   *----      ),96.00, 97.00, 98.00, 98.00, 99.00
   2 , k_10_0.01_13_openjpa_where ,    9800  ,   100 (              -|---*----      ),97.00, 98.00, 98.00, 98.00, 99.00
   2 , k_10_0.2_7_openjpa_pca ,    9800  ,   100 (         ----- |   *----      ),96.00, 97.00, 98.00, 98.00, 99.00
   2 , k_10_0.2_9_openjpa_spectral ,    9800  ,   200 (              -|---*          ),97.00, 98.00, 98.00, 99.00, 99.00
   2 , k_10_0_11_openjpa_pca ,    9800  ,   100 (               |   *----      ),97.00, 97.00, 98.00, 98.00, 99.00
   2 , k_10_0.25_7_openjpa_where ,    9800  ,   100 (               |   *----      ),97.00, 97.00, 98.00, 98.00, 99.00
   2 , k_10_0.15_5_openjpa_random ,    9800  ,   100 (              -|---*          ),97.00, 98.00, 98.00, 99.00, 99.00
   2 , k_10_0.01_5_openjpa_2 ,    9800  ,   100 (         ----- |   *----      ),96.00, 97.00, 98.00, 98.00, 99.00
   2 , k_10_0.2_7_openjpa_rp ,    9800  ,   100 (         ----- |   *----      ),96.00, 97.00, 98.00, 98.00, 99.00
   2 , k_10_0_13_openjpa_random ,    9800  ,   100 (               |   *----      ),97.00, 97.00, 98.00, 98.00, 99.00
   2 , k_10_0.2_13_openjpa_kd ,    9800  ,   100 (              -|---*          ),97.00, 98.00, 98.00, 99.00, 99.00
   2 , k_10_0.25_7_openjpa_random ,    9800  ,   200 (               |   *----      ),97.00, 97.00, 98.00, 98.00, 99.00
   2 , k_10_0.25_9_openjpa_entropic ,    9800  ,   100 (              -|---*          ),97.00, 98.00, 98.00, 99.00, 99.00
   2 , k_10_0.01_5_openjpa_pca ,    9800  ,   100 (              -|---*----      ),97.00, 98.00, 98.00, 98.00, 99.00
   2 , k_10_0_13_openjpa_pca ,    9800  ,   100 (         ----- |   *----      ),96.00, 97.00, 98.00, 98.00, 99.00
   2 , k_10_0.25_9_openjpa_spectral ,    9800  ,   100 (              -|---*    ----- ),97.00, 98.00, 98.00, 99.00, 100.00
   2 , k_10_0.05_9_openjpa_entropic ,    9800  ,   100 (         ------|---*          ),96.00, 98.00, 98.00, 99.00, 99.00
   2 , k_10_0.05_11_openjpa_2 ,    9800  ,   100 (              -|---*          ),97.00, 98.00, 98.00, 99.00, 99.00
   2 , k_10_0_5_openjpa_spectral ,    9800  ,   100 (               |   *----      ),97.00, 97.00, 98.00, 98.00, 99.00
   2 , k_10_0.25_11_openjpa_pca ,    9800  ,   200 (         ----- |   *----      ),96.00, 97.00, 98.00, 98.00, 99.00
   2 , k_10_0.1_5_openjpa_where ,    9800  ,   100 (         ----- |   *----      ),96.00, 97.00, 98.00, 98.00, 99.00
   2 , k_10_0.1_9_openjpa_random ,    9800  ,   200 (              -|---*          ),97.00, 98.00, 98.00, 99.00, 99.00
   2 , k_10_0.01_13_openjpa_2 ,    9800  ,   100 (         ------|---*----      ),96.00, 98.00, 98.00, 98.00, 99.00
   2 , k_10_0.01_11_openjpa_pca ,    9900  ,   100 (              -|---     *     ),97.00, 98.00, 99.00, 99.00, 99.00
   2 , k_10_0.01_7_openjpa_pca ,    9800  ,   200 (         ----- |   *          ),96.00, 97.00, 98.00, 99.00, 99.00
   2 , k_10_0.25_7_openjpa_rp ,    9800  ,   100 (              -|---*          ),97.00, 98.00, 98.00, 99.00, 99.00
   2 , k_10_0_7_openjpa_2 ,    9800  ,   100 (              -|---*----      ),97.00, 98.00, 98.00, 98.00, 99.00
   2 , k_10_0.25_5_openjpa_where ,    9800  ,   100 (              -|---*          ),97.00, 98.00, 98.00, 99.00, 99.00
   2 , k_10_0_9_openjpa_where ,    9800  ,   100 (              -|---*          ),97.00, 98.00, 98.00, 99.00, 99.00
   2 , k_10_0.15_7_openjpa_spectral ,    9800  ,   200 (              -|---*          ),97.00, 98.00, 98.00, 99.00, 99.00
   2 , k_10_0.25_9_openjpa_2 ,    9800  ,   200 (               |   *          ),97.00, 97.00, 98.00, 99.00, 99.00
   2 , k_10_0.15_13_openjpa_random ,    9800  ,   200 (               |   *----      ),97.00, 97.00, 98.00, 98.00, 99.00
   2 , k_10_0.05_5_openjpa_kd ,    9800  ,   100 (              -|---*----      ),97.00, 98.00, 98.00, 98.00, 99.00
   2 , k_10_0.25_7_openjpa_spectral ,    9800  ,   200 (         ----- |   *----      ),96.00, 97.00, 98.00, 98.00, 99.00
   2 , k_10_0.05_7_openjpa_random ,    9800  ,   100 (               |   *----      ),97.00, 97.00, 98.00, 98.00, 99.00
   2 , k_10_0.05_13_openjpa_where ,    9800  ,   100 (              -|---*----      ),97.00, 98.00, 98.00, 98.00, 99.00
   2 , k_10_0.2_13_openjpa_2 ,    9800  ,   200 (              -|---*----      ),97.00, 98.00, 98.00, 98.00, 99.00
   2 , k_10_0.1_11_openjpa_pca ,    9800  ,   100 (              -|---*          ),97.00, 98.00, 98.00, 99.00, 99.00
   2 , k_10_0.05_11_openjpa_rp ,    9800  ,   200 (         ------|---*          ),96.00, 98.00, 98.00, 99.00, 99.00
   2 , k_10_0.05_13_openjpa_kd ,    9800  ,   100 (               |   *----      ),97.00, 97.00, 98.00, 98.00, 99.00
   2 , k_10_0.1_5_openjpa_pca ,    9800  ,   200 (              -|---*----      ),97.00, 98.00, 98.00, 98.00, 99.00
   2 , k_10_0.2_13_openjpa_pca ,    9800  ,   100 (    ---------- |   *----      ),95.00, 97.00, 98.00, 98.00, 99.00
   2 , k_10_0.15_13_openjpa_2 ,    9800  ,   200 (              -|---*          ),97.00, 98.00, 98.00, 99.00, 99.00
   2 , k_10_0.01_7_openjpa_spectral ,    9800  ,     0 (              -|---*----      ),97.00, 98.00, 98.00, 98.00, 99.00
   2 , k_10_0.2_7_openjpa_where ,    9800  ,   200 (         ------|---*----      ),96.00, 98.00, 98.00, 98.00, 99.00
   2 , k_10_0.25_11_openjpa_entropic ,    9800  ,   100 (               |   *----      ),97.00, 97.00, 98.00, 98.00, 99.00
   2 , k_10_0.15_7_openjpa_kd ,    9800  ,   200 (              -|---*          ),97.00, 98.00, 98.00, 99.00, 99.00
   2 , k_10_0.2_9_openjpa_where ,    9800  ,   200 (         ----- |   *          ),96.00, 97.00, 98.00, 99.00, 99.00
   2 , k_10_0.15_9_openjpa_random ,    9800  ,   200 (               |   *----      ),97.00, 97.00, 98.00, 98.00, 99.00
   2 , k_10_0.2_7_openjpa_random ,    9800  ,   100 (         ------|---*          ),96.00, 98.00, 98.00, 99.00, 99.00
   2 , k_10_0.01_9_openjpa_where ,    9800  ,   100 (              -|---*----      ),97.00, 98.00, 98.00, 98.00, 99.00
   2 , k_10_0.15_13_openjpa_entropic ,    9800  ,   200 (         ----- |   *----      ),96.00, 97.00, 98.00, 98.00, 99.00
   2 , k_10_0.1_7_openjpa_2 ,    9800  ,   200 (         ----- |   *----      ),96.00, 97.00, 98.00, 98.00, 99.00
   2 , k_10_0.2_11_openjpa_2 ,    9800  ,   100 (              -|---*          ),97.00, 98.00, 98.00, 99.00, 99.00
   2 , k_10_0.1_5_openjpa_2 ,    9800  ,   100 (              -|---*----      ),97.00, 98.00, 98.00, 98.00, 99.00
   2 , k_10_0.25_13_openjpa_where ,    9800  ,   200 (               |   *    ----- ),97.00, 97.00, 98.00, 99.00, 100.00
   2 , k_10_0.15_9_openjpa_2 ,    9800  ,   100 (              -|---*    ----- ),97.00, 98.00, 98.00, 99.00, 100.00
   2 , k_10_0.15_9_openjpa_kd ,    9800  ,   100 (         ----- |   *----      ),96.00, 97.00, 98.00, 98.00, 99.00
   2 , k_10_0.2_9_openjpa_pca ,    9800  ,   100 (         ----- |   *----      ),96.00, 97.00, 98.00, 98.00, 99.00
   2 , k_10_0.05_5_openjpa_random ,    9800  ,   100 (              -|---*          ),97.00, 98.00, 98.00, 99.00, 99.00
   2 , k_10_0.15_13_openjpa_kd ,    9800  ,   100 (               |   *----      ),97.00, 97.00, 98.00, 98.00, 99.00
   2 , k_10_0_7_openjpa_entropic ,    9800  ,   100 (              -|---*          ),97.00, 98.00, 98.00, 99.00, 99.00
   2 , k_10_0.25_11_openjpa_2 ,    9800  ,     0 (              -|---*----      ),97.00, 98.00, 98.00, 98.00, 99.00
   2 , k_10_0.01_11_openjpa_2 ,    9800  ,   100 (               |   *----      ),97.00, 97.00, 98.00, 98.00, 99.00
   2 , k_10_0.05_11_openjpa_where ,    9800  ,   100 (              -|---*          ),97.00, 98.00, 98.00, 99.00, 99.00
   2 , k_10_0.15_9_openjpa_pca ,    9800  ,   100 (               |   *          ),97.00, 97.00, 98.00, 98.00, 98.00
   2 , k_10_0.2_5_openjpa_kd ,    9800  ,   100 (         ----- |   *----      ),96.00, 97.00, 98.00, 98.00, 99.00
   2 , k_10_0.01_13_openjpa_rp ,    9800  ,   100 (         ----- |   *----      ),96.00, 97.00, 98.00, 98.00, 99.00
   2 , k_10_0.05_9_openjpa_pca ,    9800  ,   200 (    ---------- |   *          ),95.00, 97.00, 98.00, 99.00, 99.00
   2 , k_10_0.05_9_openjpa_rp ,    9800  ,   100 (               |   *----      ),97.00, 97.00, 98.00, 98.00, 99.00
   2 , k_10_0.15_13_openjpa_where ,    9800  ,   100 (              -|---*----      ),97.00, 98.00, 98.00, 98.00, 99.00
   2 , k_10_0.05_13_openjpa_spectral ,    9800  ,   100 (               |   *----      ),97.00, 97.00, 98.00, 98.00, 99.00
   2 , k_10_0.1_11_openjpa_random ,    9800  ,     0 (              -|---*----      ),97.00, 98.00, 98.00, 98.00, 99.00
   2 , k_10_0.2_13_openjpa_random ,    9800  ,   100 (         ------|---*          ),96.00, 98.00, 98.00, 99.00, 99.00
   2 , k_10_0.25_5_openjpa_kd ,    9800  ,   200 (         ----- |   *          ),96.00, 97.00, 98.00, 99.00, 99.00
   2 , k_10_0_11_openjpa_rp ,    9800  ,   100 (               |   *----      ),97.00, 97.00, 98.00, 98.00, 99.00
   2 , k_10_0.05_5_openjpa_spectral ,    9800  ,   200 (               |   *          ),97.00, 97.00, 98.00, 99.00, 99.00
   2 , k_10_0.1_13_openjpa_entropic ,    9800  ,   200 (               |   *          ),97.00, 97.00, 98.00, 99.00, 99.00
   2 , k_10_0.2_11_openjpa_entropic ,    9800  ,   200 (               |   *          ),97.00, 97.00, 98.00, 99.00, 99.00
   2 , k_10_0.05_5_openjpa_2 ,    9800  ,   200 (         ----- |   *          ),96.00, 97.00, 98.00, 99.00, 99.00
   2 , k_10_0.1_7_openjpa_entropic ,    9800  ,   200 (              -|---*          ),97.00, 98.00, 98.00, 99.00, 99.00
   2 , k_10_0.05_5_openjpa_pca ,    9800  ,   100 (         ----- |   *----      ),96.00, 97.00, 98.00, 98.00, 99.00
   2 , k_10_0_13_openjpa_kd ,    9800  ,   200 (               |   *          ),97.00, 97.00, 98.00, 99.00, 99.00
   2 , k_10_0.15_5_openjpa_where ,    9800  ,   100 (               |   *----      ),97.00, 97.00, 98.00, 98.00, 99.00
   2 , k_10_0.05_13_openjpa_2 ,    9800  ,   200 (               |   *----      ),97.00, 97.00, 98.00, 98.00, 99.00
   2 , k_10_0.2_13_openjpa_rp ,    9800  ,   100 (         ----- |   *----      ),96.00, 97.00, 98.00, 98.00, 99.00
   2 , k_10_0.1_5_openjpa_rp ,    9800  ,   200 (               |   *----      ),97.00, 97.00, 98.00, 98.00, 99.00
   2 , k_10_0.1_9_openjpa_where ,    9800  ,   200 (               |   *          ),97.00, 97.00, 98.00, 99.00, 99.00
   2 , k_10_0.05_13_openjpa_entropic ,    9800  ,   100 (              -|---*--------- ),97.00, 98.00, 98.00, 98.00, 100.00
   2 , k_10_0.25_7_openjpa_2 ,    9800  ,   100 (              -|---*----      ),97.00, 98.00, 98.00, 98.00, 99.00
   2 , k_10_0_13_openjpa_rp ,    9800  ,   100 (         ----- |   *----      ),96.00, 97.00, 98.00, 98.00, 99.00
   2 , k_10_0.25_5_openjpa_rp ,    9800  ,   100 (              -|---*          ),97.00, 98.00, 98.00, 99.00, 99.00
   2 , k_10_0.01_11_openjpa_rp ,    9800  ,   200 (               |   *          ),97.00, 97.00, 98.00, 99.00, 99.00
   2 , k_10_0.15_9_openjpa_entropic ,    9800  ,   200 (              -|---*--------- ),97.00, 98.00, 98.00, 98.00, 100.00
   2 , k_10_0_11_openjpa_spectral ,    9800  ,   200 (              -|---*          ),97.00, 98.00, 98.00, 99.00, 99.00
   2 , k_10_0.15_13_openjpa_rp ,    9800  ,   200 (               |   *----      ),97.00, 97.00, 98.00, 98.00, 99.00
   2 , k_10_0.25_13_openjpa_random ,    9800  ,   100 (              -|---*          ),97.00, 98.00, 98.00, 99.00, 99.00
   2 , k_10_0.25_7_openjpa_kd ,    9800  ,   100 (              -|---*          ),97.00, 98.00, 98.00, 99.00, 99.00
   2 , k_10_0.25_5_openjpa_2 ,    9800  ,     0 (              -|---*----      ),97.00, 98.00, 98.00, 98.00, 99.00
   2 , k_10_0.05_13_openjpa_rp ,    9800  ,   200 (         ----- |   *          ),96.00, 97.00, 98.00, 99.00, 99.00
   2 , k_10_0.01_11_openjpa_kd ,    9800  ,   100 (              -|---*----      ),97.00, 98.00, 98.00, 98.00, 99.00
   2 , k_10_0.2_9_openjpa_random ,    9800  ,   200 (               |   *----      ),97.00, 97.00, 98.00, 98.00, 99.00
   2 , k_10_0.1_13_openjpa_kd ,    9800  ,   100 (         ----- |   *----      ),96.00, 97.00, 98.00, 98.00, 99.00
   2 , k_10_0.15_9_openjpa_spectral ,    9800  ,     0 (              -|---*----      ),97.00, 98.00, 98.00, 98.00, 99.00
   2 , k_10_0_13_openjpa_entropic ,    9800  ,   100 (         ----- |   *----      ),96.00, 97.00, 98.00, 98.00, 99.00
   2 , k_10_0.15_5_openjpa_2 ,    9800  ,   200 (         ------|---*          ),96.00, 98.00, 98.00, 99.00, 99.00
   2 , k_10_0.01_9_openjpa_2 ,    9800  ,   200 (              -|---*    ----- ),97.00, 98.00, 98.00, 99.00, 100.00
   2 , k_10_0.25_11_openjpa_rp ,    9800  ,   100 (         ------|---*----      ),96.00, 98.00, 98.00, 98.00, 99.00
   2 , k_10_0.15_5_openjpa_spectral ,    9800  ,   200 (               |   *          ),97.00, 97.00, 98.00, 99.00, 99.00
   2 , k_10_0.05_7_openjpa_entropic ,    9800  ,   200 (         ----- |   *----      ),96.00, 97.00, 98.00, 98.00, 99.00
   2 , k_10_0.2_7_openjpa_entropic ,    9800  ,   100 (               |   *----      ),97.00, 97.00, 98.00, 98.00, 99.00
   2 , k_10_0.25_11_openjpa_random ,    9800  ,   100 (              -|---*----      ),97.00, 98.00, 98.00, 98.00, 99.00
   3 , k_10_0.01_5_openjpa_rp ,    9900  ,   100 (               |        *---- ),98.00, 98.00, 99.00, 99.00, 100.00
   3 , k_10_0.01_7_openjpa_rp ,    9900  ,   100 (               |        *     ),98.00, 98.00, 99.00, 99.00, 99.00
   3 , k_10_0_7_openjpa_rp ,    9900  ,   100 (         ------|---     *---- ),96.00, 98.00, 99.00, 99.00, 100.00
   3 , k_10_0.05_13_openjpa_pca ,    9900  ,   100 (               |        *     ),98.00, 98.00, 99.00, 99.00, 99.00
   3 , k_10_0.15_11_openjpa_entropic ,    9900  ,   100 (              -|---     *     ),97.00, 98.00, 99.00, 99.00, 99.00
   3 , k_10_0.15_7_openjpa_2 ,    9900  ,   100 (              -|---     *     ),97.00, 98.00, 99.00, 99.00, 99.00
   3 , k_10_0.1_7_openjpa_where ,    9900  ,   100 (              -|---     *     ),97.00, 98.00, 99.00, 99.00, 99.00
   3 , k_10_0.2_5_openjpa_random ,    9900  ,   100 (              -|---     *     ),97.00, 98.00, 99.00, 99.00, 99.00
   3 , k_10_0.01_9_openjpa_kd ,    9900  ,   100 (              -|---     *---- ),97.00, 98.00, 99.00, 99.00, 100.00
   3 , k_10_0.15_11_openjpa_rp ,    9900  ,   100 (               |        *     ),98.00, 98.00, 99.00, 99.00, 99.00
   3 , k_10_0.25_13_openjpa_rp ,    9900  ,   100 (               |        *---- ),98.00, 98.00, 99.00, 99.00, 100.00
   3 , k_10_0_11_openjpa_entropic ,    9900  ,   100 (              -|---     *     ),97.00, 98.00, 99.00, 99.00, 99.00
   3 , k_10_0.25_9_openjpa_random ,    9900  ,   100 (               |        *---- ),98.00, 98.00, 99.00, 99.00, 100.00
   3 , k_10_0.15_9_openjpa_where ,    9900  ,   100 (              -|---     *     ),97.00, 98.00, 99.00, 99.00, 99.00
   3 , k_10_0.05_5_openjpa_entropic ,    9900  ,   100 (               |        *     ),98.00, 98.00, 99.00, 99.00, 99.00
   3 , k_10_0.1_11_openjpa_2 ,    9900  ,   100 (               |        *---- ),98.00, 98.00, 99.00, 99.00, 100.00
   3 , k_10_0_7_openjpa_kd ,    9900  ,   100 (               |        *     ),98.00, 98.00, 99.00, 99.00, 99.00
   3 , k_10_0.2_9_openjpa_entropic ,    9900  ,   100 (              -|---     *     ),97.00, 98.00, 99.00, 99.00, 99.00
   3 , k_10_0.15_11_openjpa_pca ,    9900  ,   100 (              -|---     *---- ),97.00, 98.00, 99.00, 99.00, 100.00
   3 , k_10_0.01_9_openjpa_spectral ,    9900  ,   100 (         ------|---     *     ),96.00, 98.00, 99.00, 99.00, 99.00
   3 , k_10_0.25_9_openjpa_pca ,    9900  ,   100 (              -|---     *     ),97.00, 98.00, 99.00, 99.00, 99.00
   3 , k_10_0.15_7_openjpa_rp ,    9900  ,   100 (              -|---     *     ),97.00, 98.00, 99.00, 99.00, 99.00
