rank ,         name ,    med   ,  iqr 
----------------------------------------------------
   1 ,     entropic ,      90  ,    30 (              -|----      *   ), 0.50,  0.70,  0.90,  1.00,  1.00
   2 ,     spectral ,     100  ,    10 (           ----|----------   *), 0.40,  0.90,  1.00,  1.00,  1.00
   2 ,           rp ,     100  ,     0 (               |       ------*), 0.80,  1.00,  1.00,  1.00,  1.00
   2 ,           kd ,     100  ,     0 (               |    ---------*), 0.70,  1.00,  1.00,  1.00,  1.00
   2 ,        where ,     100  ,    10 (               | ---------   *), 0.60,  0.90,  1.00,  1.00,  1.00
   2 ,       random ,     100  ,     0 (               |    ---------*), 0.70,  1.00,  1.00,  1.00,  1.00
   2 ,          pca ,     100  ,     0 (               |       ------*), 0.80,  1.00,  1.00,  1.00,  1.00
   2 ,      2-means ,     100  ,     0 (               |    ---------*), 0.70,  1.00,  1.00,  1.00,  1.00
