rank ,         name ,    med   ,  iqr 
----------------------------------------------------
   1 , k_3_0.25_9_wicket_entropic ,    8300  ,   200 (     - * --    |              ),81.00, 82.00, 83.00, 84.00, 86.00
   1 , k_3_0.1_13_wicket_entropic ,    8300  ,   300 (  ---- * --    |              ),79.00, 82.00, 83.00, 84.00, 86.00
   1 , k_3_0.01_13_wicket_entropic ,    8300  ,   200 (     --*  ---  |              ),81.00, 83.00, 83.00, 85.00, 87.00
   1 , k_3_0.01_7_wicket_entropic ,    8300  ,   200 (      -*  ---- |              ),82.00, 83.00, 83.00, 85.00, 88.00
   1 , k_3_0.2_13_wicket_entropic ,    8300  ,   300 (   --  * ----  |              ),80.00, 81.00, 83.00, 84.00, 87.00
   1 , k_3_0.15_7_wicket_entropic ,    8300  ,   300 (   --- * --    |              ),80.00, 82.00, 83.00, 84.00, 86.00
   1 , k_3_0.2_5_wicket_entropic ,    8300  ,   300 (   --- *  ---  |              ),80.00, 82.00, 83.00, 85.00, 87.00
   1 , k_3_0_9_wicket_entropic ,    8300  ,   200 (   --- *--     |              ),80.00, 82.00, 83.00, 83.00, 85.00
   1 , k_3_0.15_9_wicket_entropic ,    8300  ,   300 (   --- * --    |              ),80.00, 82.00, 83.00, 84.00, 86.00
   2 , k_3_0.05_7_wicket_entropic ,    8400  ,   400 (   ---   * --  |              ),80.00, 82.00, 84.00, 86.00, 87.00
   2 , k_3_0.25_11_wicket_entropic ,    8400  ,   200 (     --  *-    |              ),81.00, 83.00, 84.00, 85.00, 86.00
   2 , k_3_0_11_wicket_entropic ,    8400  ,   200 (     --  *-    |              ),81.00, 83.00, 84.00, 85.00, 86.00
   2 , k_3_0.15_11_wicket_entropic ,    8400  ,   400 (     --  * --  |              ),81.00, 83.00, 84.00, 86.00, 87.00
   2 , k_3_0.2_9_wicket_entropic ,    8400  ,   400 (     -   *     |              ),81.00, 82.00, 84.00, 86.00, 86.00
   2 , k_3_0.01_5_wicket_entropic ,    8400  ,   300 (     --  * --  |              ),81.00, 83.00, 84.00, 86.00, 87.00
   2 , k_3_0.01_11_wicket_entropic ,    8400  ,   300 (      ---*---  |              ),82.00, 84.00, 84.00, 85.00, 87.00
   2 , k_3_0.05_5_wicket_entropic ,    8400  ,   200 (      -  *---  |              ),82.00, 83.00, 84.00, 85.00, 87.00
   2 , k_3_0_13_wicket_entropic ,    8400  ,   200 (     -   *-    |              ),81.00, 82.00, 84.00, 84.00, 86.00
   2 , k_3_0.15_5_wicket_entropic ,    8400  ,   200 (     --  *---  |              ),81.00, 83.00, 84.00, 85.00, 87.00
   2 , k_3_0.05_9_wicket_entropic ,    8400  ,   400 (     -   *-    |              ),81.00, 82.00, 84.00, 84.00, 86.00
   2 , k_3_0.1_11_wicket_entropic ,    8400  ,   300 (     --  *---- |              ),81.00, 83.00, 84.00, 85.00, 88.00
   2 , k_3_0_5_wicket_entropic ,    8400  ,   300 (   ---   *---  |              ),80.00, 82.00, 84.00, 85.00, 87.00
   3 , k_3_0.01_9_wicket_entropic ,    8500  ,   200 (      --- *--- |              ),82.00, 84.00, 85.00, 86.00, 88.00
   3 , k_3_0_7_wicket_entropic ,    8500  ,   200 (      --- *    |              ),82.00, 84.00, 85.00, 86.00, 86.00
   3 , k_3_0.1_9_wicket_entropic ,    8500  ,   300 (      -   *--  |              ),82.00, 83.00, 85.00, 86.00, 87.00
   3 , k_3_0.1_7_wicket_entropic ,    8500  ,   200 (   ------ *--  |              ),80.00, 84.00, 85.00, 85.00, 87.00
   3 , k_3_0.25_13_wicket_entropic ,    8500  ,   300 (      --- *  - |              ),82.00, 84.00, 85.00, 87.00, 88.00
   3 , k_3_0.2_7_wicket_entropic ,    8500  ,   200 (     ---- *--- |              ),81.00, 84.00, 85.00, 86.00, 88.00
   3 , k_3_0.1_5_wicket_entropic ,    8500  ,   300 (   ----   *--  |              ),80.00, 83.00, 85.00, 86.00, 87.00
   3 , k_3_0.05_11_wicket_entropic ,    8500  ,   500 (     -    *  - |              ),81.00, 82.00, 85.00, 87.00, 88.00
   3 , k_3_0.05_13_wicket_entropic ,    8500  ,   400 (     --   *  - |              ),81.00, 83.00, 85.00, 87.00, 88.00
   3 , k_3_0.25_5_wicket_entropic ,    8600  ,   200 (       --- *-  |              ),83.00, 85.00, 86.00, 86.00, 87.00
   3 , k_3_0.15_13_wicket_entropic ,    8600  ,   300 (       --  * --|              ),83.00, 84.00, 86.00, 87.00, 89.00
   4 , k_3_0.2_11_wicket_entropic ,    8700  ,   400 (         -   *-|              ),84.00, 85.00, 87.00, 88.00, 90.00
   5 , k_3_0.25_7_wicket_entropic ,    8900  ,   400 (           --  *  -           ),86.00, 87.00, 89.00, 91.00, 92.00
   6 , k_3_0.01_11_wicket_where ,    9700  ,   100 (               |          *-  ),97.00, 97.00, 97.00, 98.00, 99.00
   6 , k_3_0.1_9_wicket_random ,    9700  ,   100 (               |          *-  ),97.00, 97.00, 97.00, 98.00, 99.00
   6 , k_3_0.05_9_wicket_spectral ,    9700  ,   100 (               |        --*-  ),96.00, 97.00, 97.00, 98.00, 99.00
   6 , k_3_0.01_9_wicket_spectral ,    9700  ,   200 (               |       -  *   ),95.00, 96.00, 97.00, 97.00, 98.00
   6 , k_3_0.05_9_wicket_random ,    9700  ,   200 (               |        --*-  ),96.00, 97.00, 97.00, 98.00, 99.00
   6 , k_3_0.1_13_wicket_spectral ,    9700  ,   200 (               |          *-  ),96.00, 96.00, 97.00, 98.00, 99.00
   6 , k_3_0_9_wicket_random ,    9700  ,   100 (               |        --*-  ),96.00, 97.00, 97.00, 98.00, 99.00
   6 , k_3_0_11_wicket_spectral ,    9700  ,   100 (               |        --*-  ),96.00, 97.00, 97.00, 97.00, 99.00
   6 , k_3_0_11_wicket_random ,    9700  ,   200 (               |          *   ),96.00, 96.00, 97.00, 98.00, 98.00
   6 , k_3_0.05_11_wicket_spectral ,    9700  ,   100 (               |        --*-  ),96.00, 97.00, 97.00, 98.00, 99.00
   6 , k_3_0_5_wicket_spectral ,    9700  ,   200 (               |          *   ),96.00, 96.00, 97.00, 98.00, 98.00
   6 , k_3_0.1_11_wicket_spectral ,    9700  ,   200 (               |       -  *   ),95.00, 96.00, 97.00, 97.00, 98.00
   6 , k_3_0.01_11_wicket_random ,    9700  ,   100 (               |        --*   ),96.00, 97.00, 97.00, 98.00, 98.00
   6 , k_3_0.05_7_wicket_where ,    9700  ,   100 (               |        --*-  ),96.00, 97.00, 97.00, 98.00, 99.00
   6 , k_3_0.1_7_wicket_spectral ,    9700  ,   100 (               |       ---*   ),95.00, 97.00, 97.00, 98.00, 98.00
   6 , k_3_0.15_13_wicket_spectral ,    9700  ,   200 (               |        --*-  ),96.00, 97.00, 97.00, 98.00, 99.00
   6 , k_3_0.1_5_wicket_spectral ,    9700  ,   200 (               |        --*-  ),96.00, 97.00, 97.00, 98.00, 99.00
   6 , k_3_0.01_5_wicket_random ,    9700  ,   200 (               |        --*-  ),96.00, 97.00, 97.00, 98.00, 99.00
   6 , k_3_0.01_7_wicket_spectral ,    9700  ,   200 (               |      --  *   ),94.00, 96.00, 97.00, 98.00, 98.00
   6 , k_3_0.1_9_wicket_spectral ,    9700  ,   200 (               |       -  *-  ),95.00, 96.00, 97.00, 98.00, 99.00
   6 , k_3_0.1_11_wicket_where ,    9700  ,   200 (               |        --*-  ),96.00, 97.00, 97.00, 98.00, 99.00
   6 , k_3_0_7_wicket_spectral ,    9700  ,   100 (               |       ---*-  ),95.00, 97.00, 97.00, 98.00, 99.00
   6 , k_3_0.15_7_wicket_spectral ,    9700  ,   100 (               |        --*-  ),96.00, 97.00, 97.00, 98.00, 99.00
   6 , k_3_0_11_wicket_where ,    9700  ,   100 (               |        --*-  ),96.00, 97.00, 97.00, 98.00, 99.00
   7 , k_3_0.01_5_wicket_where ,    9800  ,   200 (               |          -*  ),97.00, 98.00, 98.00, 98.00, 99.00
   7 , k_3_0.01_11_wicket_rp ,    9800  ,   100 (               |          -*  ),97.00, 98.00, 98.00, 99.00, 99.00
   7 , k_3_0.2_9_wicket_2 ,    9800  ,   100 (               |          -*- ),97.00, 98.00, 98.00, 99.00, 100.00
   7 , k_3_0_9_wicket_kd ,    9800  ,   100 (               |           *- ),98.00, 98.00, 98.00, 99.00, 100.00
   7 , k_3_0.2_7_wicket_random ,    9800  ,   100 (               |        -- *  ),96.00, 97.00, 98.00, 98.00, 99.00
   7 , k_3_0.05_9_wicket_kd ,    9800  ,   100 (               |          -*- ),97.00, 98.00, 98.00, 99.00, 100.00
   7 , k_3_0_13_wicket_rp ,    9800  ,   100 (               |           *  ),98.00, 98.00, 98.00, 99.00, 99.00
   7 , k_3_0.1_11_wicket_random ,    9800  ,   100 (               |          -*  ),97.00, 98.00, 98.00, 99.00, 99.00
   7 , k_3_0.05_11_wicket_2 ,    9800  ,   100 (               |          -*  ),97.00, 98.00, 98.00, 99.00, 99.00
   7 , k_3_0.05_13_wicket_random ,    9800  ,   200 (               |        ---*  ),96.00, 98.00, 98.00, 98.00, 99.00
   7 , k_3_0_13_wicket_random ,    9800  ,   100 (               |        -- *  ),96.00, 97.00, 98.00, 98.00, 99.00
   7 , k_3_0.2_11_wicket_spectral ,    9800  ,   200 (               |        -- *- ),96.00, 97.00, 98.00, 98.00, 100.00
   7 , k_3_0.01_5_wicket_rp ,    9800  ,   100 (               |          -*  ),97.00, 98.00, 98.00, 99.00, 99.00
   7 , k_3_0.1_7_wicket_random ,    9800  ,   200 (               |        ---*- ),96.00, 98.00, 98.00, 99.00, 100.00
   7 , k_3_0.2_5_wicket_random ,    9800  ,   100 (               |          -*- ),97.00, 98.00, 98.00, 99.00, 100.00
   7 , k_3_0.05_11_wicket_random ,    9800  ,   100 (               |        -- *  ),96.00, 97.00, 98.00, 98.00, 99.00
   7 , k_3_0.25_9_wicket_spectral ,    9800  ,   100 (               |        -- *  ),96.00, 97.00, 98.00, 98.00, 99.00
   7 , k_3_0.1_7_wicket_where ,    9800  ,   200 (               |       --- *  ),95.00, 97.00, 98.00, 98.00, 99.00
   7 , k_3_0.05_5_wicket_kd ,    9800  ,   100 (               |           *  ),98.00, 98.00, 98.00, 99.00, 99.00
   7 , k_3_0.01_7_wicket_random ,    9800  ,   100 (               |       --- *  ),95.00, 97.00, 98.00, 98.00, 99.00
   7 , k_3_0.25_7_wicket_pca ,    9800  ,   100 (               |          -*- ),97.00, 98.00, 98.00, 99.00, 100.00
   7 , k_3_0.1_13_wicket_rp ,    9800  ,   100 (               |          -*  ),97.00, 98.00, 98.00, 99.00, 99.00
   7 , k_3_0.25_11_wicket_kd ,    9800  ,   100 (               |           *  ),98.00, 98.00, 98.00, 99.00, 99.00
   7 , k_3_0.05_7_wicket_random ,    9800  ,   100 (               |          -*  ),97.00, 98.00, 98.00, 98.00, 99.00
   7 , k_3_0.05_9_wicket_rp ,    9800  ,   100 (               |          -*- ),97.00, 98.00, 98.00, 99.00, 100.00
   7 , k_3_0.05_11_wicket_where ,    9800  ,   100 (               |           *  ),97.00, 97.00, 98.00, 98.00, 99.00
   7 , k_3_0.15_9_wicket_random ,    9800  ,   100 (               |        -- *- ),96.00, 97.00, 98.00, 98.00, 100.00
   7 , k_3_0.01_11_wicket_kd ,    9800  ,   100 (               |        ---*  ),96.00, 98.00, 98.00, 99.00, 99.00
   7 , k_3_0.01_5_wicket_pca ,    9800  ,   100 (               |          -*  ),97.00, 98.00, 98.00, 99.00, 99.00
   7 , k_3_0_13_wicket_spectral ,    9800  ,   300 (               |        -- *  ),96.00, 97.00, 98.00, 99.00, 99.00
   7 , k_3_0.2_7_wicket_where ,    9800  ,     0 (               |          -*  ),97.00, 98.00, 98.00, 98.00, 99.00
   7 , k_3_0.05_5_wicket_random ,    9800  ,     0 (               |        ---*  ),96.00, 98.00, 98.00, 98.00, 99.00
   7 , k_3_0.25_11_wicket_random ,    9800  ,   100 (               |          -*  ),97.00, 98.00, 98.00, 99.00, 99.00
   7 , k_3_0_5_wicket_where ,    9800  ,   100 (               |        -- *  ),96.00, 97.00, 98.00, 98.00, 99.00
   7 , k_3_0.2_5_wicket_spectral ,    9800  ,   200 (               |        -- *  ),96.00, 97.00, 98.00, 99.00, 99.00
   7 , k_3_0.15_9_wicket_kd ,    9800  ,   100 (               |          -*  ),97.00, 98.00, 98.00, 99.00, 99.00
   7 , k_3_0.01_7_wicket_rp ,    9800  ,   100 (               |          -*  ),97.00, 98.00, 98.00, 99.00, 99.00
   7 , k_3_0.1_11_wicket_rp ,    9800  ,   100 (               |           *  ),98.00, 98.00, 98.00, 99.00, 99.00
   7 , k_3_0.25_7_wicket_random ,    9800  ,   200 (               |           *  ),97.00, 97.00, 98.00, 98.00, 99.00
   7 , k_3_0.15_9_wicket_spectral ,    9800  ,   200 (               |        -- *  ),96.00, 97.00, 98.00, 98.00, 99.00
   7 , k_3_0.25_11_wicket_rp ,    9800  ,   100 (               |           *- ),98.00, 98.00, 98.00, 99.00, 100.00
   7 , k_3_0.15_5_wicket_where ,    9800  ,   100 (               |           *  ),97.00, 97.00, 98.00, 98.00, 99.00
   7 , k_3_0.1_13_wicket_where ,    9800  ,   100 (               |          -*  ),97.00, 98.00, 98.00, 98.00, 99.00
   7 , k_3_0.1_13_wicket_2 ,    9800  ,   100 (               |           *  ),98.00, 98.00, 98.00, 99.00, 99.00
   7 , k_3_0.05_13_wicket_spectral ,    9800  ,   100 (               |        -- *  ),96.00, 97.00, 98.00, 98.00, 99.00
   7 , k_3_0.25_9_wicket_random ,    9800  ,   100 (               |          -*- ),97.00, 98.00, 98.00, 99.00, 100.00
   7 , k_3_0.15_13_wicket_where ,    9800  ,   100 (               |          -*  ),97.00, 98.00, 98.00, 99.00, 99.00
   7 , k_3_0.05_9_wicket_where ,    9800  ,   200 (               |           *  ),97.00, 97.00, 98.00, 99.00, 99.00
   7 , k_3_0_5_wicket_2 ,    9800  ,   100 (               |          -*- ),97.00, 98.00, 98.00, 99.00, 100.00
   7 , k_3_0.1_13_wicket_random ,    9800  ,   200 (               |        -- *  ),96.00, 97.00, 98.00, 98.00, 99.00
   7 , k_3_0.2_9_wicket_rp ,    9800  ,   100 (               |          -*  ),97.00, 98.00, 98.00, 99.00, 99.00
   7 , k_3_0_7_wicket_kd ,    9800  ,   100 (               |          -*  ),97.00, 98.00, 98.00, 99.00, 99.00
   7 , k_3_0.2_7_wicket_pca ,    9800  ,   100 (               |          -*- ),97.00, 98.00, 98.00, 99.00, 100.00
   7 , k_3_0_9_wicket_spectral ,    9800  ,   100 (               |       --- *  ),95.00, 97.00, 98.00, 98.00, 99.00
   7 , k_3_0.1_7_wicket_rp ,    9800  ,   100 (               |          -*  ),97.00, 98.00, 98.00, 99.00, 99.00
   7 , k_3_0.05_7_wicket_2 ,    9800  ,   100 (               |          -*  ),97.00, 98.00, 98.00, 99.00, 99.00
   7 , k_3_0.1_7_wicket_kd ,    9800  ,   100 (               |          -*- ),97.00, 98.00, 98.00, 99.00, 100.00
   7 , k_3_0.01_13_wicket_2 ,    9800  ,   100 (               |          -*  ),97.00, 98.00, 98.00, 99.00, 99.00
   7 , k_3_0.2_7_wicket_spectral ,    9800  ,   200 (               |           *  ),97.00, 97.00, 98.00, 99.00, 99.00
   7 , k_3_0.15_5_wicket_spectral ,    9800  ,   100 (               |        -- *  ),96.00, 97.00, 98.00, 98.00, 99.00
   7 , k_3_0.1_9_wicket_where ,    9800  ,   100 (               |          -*- ),97.00, 98.00, 98.00, 99.00, 100.00
   7 , k_3_0.05_7_wicket_spectral ,    9800  ,   200 (               |        -- *  ),96.00, 97.00, 98.00, 99.00, 99.00
   7 , k_3_0.2_13_wicket_spectral ,    9800  ,   100 (               |          -*- ),97.00, 98.00, 98.00, 99.00, 100.00
   7 , k_3_0.1_5_wicket_rp ,    9800  ,   100 (               |          -*- ),97.00, 98.00, 98.00, 99.00, 100.00
   7 , k_3_0.01_9_wicket_where ,    9800  ,   100 (               |       --- *  ),95.00, 97.00, 98.00, 98.00, 99.00
   7 , k_3_0_7_wicket_random ,    9800  ,   100 (               |        -- *  ),96.00, 97.00, 98.00, 98.00, 99.00
   7 , k_3_0.1_5_wicket_kd ,    9800  ,   100 (               |          -*  ),97.00, 98.00, 98.00, 99.00, 99.00
   7 , k_3_0.01_7_wicket_kd ,    9800  ,   200 (               |        ---*  ),96.00, 98.00, 98.00, 99.00, 99.00
   7 , k_3_0.15_9_wicket_where ,    9800  ,   200 (               |          -*  ),97.00, 98.00, 98.00, 99.00, 99.00
   7 , k_3_0.1_5_wicket_where ,    9800  ,   100 (               |          -*  ),97.00, 98.00, 98.00, 99.00, 99.00
   7 , k_3_0.1_9_wicket_pca ,    9800  ,   100 (               |           *- ),98.00, 98.00, 98.00, 99.00, 100.00
   7 , k_3_0.15_11_wicket_random ,    9800  ,   100 (               |          -*  ),97.00, 98.00, 98.00, 99.00, 99.00
   7 , k_3_0.05_5_wicket_where ,    9800  ,   200 (               |        -- *  ),96.00, 97.00, 98.00, 98.00, 99.00
   7 , k_3_0.25_5_wicket_rp ,    9800  ,   100 (               |          -*  ),97.00, 98.00, 98.00, 99.00, 99.00
   7 , k_3_0.15_13_wicket_random ,    9800  ,   200 (               |        -- *  ),96.00, 97.00, 98.00, 99.00, 99.00
   7 , k_3_0.2_13_wicket_random ,    9800  ,   200 (               |          -*- ),97.00, 98.00, 98.00, 99.00, 100.00
   7 , k_3_0.01_13_wicket_where ,    9800  ,   200 (               |        -- *  ),96.00, 97.00, 98.00, 99.00, 99.00
   7 , k_3_0.2_5_wicket_kd ,    9800  ,   200 (               |          -*- ),97.00, 98.00, 98.00, 99.00, 100.00
   7 , k_3_0_5_wicket_random ,    9800  ,   100 (               |        -- *  ),96.00, 97.00, 98.00, 98.00, 99.00
   7 , k_3_0.25_13_wicket_2 ,    9800  ,   100 (               |           *- ),98.00, 98.00, 98.00, 99.00, 100.00
   7 , k_3_0.01_13_wicket_kd ,    9800  ,   100 (               |          -*- ),97.00, 98.00, 98.00, 99.00, 100.00
   7 , k_3_0.2_9_wicket_random ,    9800  ,   100 (               |          -*  ),97.00, 98.00, 98.00, 99.00, 99.00
   7 , k_3_0.2_11_wicket_rp ,    9800  ,   100 (               |           *  ),98.00, 98.00, 98.00, 99.00, 99.00
   7 , k_3_0_13_wicket_where ,    9800  ,   100 (               |        -- *  ),96.00, 97.00, 98.00, 98.00, 99.00
   7 , k_3_0_7_wicket_rp ,    9800  ,   100 (               |          -*  ),97.00, 98.00, 98.00, 99.00, 99.00
   7 , k_3_0_9_wicket_where ,    9800  ,   200 (               |        -- *  ),96.00, 97.00, 98.00, 98.00, 99.00
   7 , k_3_0_11_wicket_pca ,    9800  ,   100 (               |          -*  ),97.00, 98.00, 98.00, 98.00, 99.00
   7 , k_3_0_7_wicket_where ,    9800  ,   200 (               |          -*  ),97.00, 98.00, 98.00, 99.00, 99.00
   7 , k_3_0.01_11_wicket_spectral ,    9800  ,   100 (               |        -- *  ),96.00, 97.00, 98.00, 98.00, 99.00
   7 , k_3_0.05_5_wicket_spectral ,    9800  ,   100 (               |        -- *  ),96.00, 97.00, 98.00, 98.00, 99.00
   7 , k_3_0.25_7_wicket_spectral ,    9800  ,   200 (               |        ---*- ),96.00, 98.00, 98.00, 99.00, 100.00
   7 , k_3_0.05_13_wicket_where ,    9800  ,   200 (               |        ---*  ),96.00, 98.00, 98.00, 99.00, 99.00
   7 , k_3_0.15_11_wicket_where ,    9800  ,   200 (               |           *  ),97.00, 97.00, 98.00, 99.00, 99.00
   7 , k_3_0.25_13_wicket_where ,    9800  ,   200 (               |          -*  ),97.00, 98.00, 98.00, 99.00, 99.00
   7 , k_3_0.25_9_wicket_where ,    9800  ,   200 (               |        ---*  ),96.00, 98.00, 98.00, 99.00, 99.00
   7 , k_3_0.05_11_wicket_kd ,    9800  ,   100 (               |          -*  ),97.00, 98.00, 98.00, 99.00, 99.00
   7 , k_3_0.01_13_wicket_random ,    9800  ,   100 (               |        -- *  ),96.00, 97.00, 98.00, 98.00, 99.00
   7 , k_3_0.15_5_wicket_kd ,    9800  ,   100 (               |          -*- ),97.00, 98.00, 98.00, 99.00, 100.00
   7 , k_3_0.2_13_wicket_where ,    9800  ,   200 (               |          -*  ),97.00, 98.00, 98.00, 99.00, 99.00
   7 , k_3_0.1_5_wicket_random ,    9800  ,   200 (               |        -- *  ),96.00, 97.00, 98.00, 98.00, 99.00
   7 , k_3_0.15_7_wicket_random ,    9800  ,   200 (               |           *  ),97.00, 97.00, 98.00, 99.00, 99.00
   7 , k_3_0.01_9_wicket_kd ,    9800  ,   100 (               |          -*- ),97.00, 98.00, 98.00, 99.00, 100.00
   7 , k_3_0_13_wicket_kd ,    9800  ,   100 (               |          -*  ),97.00, 98.00, 98.00, 99.00, 99.00
   7 , k_3_0.01_7_wicket_where ,    9800  ,   100 (               |        -- *  ),96.00, 97.00, 98.00, 98.00, 99.00
   7 , k_3_0.15_7_wicket_where ,    9800  ,   200 (               |        -- *  ),96.00, 97.00, 98.00, 99.00, 99.00
   7 , k_3_0.1_9_wicket_rp ,    9800  ,   100 (               |          -*- ),97.00, 98.00, 98.00, 99.00, 100.00
   7 , k_3_0.1_9_wicket_kd ,    9800  ,   100 (               |           *  ),98.00, 98.00, 98.00, 99.00, 99.00
   7 , k_3_0.2_9_wicket_spectral ,    9800  ,   200 (               |           *  ),97.00, 97.00, 98.00, 99.00, 99.00
   7 , k_3_0.25_5_wicket_spectral ,    9800  ,   100 (               |          -*  ),97.00, 98.00, 98.00, 99.00, 99.00
   7 , k_3_0.01_5_wicket_kd ,    9800  ,   100 (               |          -*  ),97.00, 98.00, 98.00, 99.00, 99.00
   7 , k_3_0.01_5_wicket_spectral ,    9800  ,   200 (               |        -- *  ),96.00, 97.00, 98.00, 99.00, 99.00
   7 , k_3_0.1_11_wicket_2 ,    9800  ,   100 (               |           *  ),98.00, 98.00, 98.00, 99.00, 99.00
   7 , k_3_0.01_9_wicket_2 ,    9800  ,   100 (               |           *- ),98.00, 98.00, 98.00, 99.00, 100.00
   7 , k_3_0.25_11_wicket_spectral ,    9800  ,   200 (               |        ---*- ),96.00, 98.00, 98.00, 99.00, 100.00
   7 , k_3_0_11_wicket_kd ,    9800  ,   200 (               |          -*  ),97.00, 98.00, 98.00, 99.00, 99.00
   7 , k_3_0.2_11_wicket_where ,    9800  ,   200 (               |          -*  ),97.00, 98.00, 98.00, 99.00, 99.00
   7 , k_3_0.01_9_wicket_random ,    9800  ,   100 (               |        -- *  ),96.00, 97.00, 98.00, 98.00, 99.00
   7 , k_3_0.15_5_wicket_random ,    9800  ,   100 (               |           *  ),97.00, 97.00, 98.00, 98.00, 99.00
   7 , k_3_0.01_13_wicket_spectral ,    9800  ,   100 (               |       --- *  ),95.00, 97.00, 98.00, 98.00, 98.00
   7 , k_3_0.2_11_wicket_random ,    9800  ,   200 (               |          -*  ),97.00, 98.00, 98.00, 99.00, 99.00
   7 , k_3_0.25_7_wicket_where ,    9800  ,   200 (               |           *  ),97.00, 97.00, 98.00, 99.00, 99.00
   7 , k_3_0.1_11_wicket_kd ,    9800  ,   100 (               |           *  ),98.00, 98.00, 98.00, 99.00, 99.00
   7 , k_3_0.25_13_wicket_spectral ,    9800  ,   200 (               |       --- *  ),95.00, 97.00, 98.00, 98.00, 99.00
   7 , k_3_0.05_5_wicket_pca ,    9800  ,   100 (               |          -*  ),97.00, 98.00, 98.00, 99.00, 99.00
   7 , k_3_0_5_wicket_rp ,    9800  ,   100 (               |          -*  ),97.00, 98.00, 98.00, 99.00, 99.00
   7 , k_3_0_11_wicket_2 ,    9800  ,   100 (               |          -*  ),97.00, 98.00, 98.00, 99.00, 99.00
   7 , k_3_0.15_13_wicket_2 ,    9800  ,   100 (               |          -*- ),97.00, 98.00, 98.00, 99.00, 100.00
   7 , k_3_0.2_9_wicket_where ,    9800  ,   200 (               |           *- ),97.00, 97.00, 98.00, 99.00, 100.00
   7 , k_3_0.15_11_wicket_spectral ,    9800  ,   100 (               |        -- *  ),96.00, 97.00, 98.00, 98.00, 99.00
   8 , k_3_0.25_11_wicket_pca ,    9900  ,   100 (               |          - * ),97.00, 98.00, 99.00, 99.00, 100.00
   8 , k_3_0.2_7_wicket_rp ,    9900  ,   100 (               |        --- * ),96.00, 98.00, 99.00, 99.00, 100.00
   8 , k_3_0_9_wicket_rp ,    9900  ,   100 (               |          - * ),97.00, 98.00, 99.00, 99.00, 99.00
   8 , k_3_0.15_7_wicket_kd ,    9900  ,   100 (               |          - * ),97.00, 98.00, 99.00, 99.00, 99.00
   8 , k_3_0.15_11_wicket_pca ,    9900  ,   100 (               |          - * ),97.00, 98.00, 99.00, 99.00, 100.00
   8 , k_3_0.25_9_wicket_2 ,    9900  ,   100 (               |          - * ),97.00, 98.00, 99.00, 99.00, 100.00
   8 , k_3_0.01_5_wicket_2 ,    9900  ,   100 (               |          - * ),97.00, 98.00, 99.00, 99.00, 100.00
   8 , k_3_0.05_5_wicket_2 ,    9900  ,   100 (               |          - * ),97.00, 98.00, 99.00, 99.00, 100.00
   8 , k_3_0.1_7_wicket_2 ,    9900  ,   100 (               |          - * ),97.00, 98.00, 99.00, 99.00, 100.00
   8 , k_3_0.05_11_wicket_pca ,    9900  ,   100 (               |          - * ),97.00, 98.00, 99.00, 99.00, 99.00
   8 , k_3_0.15_9_wicket_2 ,    9900  ,   100 (               |            * ),98.00, 98.00, 99.00, 99.00, 100.00
   8 , k_3_0.2_13_wicket_pca ,    9900  ,   100 (               |          - * ),97.00, 98.00, 99.00, 99.00, 100.00
   8 , k_3_0.15_5_wicket_2 ,    9900  ,   100 (               |          - * ),97.00, 98.00, 99.00, 99.00, 99.00
   8 , k_3_0.15_13_wicket_rp ,    9900  ,   300 (               |          - * ),97.00, 98.00, 99.00, 99.00, 100.00
   8 , k_3_0.05_5_wicket_rp ,    9900  ,   100 (               |            * ),98.00, 98.00, 99.00, 99.00, 100.00
   8 , k_3_0.15_13_wicket_kd ,    9900  ,   100 (               |            * ),98.00, 98.00, 99.00, 99.00, 100.00
   8 , k_3_0.1_13_wicket_pca ,    9900  ,     0 (               |          --* ),97.00, 99.00, 99.00, 99.00, 100.00
   8 , k_3_0.15_13_wicket_pca ,    9900  ,   100 (               |           -* ),98.00, 99.00, 99.00, 99.00, 100.00
   8 , k_3_0.15_7_wicket_pca ,    9900  ,     0 (               |           -* ),98.00, 99.00, 99.00, 99.00, 100.00
   8 , k_3_0.25_7_wicket_rp ,    9900  ,   100 (               |            * ),98.00, 98.00, 99.00, 99.00, 99.00
   8 , k_3_0.25_13_wicket_random ,    9900  ,   100 (               |          - * ),97.00, 98.00, 99.00, 99.00, 99.00
   8 , k_3_0.25_7_wicket_2 ,    9900  ,   100 (               |            * ),98.00, 98.00, 99.00, 99.00, 99.00
   8 , k_3_0.15_5_wicket_pca ,    9900  ,   100 (               |            * ),98.00, 98.00, 99.00, 99.00, 99.00
   8 , k_3_0.15_7_wicket_rp ,    9900  ,   100 (               |          - * ),97.00, 98.00, 99.00, 99.00, 100.00
   8 , k_3_0.1_5_wicket_pca ,    9900  ,   100 (               |          - * ),97.00, 98.00, 99.00, 99.00, 100.00
   8 , k_3_0.15_9_wicket_pca ,    9900  ,   100 (               |          - * ),97.00, 98.00, 99.00, 99.00, 99.00
   8 , k_3_0.25_11_wicket_2 ,    9900  ,   100 (               |            * ),98.00, 98.00, 99.00, 99.00, 100.00
   8 , k_3_0.05_13_wicket_rp ,    9900  ,   100 (               |            * ),98.00, 98.00, 99.00, 99.00, 100.00
   8 , k_3_0.1_9_wicket_2 ,    9900  ,   100 (               |          - * ),97.00, 98.00, 99.00, 99.00, 100.00
   8 , k_3_0_5_wicket_pca ,    9900  ,   100 (               |          - * ),97.00, 98.00, 99.00, 99.00, 100.00
   8 , k_3_0.25_11_wicket_where ,    9900  ,   200 (               |          - * ),97.00, 98.00, 99.00, 99.00, 100.00
   8 , k_3_0.25_13_wicket_pca ,    9900  ,     0 (               |           -* ),98.00, 99.00, 99.00, 99.00, 100.00
   8 , k_3_0.25_5_wicket_kd ,    9900  ,   100 (               |            * ),98.00, 98.00, 99.00, 99.00, 100.00
   8 , k_3_0.15_11_wicket_2 ,    9900  ,   100 (               |          - * ),97.00, 98.00, 99.00, 99.00, 100.00
   8 , k_3_0.2_13_wicket_2 ,    9900  ,   100 (               |          - * ),97.00, 98.00, 99.00, 99.00, 99.00
   8 , k_3_0.2_9_wicket_pca ,    9900  ,   100 (               |            * ),98.00, 98.00, 99.00, 99.00, 100.00
   8 , k_3_0.05_13_wicket_kd ,    9900  ,   100 (               |          - * ),97.00, 98.00, 99.00, 99.00, 100.00
   8 , k_3_0_7_wicket_2 ,    9900  ,   100 (               |          - * ),97.00, 98.00, 99.00, 99.00, 100.00
   8 , k_3_0.25_9_wicket_rp ,    9900  ,   100 (               |          - * ),97.00, 98.00, 99.00, 99.00, 99.00
   8 , k_3_0.25_9_wicket_pca ,    9900  ,   100 (               |          - * ),97.00, 98.00, 99.00, 99.00, 100.00
   8 , k_3_0.25_5_wicket_pca ,    9900  ,   100 (               |          - * ),97.00, 98.00, 99.00, 99.00, 100.00
   8 , k_3_0.15_7_wicket_2 ,    9900  ,   100 (               |            * ),98.00, 98.00, 99.00, 99.00, 100.00
   8 , k_3_0.15_11_wicket_rp ,    9900  ,   100 (               |            * ),98.00, 98.00, 99.00, 99.00, 100.00
   8 , k_3_0.05_9_wicket_pca ,    9900  ,   100 (               |            * ),98.00, 98.00, 99.00, 99.00, 99.00
   8 , k_3_0_11_wicket_rp ,    9900  ,   100 (               |          - * ),97.00, 98.00, 99.00, 99.00, 99.00
   8 , k_3_0_13_wicket_2 ,    9900  ,   100 (               |          - * ),97.00, 98.00, 99.00, 99.00, 100.00
   8 , k_3_0.1_11_wicket_pca ,    9900  ,   100 (               |            * ),98.00, 98.00, 99.00, 99.00, 100.00
   8 , k_3_0.05_13_wicket_pca ,    9900  ,   100 (               |            * ),98.00, 98.00, 99.00, 99.00, 100.00
   8 , k_3_0.15_11_wicket_kd ,    9900  ,   100 (               |          - * ),97.00, 98.00, 99.00, 99.00, 100.00
   8 , k_3_0.2_9_wicket_kd ,    9900  ,   100 (               |            * ),98.00, 98.00, 99.00, 99.00, 99.00
   8 , k_3_0.05_7_wicket_pca ,    9900  ,   100 (               |            * ),98.00, 98.00, 99.00, 99.00, 100.00
   8 , k_3_0_9_wicket_pca ,    9900  ,   100 (               |          - * ),97.00, 98.00, 99.00, 99.00, 100.00
   8 , k_3_0.1_7_wicket_pca ,    9900  ,   100 (               |          - * ),97.00, 98.00, 99.00, 99.00, 100.00
   8 , k_3_0.2_11_wicket_2 ,    9900  ,   100 (               |            * ),98.00, 98.00, 99.00, 99.00, 100.00
   8 , k_3_0.25_13_wicket_rp ,    9900  ,   100 (               |            * ),98.00, 98.00, 99.00, 99.00, 100.00
   8 , k_3_0.15_9_wicket_rp ,    9900  ,   100 (               |          - * ),97.00, 98.00, 99.00, 99.00, 100.00
   8 , k_3_0.25_9_wicket_kd ,    9900  ,   100 (               |          --* ),97.00, 99.00, 99.00, 99.00, 99.00
   8 , k_3_0_13_wicket_pca ,    9900  ,     0 (               |           -* ),98.00, 99.00, 99.00, 99.00, 99.00
   8 , k_3_0_5_wicket_kd ,    9900  ,     0 (               |          --* ),97.00, 99.00, 99.00, 99.00, 100.00
   8 , k_3_0.01_11_wicket_2 ,    9900  ,   100 (               |          - * ),97.00, 98.00, 99.00, 99.00, 99.00
   8 , k_3_0.05_7_wicket_rp ,    9900  ,   200 (               |          - * ),97.00, 98.00, 99.00, 99.00, 100.00
   8 , k_3_0.2_5_wicket_pca ,    9900  ,   100 (               |            * ),98.00, 98.00, 99.00, 99.00, 100.00
   8 , k_3_0.01_11_wicket_pca ,    9900  ,   100 (               |            * ),98.00, 98.00, 99.00, 99.00, 100.00
   8 , k_3_0.05_9_wicket_2 ,    9900  ,   100 (               |            * ),98.00, 98.00, 99.00, 99.00, 99.00
   8 , k_3_0.2_5_wicket_2 ,    9900  ,   100 (               |            * ),98.00, 98.00, 99.00, 99.00, 100.00
   8 , k_3_0.05_11_wicket_rp ,    9900  ,   200 (               |          - * ),97.00, 98.00, 99.00, 99.00, 99.00
   8 , k_3_0.2_11_wicket_kd ,    9900  ,   100 (               |          - * ),97.00, 98.00, 99.00, 99.00, 99.00
   8 , k_3_0_7_wicket_pca ,    9900  ,   100 (               |            * ),98.00, 98.00, 99.00, 99.00, 99.00
   8 , k_3_0.25_13_wicket_kd ,    9900  ,   100 (               |          - * ),97.00, 98.00, 99.00, 99.00, 100.00
   8 , k_3_0.25_7_wicket_kd ,    9900  ,   100 (               |            * ),98.00, 98.00, 99.00, 99.00, 99.00
   8 , k_3_0.2_11_wicket_pca ,    9900  ,   100 (               |            * ),98.00, 98.00, 99.00, 99.00, 99.00
   8 , k_3_0.01_9_wicket_pca ,    9900  ,   200 (               |          - * ),97.00, 98.00, 99.00, 99.00, 100.00
   8 , k_3_0.2_13_wicket_kd ,    9900  ,   100 (               |          - * ),97.00, 98.00, 99.00, 99.00, 99.00
   8 , k_3_0.2_5_wicket_rp ,    9900  ,   200 (               |           -* ),98.00, 99.00, 99.00, 100.00, 100.00
   8 , k_3_0.01_9_wicket_rp ,    9900  ,   100 (               |          - * ),97.00, 98.00, 99.00, 99.00, 99.00
   8 , k_3_0.01_13_wicket_pca ,    9900  ,   100 (               |          - * ),97.00, 98.00, 99.00, 99.00, 100.00
   8 , k_3_0_9_wicket_2 ,    9900  ,   100 (               |            * ),98.00, 98.00, 99.00, 99.00, 100.00
   8 , k_3_0.1_13_wicket_kd ,    9900  ,   100 (               |            * ),98.00, 98.00, 99.00, 99.00, 99.00
   8 , k_3_0.1_5_wicket_2 ,    9900  ,     0 (               |           -* ),98.00, 99.00, 99.00, 99.00, 100.00
   8 , k_3_0.2_13_wicket_rp ,    9900  ,   100 (               |            * ),98.00, 98.00, 99.00, 99.00, 100.00
   8 , k_3_0.01_7_wicket_2 ,    9900  ,   100 (               |          - * ),97.00, 98.00, 99.00, 99.00, 99.00
   8 , k_3_0.25_5_wicket_2 ,    9900  ,   100 (               |            * ),98.00, 98.00, 99.00, 99.00, 100.00
   8 , k_3_0.01_13_wicket_rp ,    9900  ,   100 (               |          - * ),97.00, 98.00, 99.00, 99.00, 100.00
   8 , k_3_0.2_7_wicket_kd ,    9900  ,   100 (               |            * ),98.00, 98.00, 99.00, 99.00, 100.00
   8 , k_3_0.05_7_wicket_kd ,    9900  ,   100 (               |            * ),98.00, 98.00, 99.00, 99.00, 100.00
   8 , k_3_0.2_7_wicket_2 ,    9900  ,   100 (               |            * ),98.00, 98.00, 99.00, 99.00, 99.00
   8 , k_3_0.15_5_wicket_rp ,    9900  ,     0 (               |           -* ),98.00, 99.00, 99.00, 99.00, 99.00
   8 , k_3_0.25_5_wicket_where ,    9900  ,   100 (               |          - * ),97.00, 98.00, 99.00, 99.00, 100.00
   8 , k_3_0.2_5_wicket_where ,    9900  ,   200 (               |          - * ),97.00, 98.00, 99.00, 99.00, 100.00
   8 , k_3_0.01_7_wicket_pca ,    9900  ,   100 (               |            * ),98.00, 98.00, 99.00, 99.00, 100.00
   8 , k_3_0.05_13_wicket_2 ,    9900  ,   100 (               |          - * ),97.00, 98.00, 99.00, 99.00, 99.00
   8 , k_3_0.25_5_wicket_random ,    9900  ,   100 (               |            * ),98.00, 98.00, 99.00, 99.00, 99.00
