rank ,         name ,    med   ,  iqr 
----------------------------------------------------
   1 , k_3_0.25_9_wicket_entropic ,    7500  ,   400 (    -- * ---   |              ),72.00, 74.00, 75.00, 77.00, 81.00
   1 , k_3_0.15_7_wicket_entropic ,    7500  ,   500 (  ---- *--     |              ),70.00, 74.00, 75.00, 76.00, 79.00
   1 , k_3_0_9_wicket_entropic ,    7500  ,   300 (  -----*       |              ),70.00, 75.00, 75.00, 77.00, 78.00
   1 , k_3_0.1_13_wicket_entropic ,    7600  ,   500 ( ----   *--    |              ),69.00, 73.00, 76.00, 77.00, 80.00
   1 , k_3_0.01_13_wicket_entropic ,    7600  ,   400 (     -- * --   |              ),73.00, 75.00, 76.00, 79.00, 81.00
   1 , k_3_0.2_13_wicket_entropic ,    7600  ,   500 (    -   *---   |              ),72.00, 73.00, 76.00, 78.00, 81.00
   1 , k_3_0_13_wicket_entropic ,    7600  ,   500 (     -- *---   |              ),73.00, 75.00, 76.00, 78.00, 81.00
   1 , k_3_0.05_9_wicket_entropic ,    7600  ,   500 (    --  *--    |              ),72.00, 74.00, 76.00, 78.00, 80.00
   1 , k_3_0.15_9_wicket_entropic ,    7600  ,   400 (   ---  *--    |              ),71.00, 74.00, 76.00, 77.00, 80.00
   2 , k_3_0.25_11_wicket_entropic ,    7700  ,   400 (     -   *--   |              ),73.00, 74.00, 77.00, 78.00, 81.00
   2 , k_3_0_11_wicket_entropic ,    7700  ,   500 (      -  *-    |              ),74.00, 75.00, 77.00, 79.00, 80.00
   2 , k_3_0.2_5_wicket_entropic ,    7700  ,   600 (    ---  * --  |              ),72.00, 75.00, 77.00, 80.00, 82.00
   2 , k_3_0.15_5_wicket_entropic ,    7700  ,   300 (    ---- *---  |              ),72.00, 76.00, 77.00, 79.00, 82.00
   2 , k_3_0.05_11_wicket_entropic ,    7700  ,   600 (    ---- *  ---|              ),72.00, 76.00, 77.00, 81.00, 84.00
   2 , k_3_0_5_wicket_entropic ,    7700  ,   600 (    ---  *---  |              ),72.00, 75.00, 77.00, 79.00, 82.00
   2 , k_3_0.05_7_wicket_entropic ,    7800  ,   600 (    ---  * --- |              ),72.00, 75.00, 78.00, 80.00, 83.00
   2 , k_3_0.15_11_wicket_entropic ,    7800  ,   600 (     --  * --  |              ),73.00, 75.00, 78.00, 80.00, 82.00
   2 , k_3_0.01_5_wicket_entropic ,    7800  ,   500 (    ---  *--   |              ),72.00, 75.00, 78.00, 79.00, 81.00
   2 , k_3_0.1_9_wicket_entropic ,    7800  ,   400 (      -- * -   |              ),74.00, 76.00, 78.00, 80.00, 81.00
   2 , k_3_0.01_11_wicket_entropic ,    7800  ,   400 (     --- *---  |              ),73.00, 76.00, 78.00, 79.00, 82.00
   2 , k_3_0.01_7_wicket_entropic ,    7800  ,   500 (      -  *---- |              ),74.00, 75.00, 78.00, 78.00, 83.00
   2 , k_3_0.05_5_wicket_entropic ,    7800  ,   400 (       - *--   |              ),75.00, 76.00, 78.00, 79.00, 81.00
   2 , k_3_0.1_7_wicket_entropic ,    7800  ,   400 (    ---- * --  |              ),72.00, 76.00, 78.00, 80.00, 82.00
   2 , k_3_0.1_11_wicket_entropic ,    7800  ,   500 (     --- * ----|              ),73.00, 76.00, 78.00, 80.00, 84.00
   2 , k_3_0.05_13_wicket_entropic ,    7800  ,   500 (     --  * --- |              ),73.00, 75.00, 78.00, 80.00, 83.00
   3 , k_3_0.2_9_wicket_entropic ,    7900  ,   600 (     ---  *--  |              ),73.00, 76.00, 79.00, 80.00, 82.00
   3 , k_3_0.01_9_wicket_entropic ,    7900  ,   400 (      --  *----|              ),74.00, 76.00, 79.00, 80.00, 85.00
   3 , k_3_0_7_wicket_entropic ,    7900  ,   200 (      --- *--  |              ),74.00, 78.00, 79.00, 80.00, 82.00
   3 , k_3_0.25_5_wicket_entropic ,    7900  ,   300 (       -- *--  |              ),75.00, 77.00, 79.00, 80.00, 82.00
   3 , k_3_0.1_5_wicket_entropic ,    7900  ,   600 (     ---- * ---|              ),73.00, 78.00, 79.00, 81.00, 85.00
   3 , k_3_0.25_13_wicket_entropic ,    8000  ,   400 (      ---  * - |              ),74.00, 78.00, 80.00, 82.00, 83.00
   3 , k_3_0.2_7_wicket_entropic ,    8000  ,   500 (     ----  *-  |              ),73.00, 77.00, 80.00, 80.00, 82.00
   3 , k_3_0.15_13_wicket_entropic ,    8000  ,   700 (       --  * --|              ),75.00, 77.00, 80.00, 82.00, 84.00
   3 , k_3_0.2_11_wicket_entropic ,    8100  ,   600 (        -   *--|-             ),76.00, 78.00, 81.00, 82.00, 86.00
   4 , k_3_0.25_7_wicket_entropic ,    8500  ,   400 (            -- |*--           ),81.00, 83.00, 85.00, 86.00, 89.00
   5 , k_3_0.01_11_wicket_where ,    9700  ,   100 (               |           *  ),97.00, 97.00, 97.00, 98.00, 98.00
   5 , k_3_0.1_9_wicket_random ,    9700  ,   100 (               |           *  ),97.00, 97.00, 97.00, 98.00, 98.00
   5 , k_3_0.05_9_wicket_spectral ,    9700  ,   100 (               |           *  ),97.00, 97.00, 97.00, 98.00, 98.00
   5 , k_3_0.01_9_wicket_spectral ,    9700  ,   100 (               |         --*  ),95.00, 97.00, 97.00, 97.00, 98.00
   5 , k_3_0.05_9_wicket_random ,    9700  ,   100 (               |          -*  ),96.00, 97.00, 97.00, 98.00, 98.00
   5 , k_3_0.1_13_wicket_spectral ,    9700  ,   200 (               |          -*  ),96.00, 97.00, 97.00, 98.00, 98.00
   5 , k_3_0_9_wicket_random ,    9700  ,   100 (               |           *  ),97.00, 97.00, 97.00, 98.00, 98.00
   5 , k_3_0_11_wicket_spectral ,    9700  ,   100 (               |           *  ),97.00, 97.00, 97.00, 97.00, 98.00
   5 , k_3_0_11_wicket_random ,    9700  ,   100 (               |          -*  ),96.00, 97.00, 97.00, 98.00, 98.00
   5 , k_3_0.05_11_wicket_spectral ,    9700  ,   100 (               |           *  ),97.00, 97.00, 97.00, 98.00, 98.00
   5 , k_3_0_5_wicket_spectral ,    9700  ,   200 (               |          -*  ),96.00, 97.00, 97.00, 98.00, 98.00
   5 , k_3_0.1_11_wicket_spectral ,    9700  ,   200 (               |         --*  ),95.00, 97.00, 97.00, 97.00, 98.00
   5 , k_3_0.01_11_wicket_random ,    9700  ,   100 (               |           *  ),97.00, 97.00, 97.00, 98.00, 98.00
   5 , k_3_0.05_7_wicket_where ,    9700  ,   100 (               |          -*  ),96.00, 97.00, 97.00, 98.00, 98.00
   5 , k_3_0.1_7_wicket_spectral ,    9700  ,   100 (               |         --*  ),95.00, 97.00, 97.00, 98.00, 98.00
   5 , k_3_0.15_13_wicket_spectral ,    9700  ,   100 (               |          -*  ),96.00, 97.00, 97.00, 98.00, 98.00
   5 , k_3_0.1_5_wicket_spectral ,    9700  ,   100 (               |          -*  ),96.00, 97.00, 97.00, 98.00, 98.00
   5 , k_3_0.01_5_wicket_random ,    9700  ,   100 (               |          -*  ),96.00, 97.00, 97.00, 98.00, 98.00
   5 , k_3_0.01_7_wicket_spectral ,    9700  ,   100 (               |         --*  ),95.00, 97.00, 97.00, 98.00, 98.00
   5 , k_3_0.1_9_wicket_spectral ,    9700  ,   200 (               |         --*  ),95.00, 97.00, 97.00, 98.00, 98.00
   5 , k_3_0.1_11_wicket_where ,    9700  ,   100 (               |          -*  ),96.00, 97.00, 97.00, 98.00, 98.00
   5 , k_3_0_7_wicket_spectral ,    9700  ,   100 (               |         --*  ),95.00, 97.00, 97.00, 98.00, 98.00
   5 , k_3_0.15_7_wicket_spectral ,    9700  ,   100 (               |           *  ),97.00, 97.00, 97.00, 98.00, 98.00
   5 , k_3_0_11_wicket_where ,    9700  ,   100 (               |          -*  ),96.00, 97.00, 97.00, 98.00, 98.00
   6 , k_3_0.01_5_wicket_where ,    9800  ,   100 (               |           -* ),97.00, 98.00, 98.00, 98.00, 98.00
   6 , k_3_0.01_11_wicket_rp ,    9800  ,     0 (               |           -* ),97.00, 98.00, 98.00, 98.00, 98.00
   6 , k_3_0.25_11_wicket_pca ,    9800  ,     0 (               |           -* ),97.00, 98.00, 98.00, 98.00, 99.00
   6 , k_3_0.2_9_wicket_2 ,    9800  ,     0 (               |           -* ),97.00, 98.00, 98.00, 98.00, 99.00
   6 , k_3_0_9_wicket_kd ,    9800  ,     0 (               |            * ),98.00, 98.00, 98.00, 98.00, 99.00
   6 , k_3_0.2_7_wicket_random ,    9800  ,   100 (               |            * ),97.00, 97.00, 98.00, 98.00, 98.00
   6 , k_3_0.2_7_wicket_rp ,    9800  ,     0 (               |           -* ),97.00, 98.00, 98.00, 98.00, 99.00
   6 , k_3_0_9_wicket_rp ,    9800  ,     0 (               |           -* ),97.00, 98.00, 98.00, 98.00, 98.00
   6 , k_3_0.05_9_wicket_kd ,    9800  ,     0 (               |           -* ),97.00, 98.00, 98.00, 98.00, 99.00
   6 , k_3_0_13_wicket_rp ,    9800  ,     0 (               |            * ),98.00, 98.00, 98.00, 98.00, 98.00
   6 , k_3_0.1_11_wicket_random ,    9800  ,     0 (               |           -* ),97.00, 98.00, 98.00, 98.00, 98.00
   6 , k_3_0.05_11_wicket_2 ,    9800  ,     0 (               |           -* ),97.00, 98.00, 98.00, 98.00, 98.00
   6 , k_3_0.15_7_wicket_kd ,    9800  ,     0 (               |           -* ),97.00, 98.00, 98.00, 98.00, 98.00
   6 , k_3_0.05_13_wicket_random ,    9800  ,   100 (               |           -* ),97.00, 98.00, 98.00, 98.00, 98.00
   6 , k_3_0_13_wicket_random ,    9800  ,   100 (               |          - * ),96.00, 97.00, 98.00, 98.00, 98.00
   6 , k_3_0.2_11_wicket_spectral ,    9800  ,   100 (               |            * ),97.00, 97.00, 98.00, 98.00, 99.00
   6 , k_3_0.01_5_wicket_rp ,    9800  ,     0 (               |           -* ),97.00, 98.00, 98.00, 98.00, 98.00
   6 , k_3_0.1_7_wicket_random ,    9800  ,   100 (               |           -* ),97.00, 98.00, 98.00, 98.00, 99.00
   6 , k_3_0.2_5_wicket_random ,    9800  ,     0 (               |           -* ),97.00, 98.00, 98.00, 98.00, 99.00
   6 , k_3_0.05_11_wicket_random ,    9800  ,   100 (               |          - * ),96.00, 97.00, 98.00, 98.00, 98.00
   6 , k_3_0.25_9_wicket_spectral ,    9800  ,   100 (               |          - * ),96.00, 97.00, 98.00, 98.00, 98.00
   6 , k_3_0.1_7_wicket_where ,    9800  ,   100 (               |          - * ),96.00, 97.00, 98.00, 98.00, 98.00
   6 , k_3_0.15_11_wicket_pca ,    9800  ,     0 (               |           -* ),97.00, 98.00, 98.00, 98.00, 99.00
   6 , k_3_0.05_5_wicket_kd ,    9800  ,     0 (               |            * ),98.00, 98.00, 98.00, 98.00, 98.00
   6 , k_3_0.01_7_wicket_random ,    9800  ,   100 (               |         -- * ),95.00, 97.00, 98.00, 98.00, 98.00
   6 , k_3_0.25_7_wicket_pca ,    9800  ,     0 (               |           -* ),97.00, 98.00, 98.00, 98.00, 99.00
   6 , k_3_0.25_9_wicket_2 ,    9800  ,     0 (               |           -* ),97.00, 98.00, 98.00, 98.00, 99.00
   6 , k_3_0.1_13_wicket_rp ,    9800  ,     0 (               |           -* ),97.00, 98.00, 98.00, 98.00, 98.00
   6 , k_3_0.25_11_wicket_kd ,    9800  ,     0 (               |            * ),98.00, 98.00, 98.00, 98.00, 98.00
   6 , k_3_0.05_7_wicket_random ,    9800  ,     0 (               |           -* ),97.00, 98.00, 98.00, 98.00, 98.00
   6 , k_3_0.01_5_wicket_2 ,    9800  ,     0 (               |           -* ),97.00, 98.00, 98.00, 98.00, 99.00
   6 , k_3_0.05_9_wicket_rp ,    9800  ,     0 (               |           -* ),97.00, 98.00, 98.00, 98.00, 99.00
   6 , k_3_0.05_5_wicket_2 ,    9800  ,     0 (               |           -* ),97.00, 98.00, 98.00, 98.00, 99.00
   6 , k_3_0.05_11_wicket_where ,    9800  ,   100 (               |            * ),97.00, 97.00, 98.00, 98.00, 98.00
   6 , k_3_0.1_7_wicket_2 ,    9800  ,     0 (               |           -* ),97.00, 98.00, 98.00, 98.00, 99.00
   6 , k_3_0.05_11_wicket_pca ,    9800  ,     0 (               |           -* ),97.00, 98.00, 98.00, 98.00, 98.00
   6 , k_3_0.15_9_wicket_2 ,    9800  ,     0 (               |            * ),98.00, 98.00, 98.00, 98.00, 99.00
   6 , k_3_0.2_13_wicket_pca ,    9800  ,     0 (               |           -* ),97.00, 98.00, 98.00, 98.00, 99.00
   6 , k_3_0.15_9_wicket_random ,    9800  ,   100 (               |            * ),97.00, 97.00, 98.00, 98.00, 99.00
   6 , k_3_0.01_11_wicket_kd ,    9800  ,     0 (               |           -* ),97.00, 98.00, 98.00, 98.00, 98.00
   6 , k_3_0.15_5_wicket_2 ,    9800  ,     0 (               |           -* ),97.00, 98.00, 98.00, 98.00, 98.00
   6 , k_3_0.01_5_wicket_pca ,    9800  ,     0 (               |           -* ),97.00, 98.00, 98.00, 98.00, 98.00
   6 , k_3_0.15_13_wicket_rp ,    9800  ,   200 (               |           -* ),97.00, 98.00, 98.00, 98.00, 99.00
   6 , k_3_0_13_wicket_spectral ,    9800  ,   100 (               |          - * ),96.00, 97.00, 98.00, 98.00, 98.00
   6 , k_3_0.05_5_wicket_rp ,    9800  ,     0 (               |            * ),98.00, 98.00, 98.00, 98.00, 99.00
   6 , k_3_0.2_7_wicket_where ,    9800  ,     0 (               |           -* ),97.00, 98.00, 98.00, 98.00, 98.00
   6 , k_3_0.05_5_wicket_random ,    9800  ,     0 (               |          --* ),96.00, 98.00, 98.00, 98.00, 98.00
   6 , k_3_0.25_11_wicket_random ,    9800  ,     0 (               |           -* ),97.00, 98.00, 98.00, 98.00, 98.00
   6 , k_3_0_5_wicket_where ,    9800  ,   100 (               |            * ),97.00, 97.00, 98.00, 98.00, 98.00
   6 , k_3_0.15_13_wicket_kd ,    9800  ,     0 (               |            * ),98.00, 98.00, 98.00, 98.00, 99.00
   6 , k_3_0.2_5_wicket_spectral ,    9800  ,   100 (               |            * ),97.00, 97.00, 98.00, 98.00, 98.00
   6 , k_3_0.1_13_wicket_pca ,    9800  ,     0 (               |           -* ),97.00, 98.00, 98.00, 98.00, 99.00
   6 , k_3_0.15_13_wicket_pca ,    9800  ,     0 (               |            * ),98.00, 98.00, 98.00, 98.00, 99.00
   6 , k_3_0.15_7_wicket_pca ,    9800  ,     0 (               |            * ),98.00, 98.00, 98.00, 98.00, 99.00
   6 , k_3_0.15_9_wicket_kd ,    9800  ,     0 (               |           -* ),97.00, 98.00, 98.00, 98.00, 98.00
   6 , k_3_0.01_7_wicket_rp ,    9800  ,     0 (               |           -* ),97.00, 98.00, 98.00, 98.00, 98.00
   6 , k_3_0.1_11_wicket_rp ,    9800  ,     0 (               |            * ),98.00, 98.00, 98.00, 98.00, 98.00
   6 , k_3_0.25_7_wicket_rp ,    9800  ,     0 (               |            * ),98.00, 98.00, 98.00, 98.00, 98.00
   6 , k_3_0.25_7_wicket_random ,    9800  ,   100 (               |            * ),97.00, 97.00, 98.00, 98.00, 98.00
   6 , k_3_0.15_9_wicket_spectral ,    9800  ,   100 (               |          - * ),96.00, 97.00, 98.00, 98.00, 98.00
   6 , k_3_0.25_13_wicket_random ,    9800  ,     0 (               |           -* ),97.00, 98.00, 98.00, 98.00, 98.00
   6 , k_3_0.25_11_wicket_rp ,    9800  ,     0 (               |            * ),98.00, 98.00, 98.00, 98.00, 99.00
   6 , k_3_0.25_7_wicket_2 ,    9800  ,     0 (               |            * ),98.00, 98.00, 98.00, 98.00, 98.00
   6 , k_3_0.15_5_wicket_where ,    9800  ,   100 (               |            * ),97.00, 97.00, 98.00, 98.00, 98.00
   6 , k_3_0.1_13_wicket_where ,    9800  ,   100 (               |           -* ),97.00, 98.00, 98.00, 98.00, 98.00
   6 , k_3_0.1_13_wicket_2 ,    9800  ,     0 (               |            * ),98.00, 98.00, 98.00, 98.00, 98.00
   6 , k_3_0.15_5_wicket_pca ,    9800  ,     0 (               |            * ),98.00, 98.00, 98.00, 98.00, 98.00
   6 , k_3_0.05_13_wicket_spectral ,    9800  ,   100 (               |            * ),97.00, 97.00, 98.00, 98.00, 98.00
   6 , k_3_0.25_9_wicket_random ,    9800  ,     0 (               |           -* ),97.00, 98.00, 98.00, 98.00, 99.00
   6 , k_3_0.15_7_wicket_rp ,    9800  ,     0 (               |           -* ),97.00, 98.00, 98.00, 98.00, 99.00
   6 , k_3_0.1_5_wicket_pca ,    9800  ,     0 (               |           -* ),97.00, 98.00, 98.00, 98.00, 99.00
   6 , k_3_0.15_13_wicket_where ,    9800  ,     0 (               |           -* ),97.00, 98.00, 98.00, 98.00, 98.00
   6 , k_3_0.05_9_wicket_where ,    9800  ,   100 (               |            * ),97.00, 97.00, 98.00, 98.00, 98.00
   6 , k_3_0_5_wicket_2 ,    9800  ,     0 (               |           -* ),97.00, 98.00, 98.00, 98.00, 99.00
   6 , k_3_0.15_9_wicket_pca ,    9800  ,     0 (               |           -* ),97.00, 98.00, 98.00, 98.00, 98.00
   6 , k_3_0.25_11_wicket_2 ,    9800  ,     0 (               |            * ),98.00, 98.00, 98.00, 98.00, 99.00
   6 , k_3_0.1_13_wicket_random ,    9800  ,   100 (               |          - * ),96.00, 97.00, 98.00, 98.00, 98.00
   6 , k_3_0.2_9_wicket_rp ,    9800  ,     0 (               |           -* ),97.00, 98.00, 98.00, 98.00, 98.00
   6 , k_3_0_7_wicket_kd ,    9800  ,     0 (               |           -* ),97.00, 98.00, 98.00, 98.00, 98.00
   6 , k_3_0.05_13_wicket_rp ,    9800  ,     0 (               |            * ),98.00, 98.00, 98.00, 98.00, 99.00
   6 , k_3_0.2_7_wicket_pca ,    9800  ,     0 (               |           -* ),97.00, 98.00, 98.00, 98.00, 99.00
   6 , k_3_0_9_wicket_spectral ,    9800  ,   100 (               |         -- * ),95.00, 97.00, 98.00, 98.00, 98.00
   6 , k_3_0.1_7_wicket_rp ,    9800  ,     0 (               |           -* ),97.00, 98.00, 98.00, 98.00, 98.00
   6 , k_3_0.1_9_wicket_2 ,    9800  ,     0 (               |           -* ),97.00, 98.00, 98.00, 98.00, 99.00
   6 , k_3_0_5_wicket_pca ,    9800  ,     0 (               |           -* ),97.00, 98.00, 98.00, 98.00, 99.00
   6 , k_3_0.25_11_wicket_where ,    9800  ,   100 (               |           -* ),97.00, 98.00, 98.00, 98.00, 99.00
   6 , k_3_0.25_13_wicket_pca ,    9800  ,     0 (               |            * ),98.00, 98.00, 98.00, 98.00, 99.00
   6 , k_3_0.05_7_wicket_2 ,    9800  ,     0 (               |           -* ),97.00, 98.00, 98.00, 98.00, 98.00
   6 , k_3_0.1_7_wicket_kd ,    9800  ,     0 (               |           -* ),97.00, 98.00, 98.00, 98.00, 99.00
   6 , k_3_0.01_13_wicket_2 ,    9800  ,     0 (               |           -* ),97.00, 98.00, 98.00, 98.00, 98.00
   6 , k_3_0.25_5_wicket_kd ,    9800  ,     0 (               |            * ),98.00, 98.00, 98.00, 98.00, 99.00
   6 , k_3_0.15_11_wicket_2 ,    9800  ,     0 (               |           -* ),97.00, 98.00, 98.00, 98.00, 99.00
   6 , k_3_0.2_13_wicket_2 ,    9800  ,     0 (               |           -* ),97.00, 98.00, 98.00, 98.00, 98.00
   6 , k_3_0.2_9_wicket_pca ,    9800  ,     0 (               |            * ),98.00, 98.00, 98.00, 98.00, 99.00
   6 , k_3_0.2_7_wicket_spectral ,    9800  ,   100 (               |            * ),97.00, 97.00, 98.00, 98.00, 98.00
   6 , k_3_0.15_5_wicket_spectral ,    9800  ,   100 (               |            * ),97.00, 97.00, 98.00, 98.00, 98.00
   6 , k_3_0.1_9_wicket_where ,    9800  ,     0 (               |           -* ),97.00, 98.00, 98.00, 98.00, 99.00
   6 , k_3_0.05_13_wicket_kd ,    9800  ,     0 (               |           -* ),97.00, 98.00, 98.00, 98.00, 99.00
   6 , k_3_0_7_wicket_2 ,    9800  ,     0 (               |           -* ),97.00, 98.00, 98.00, 98.00, 99.00
   6 , k_3_0.25_9_wicket_rp ,    9800  ,     0 (               |           -* ),97.00, 98.00, 98.00, 98.00, 98.00
   6 , k_3_0.25_9_wicket_pca ,    9800  ,     0 (               |           -* ),97.00, 98.00, 98.00, 98.00, 99.00
   6 , k_3_0.05_7_wicket_spectral ,    9800  ,   100 (               |            * ),97.00, 97.00, 98.00, 98.00, 98.00
   6 , k_3_0.2_13_wicket_spectral ,    9800  ,     0 (               |           -* ),97.00, 98.00, 98.00, 98.00, 99.00
   6 , k_3_0.1_5_wicket_rp ,    9800  ,     0 (               |           -* ),97.00, 98.00, 98.00, 98.00, 99.00
   6 , k_3_0.01_9_wicket_where ,    9800  ,   100 (               |         -- * ),95.00, 97.00, 98.00, 98.00, 98.00
   6 , k_3_0.25_5_wicket_pca ,    9800  ,     0 (               |           -* ),97.00, 98.00, 98.00, 98.00, 99.00
   6 , k_3_0_7_wicket_random ,    9800  ,   100 (               |            * ),97.00, 97.00, 98.00, 98.00, 98.00
   6 , k_3_0.15_7_wicket_2 ,    9800  ,     0 (               |            * ),98.00, 98.00, 98.00, 98.00, 99.00
   6 , k_3_0.1_5_wicket_kd ,    9800  ,     0 (               |           -* ),97.00, 98.00, 98.00, 98.00, 98.00
   6 , k_3_0.15_11_wicket_rp ,    9800  ,     0 (               |            * ),98.00, 98.00, 98.00, 98.00, 99.00
   6 , k_3_0.01_7_wicket_kd ,    9800  ,   100 (               |           -* ),97.00, 98.00, 98.00, 98.00, 98.00
   6 , k_3_0.05_9_wicket_pca ,    9800  ,     0 (               |            * ),98.00, 98.00, 98.00, 98.00, 98.00
   6 , k_3_0.15_9_wicket_where ,    9800  ,   100 (               |           -* ),97.00, 98.00, 98.00, 98.00, 98.00
   6 , k_3_0.1_5_wicket_where ,    9800  ,     0 (               |           -* ),97.00, 98.00, 98.00, 98.00, 98.00
   6 , k_3_0_11_wicket_rp ,    9800  ,     0 (               |           -* ),97.00, 98.00, 98.00, 98.00, 98.00
   6 , k_3_0.1_9_wicket_pca ,    9800  ,     0 (               |            * ),98.00, 98.00, 98.00, 98.00, 99.00
   6 , k_3_0.15_11_wicket_random ,    9800  ,     0 (               |           -* ),97.00, 98.00, 98.00, 98.00, 98.00
   6 , k_3_0.05_5_wicket_where ,    9800  ,   100 (               |          - * ),96.00, 97.00, 98.00, 98.00, 98.00
   6 , k_3_0.25_5_wicket_rp ,    9800  ,     0 (               |           -* ),97.00, 98.00, 98.00, 98.00, 98.00
   6 , k_3_0_13_wicket_2 ,    9800  ,     0 (               |           -* ),97.00, 98.00, 98.00, 98.00, 99.00
   6 , k_3_0.15_13_wicket_random ,    9800  ,   100 (               |            * ),97.00, 97.00, 98.00, 98.00, 98.00
   6 , k_3_0.2_13_wicket_random ,    9800  ,   100 (               |           -* ),97.00, 98.00, 98.00, 98.00, 99.00
   6 , k_3_0.01_13_wicket_where ,    9800  ,   100 (               |            * ),97.00, 97.00, 98.00, 98.00, 98.00
   6 , k_3_0.2_5_wicket_kd ,    9800  ,   100 (               |           -* ),97.00, 98.00, 98.00, 98.00, 99.00
   6 , k_3_0_5_wicket_random ,    9800  ,   100 (               |            * ),97.00, 97.00, 98.00, 98.00, 98.00
   6 , k_3_0.1_11_wicket_pca ,    9800  ,     0 (               |            * ),98.00, 98.00, 98.00, 98.00, 99.00
   6 , k_3_0.05_13_wicket_pca ,    9800  ,     0 (               |            * ),98.00, 98.00, 98.00, 98.00, 99.00
   6 , k_3_0.15_11_wicket_kd ,    9800  ,     0 (               |           -* ),97.00, 98.00, 98.00, 98.00, 99.00
   6 , k_3_0.25_13_wicket_2 ,    9800  ,     0 (               |            * ),98.00, 98.00, 98.00, 98.00, 100.00
   6 , k_3_0.2_9_wicket_kd ,    9800  ,     0 (               |            * ),98.00, 98.00, 98.00, 98.00, 98.00
   6 , k_3_0.05_7_wicket_pca ,    9800  ,     0 (               |            * ),98.00, 98.00, 98.00, 98.00, 99.00
   6 , k_3_0.01_13_wicket_kd ,    9800  ,     0 (               |           -* ),97.00, 98.00, 98.00, 98.00, 99.00
   6 , k_3_0.2_9_wicket_random ,    9800  ,     0 (               |           -* ),97.00, 98.00, 98.00, 98.00, 98.00
   6 , k_3_0.2_11_wicket_rp ,    9800  ,     0 (               |            * ),98.00, 98.00, 98.00, 98.00, 98.00
   6 , k_3_0_9_wicket_pca ,    9800  ,     0 (               |           -* ),97.00, 98.00, 98.00, 98.00, 99.00
   6 , k_3_0.1_7_wicket_pca ,    9800  ,     0 (               |           -* ),97.00, 98.00, 98.00, 98.00, 99.00
   6 , k_3_0_13_wicket_where ,    9800  ,   100 (               |          - * ),96.00, 97.00, 98.00, 98.00, 98.00
   6 , k_3_0.2_11_wicket_2 ,    9800  ,     0 (               |            * ),98.00, 98.00, 98.00, 98.00, 99.00
   6 , k_3_0_7_wicket_rp ,    9800  ,     0 (               |           -* ),97.00, 98.00, 98.00, 98.00, 98.00
   6 , k_3_0.25_13_wicket_rp ,    9800  ,     0 (               |            * ),98.00, 98.00, 98.00, 98.00, 99.00
   6 , k_3_0_9_wicket_where ,    9800  ,   100 (               |            * ),97.00, 97.00, 98.00, 98.00, 98.00
   6 , k_3_0.15_9_wicket_rp ,    9800  ,     0 (               |           -* ),97.00, 98.00, 98.00, 98.00, 99.00
   6 , k_3_0.25_9_wicket_kd ,    9800  ,     0 (               |           -* ),97.00, 98.00, 98.00, 98.00, 98.00
   6 , k_3_0_13_wicket_pca ,    9800  ,     0 (               |            * ),98.00, 98.00, 98.00, 98.00, 98.00
   6 , k_3_0_5_wicket_kd ,    9800  ,     0 (               |           -* ),97.00, 98.00, 98.00, 98.00, 99.00
   6 , k_3_0_11_wicket_pca ,    9800  ,     0 (               |           -* ),97.00, 98.00, 98.00, 98.00, 98.00
   6 , k_3_0.01_11_wicket_2 ,    9800  ,     0 (               |           -* ),97.00, 98.00, 98.00, 98.00, 98.00
   6 , k_3_0.05_7_wicket_rp ,    9800  ,   100 (               |           -* ),97.00, 98.00, 98.00, 98.00, 99.00
   6 , k_3_0.2_5_wicket_pca ,    9800  ,     0 (               |            * ),98.00, 98.00, 98.00, 98.00, 99.00
   6 , k_3_0_7_wicket_where ,    9800  ,   100 (               |           -* ),97.00, 98.00, 98.00, 98.00, 98.00
   6 , k_3_0.01_11_wicket_pca ,    9800  ,     0 (               |            * ),98.00, 98.00, 98.00, 98.00, 99.00
   6 , k_3_0.01_11_wicket_spectral ,    9800  ,   100 (               |            * ),97.00, 97.00, 98.00, 98.00, 98.00
   6 , k_3_0.05_9_wicket_2 ,    9800  ,     0 (               |            * ),98.00, 98.00, 98.00, 98.00, 98.00
   6 , k_3_0.05_5_wicket_spectral ,    9800  ,   100 (               |          - * ),96.00, 97.00, 98.00, 98.00, 98.00
   6 , k_3_0.2_5_wicket_2 ,    9800  ,     0 (               |            * ),98.00, 98.00, 98.00, 98.00, 99.00
   6 , k_3_0.05_11_wicket_rp ,    9800  ,   100 (               |           -* ),97.00, 98.00, 98.00, 98.00, 98.00
   6 , k_3_0.25_7_wicket_spectral ,    9800  ,   100 (               |          --* ),96.00, 98.00, 98.00, 98.00, 99.00
   6 , k_3_0.05_13_wicket_where ,    9800  ,   100 (               |           -* ),97.00, 98.00, 98.00, 98.00, 98.00
   6 , k_3_0.2_11_wicket_kd ,    9800  ,     0 (               |           -* ),97.00, 98.00, 98.00, 98.00, 98.00
   6 , k_3_0.15_11_wicket_where ,    9800  ,   100 (               |            * ),97.00, 97.00, 98.00, 98.00, 98.00
   6 , k_3_0.25_13_wicket_where ,    9800  ,   100 (               |           -* ),97.00, 98.00, 98.00, 98.00, 98.00
   6 , k_3_0_7_wicket_pca ,    9800  ,     0 (               |            * ),98.00, 98.00, 98.00, 98.00, 98.00
   6 , k_3_0.25_9_wicket_where ,    9800  ,   100 (               |           -* ),97.00, 98.00, 98.00, 98.00, 98.00
   6 , k_3_0.05_11_wicket_kd ,    9800  ,     0 (               |           -* ),97.00, 98.00, 98.00, 98.00, 98.00
   6 , k_3_0.01_13_wicket_random ,    9800  ,   100 (               |            * ),97.00, 97.00, 98.00, 98.00, 98.00
   6 , k_3_0.15_5_wicket_kd ,    9800  ,     0 (               |           -* ),97.00, 98.00, 98.00, 98.00, 99.00
   6 , k_3_0.25_13_wicket_kd ,    9800  ,     0 (               |           -* ),97.00, 98.00, 98.00, 98.00, 99.00
   6 , k_3_0.25_7_wicket_kd ,    9800  ,     0 (               |            * ),98.00, 98.00, 98.00, 98.00, 98.00
   6 , k_3_0.2_13_wicket_where ,    9800  ,   100 (               |           -* ),97.00, 98.00, 98.00, 98.00, 98.00
   6 , k_3_0.1_5_wicket_random ,    9800  ,   100 (               |          - * ),96.00, 97.00, 98.00, 98.00, 98.00
   6 , k_3_0.15_7_wicket_random ,    9800  ,   100 (               |            * ),97.00, 97.00, 98.00, 98.00, 98.00
   6 , k_3_0.01_9_wicket_kd ,    9800  ,     0 (               |           -* ),97.00, 98.00, 98.00, 98.00, 99.00
   6 , k_3_0_13_wicket_kd ,    9800  ,     0 (               |           -* ),97.00, 98.00, 98.00, 98.00, 98.00
   6 , k_3_0.01_7_wicket_where ,    9800  ,   100 (               |          - * ),96.00, 97.00, 98.00, 98.00, 98.00
   6 , k_3_0.15_7_wicket_where ,    9800  ,   100 (               |            * ),97.00, 97.00, 98.00, 98.00, 98.00
   6 , k_3_0.1_9_wicket_rp ,    9800  ,     0 (               |           -* ),97.00, 98.00, 98.00, 98.00, 100.00
   6 , k_3_0.1_9_wicket_kd ,    9800  ,     0 (               |            * ),98.00, 98.00, 98.00, 98.00, 98.00
   6 , k_3_0.2_9_wicket_spectral ,    9800  ,   100 (               |            * ),97.00, 97.00, 98.00, 98.00, 98.00
   6 , k_3_0.25_5_wicket_spectral ,    9800  ,     0 (               |           -* ),97.00, 98.00, 98.00, 98.00, 98.00
   6 , k_3_0.01_5_wicket_kd ,    9800  ,     0 (               |           -* ),97.00, 98.00, 98.00, 98.00, 98.00
   6 , k_3_0.01_5_wicket_spectral ,    9800  ,   100 (               |          - * ),96.00, 97.00, 98.00, 98.00, 98.00
   6 , k_3_0.1_11_wicket_2 ,    9800  ,     0 (               |            * ),98.00, 98.00, 98.00, 98.00, 98.00
   6 , k_3_0.01_9_wicket_2 ,    9800  ,     0 (               |            * ),98.00, 98.00, 98.00, 98.00, 99.00
   6 , k_3_0.2_11_wicket_pca ,    9800  ,     0 (               |            * ),98.00, 98.00, 98.00, 98.00, 98.00
   6 , k_3_0.25_11_wicket_spectral ,    9800  ,   100 (               |           -* ),97.00, 98.00, 98.00, 98.00, 99.00
   6 , k_3_0.01_9_wicket_pca ,    9800  ,   100 (               |           -* ),97.00, 98.00, 98.00, 98.00, 99.00
   6 , k_3_0.2_13_wicket_kd ,    9800  ,     0 (               |           -* ),97.00, 98.00, 98.00, 98.00, 98.00
   6 , k_3_0_11_wicket_kd ,    9800  ,   100 (               |           -* ),97.00, 98.00, 98.00, 98.00, 98.00
   6 , k_3_0.2_5_wicket_rp ,    9800  ,   100 (               |            * ),98.00, 98.00, 98.00, 99.00, 99.00
   6 , k_3_0.01_9_wicket_rp ,    9800  ,     0 (               |           -* ),97.00, 98.00, 98.00, 98.00, 98.00
   6 , k_3_0.2_11_wicket_where ,    9800  ,   100 (               |           -* ),97.00, 98.00, 98.00, 98.00, 98.00
   6 , k_3_0.01_9_wicket_random ,    9800  ,   100 (               |            * ),97.00, 97.00, 98.00, 98.00, 98.00
   6 , k_3_0.15_5_wicket_random ,    9800  ,   100 (               |            * ),97.00, 97.00, 98.00, 98.00, 98.00
   6 , k_3_0.01_13_wicket_spectral ,    9800  ,   100 (               |         -- * ),95.00, 97.00, 98.00, 98.00, 98.00
   6 , k_3_0.2_11_wicket_random ,    9800  ,   100 (               |           -* ),97.00, 98.00, 98.00, 98.00, 98.00
   6 , k_3_0.01_13_wicket_pca ,    9800  ,     0 (               |           -* ),97.00, 98.00, 98.00, 98.00, 99.00
   6 , k_3_0.25_7_wicket_where ,    9800  ,   100 (               |            * ),97.00, 97.00, 98.00, 98.00, 98.00
   6 , k_3_0.1_11_wicket_kd ,    9800  ,     0 (               |            * ),98.00, 98.00, 98.00, 98.00, 98.00
   6 , k_3_0.25_13_wicket_spectral ,    9800  ,   100 (               |         -- * ),95.00, 97.00, 98.00, 98.00, 98.00
   6 , k_3_0.05_5_wicket_pca ,    9800  ,     0 (               |           -* ),97.00, 98.00, 98.00, 98.00, 98.00
   6 , k_3_0_9_wicket_2 ,    9800  ,     0 (               |            * ),98.00, 98.00, 98.00, 98.00, 99.00
   6 , k_3_0.1_13_wicket_kd ,    9800  ,     0 (               |            * ),98.00, 98.00, 98.00, 98.00, 98.00
   6 , k_3_0.1_5_wicket_2 ,    9800  ,     0 (               |            * ),98.00, 98.00, 98.00, 98.00, 99.00
   6 , k_3_0.2_13_wicket_rp ,    9800  ,     0 (               |            * ),98.00, 98.00, 98.00, 98.00, 99.00
   6 , k_3_0.01_7_wicket_2 ,    9800  ,     0 (               |           -* ),97.00, 98.00, 98.00, 98.00, 98.00
   6 , k_3_0.25_5_wicket_2 ,    9800  ,     0 (               |            * ),98.00, 98.00, 98.00, 98.00, 99.00
   6 , k_3_0_5_wicket_rp ,    9800  ,     0 (               |           -* ),97.00, 98.00, 98.00, 98.00, 98.00
   6 , k_3_0_11_wicket_2 ,    9800  ,     0 (               |           -* ),97.00, 98.00, 98.00, 98.00, 98.00
   6 , k_3_0.01_13_wicket_rp ,    9800  ,     0 (               |           -* ),97.00, 98.00, 98.00, 98.00, 99.00
   6 , k_3_0.2_7_wicket_kd ,    9800  ,     0 (               |            * ),98.00, 98.00, 98.00, 98.00, 99.00
   6 , k_3_0.15_13_wicket_2 ,    9800  ,     0 (               |           -* ),97.00, 98.00, 98.00, 98.00, 99.00
   6 , k_3_0.05_7_wicket_kd ,    9800  ,     0 (               |            * ),98.00, 98.00, 98.00, 98.00, 99.00
   6 , k_3_0.2_7_wicket_2 ,    9800  ,     0 (               |            * ),98.00, 98.00, 98.00, 98.00, 98.00
   6 , k_3_0.2_9_wicket_where ,    9800  ,   100 (               |            * ),97.00, 97.00, 98.00, 98.00, 99.00
   6 , k_3_0.15_5_wicket_rp ,    9800  ,     0 (               |            * ),98.00, 98.00, 98.00, 98.00, 98.00
   6 , k_3_0.25_5_wicket_where ,    9800  ,     0 (               |           -* ),97.00, 98.00, 98.00, 98.00, 99.00
   6 , k_3_0.15_11_wicket_spectral ,    9800  ,   100 (               |            * ),97.00, 97.00, 98.00, 98.00, 98.00
   6 , k_3_0.2_5_wicket_where ,    9800  ,   100 (               |           -* ),97.00, 98.00, 98.00, 98.00, 99.00
   6 , k_3_0.01_7_wicket_pca ,    9800  ,     0 (               |            * ),98.00, 98.00, 98.00, 98.00, 99.00
   6 , k_3_0.05_13_wicket_2 ,    9800  ,     0 (               |           -* ),97.00, 98.00, 98.00, 98.00, 98.00
   6 , k_3_0.25_5_wicket_random ,    9800  ,     0 (               |            * ),98.00, 98.00, 98.00, 98.00, 98.00
