rank ,         name ,    med   ,  iqr 
----------------------------------------------------
   1 , k_3_0.15_5_wicket_pca ,     900  ,  1000 ( - * -         |              ), 5.00,  7.00,  9.00, 16.00, 18.00
   1 , k_3_0.1_13_wicket_pca ,    1000  ,  1100 ( - *----       |              ), 5.00,  8.00, 10.00, 13.00, 26.00
   1 , k_3_0.25_7_wicket_2 ,    1000  ,  1200 ( - * --        |              ), 4.00,  8.00, 10.00, 17.00, 21.00
   1 , k_3_0.2_9_wicket_pca ,    1000  ,   900 ( - *---        |              ), 4.00,  6.00, 10.00, 14.00, 22.00
   1 , k_3_0.2_11_wicket_2 ,    1000  ,  1200 ( - * ---       |              ), 4.00,  7.00, 10.00, 16.00, 24.00
   1 , k_3_0.01_13_wicket_pca ,    1000  ,  1800 ( - *  --       |              ), 4.00,  7.00, 10.00, 20.00, 26.00
   1 , k_3_0.1_7_wicket_2 ,    1100  ,  1300 ( - * ---       |              ), 4.00,  8.00, 11.00, 16.00, 24.00
   1 , k_3_0.15_13_wicket_pca ,    1100  ,   900 (-- *--         |              ), 0.00,  6.00, 11.00, 12.00, 20.00
   1 , k_3_0.25_7_wicket_rp ,    1100  ,   700 (  -* -         |              ), 7.00,  9.00, 11.00, 15.00, 18.00
   1 , k_3_0_5_wicket_kd ,    1100  ,   600 (-- *--         |              ), 0.00,  8.00, 11.00, 13.00, 20.00
   1 , k_3_0.2_5_wicket_2 ,    1100  ,  1100 (   *----       |              ), 4.00,  5.00, 11.00, 14.00, 26.00
   1 , k_3_0.2_11_wicket_kd ,    1100  ,   700 ( --* -         |              ), 5.00, 10.00, 11.00, 15.00, 20.00
   1 , k_3_0.1_5_wicket_2 ,    1100  ,   600 ( --*--         |              ), 3.00,  9.00, 11.00, 14.00, 19.00
   1 , k_3_0_9_wicket_kd ,    1200  ,  1400 (    *---       |              ), 4.00,  5.00, 12.00, 17.00, 24.00
   1 , k_3_0.2_7_wicket_rp ,    1200  ,  1600 (--  * --       |              ), 0.00,  8.00, 12.00, 19.00, 25.00
   1 , k_3_0.15_11_wicket_pca ,    1200  ,  1400 (--  *--        |              ), 0.00,  7.00, 12.00, 16.00, 23.00
   1 , k_3_0.15_9_wicket_2 ,    1200  ,  1100 (--  *-         |              ), 0.00,  7.00, 12.00, 16.00, 20.00
   1 , k_3_0.2_13_wicket_pca ,    1200  ,  1600 ( -  *  ---     |              ), 4.00,  7.00, 12.00, 21.00, 31.00
   1 , k_3_0.15_7_wicket_pca ,    1200  ,   700 (--  *--        |              ), 0.00,  8.00, 12.00, 13.00, 23.00
   1 , k_3_0.25_11_wicket_rp ,    1200  ,  1000 ( -  *---       |              ), 5.00,  8.00, 12.00, 17.00, 24.00
   1 , k_3_0.1_5_wicket_pca ,    1200  ,  1100 ( -  *--        |              ), 4.00,  8.00, 12.00, 17.00, 22.00
   1 , k_3_0.15_9_wicket_pca ,    1200  ,   900 (  - *---       |              ), 6.00, 10.00, 12.00, 16.00, 24.00
   1 , k_3_0_7_wicket_kd ,    1200  ,  1000 (--- * -        |              ), 0.00, 10.00, 12.00, 19.00, 23.00
   1 , k_3_0.1_9_wicket_2 ,    1200  ,  1100 ( -  *---       |              ), 5.00,  6.00, 12.00, 16.00, 26.00
   1 , k_3_0.25_13_wicket_pca ,    1200  ,  1200 (--  *---       |              ), 0.00,  8.00, 12.00, 16.00, 24.00
   1 , k_3_0.05_13_wicket_kd ,    1200  ,  1400 (--  * --       |              ), 0.00,  7.00, 12.00, 20.00, 26.00
   1 , k_3_0_7_wicket_2 ,    1200  ,  1300 ( -- * ---      |              ), 4.00,  9.00, 12.00, 18.00, 27.00
   1 , k_3_0.1_7_wicket_pca ,    1200  ,   900 ( -- *---       |              ), 5.00, 11.00, 12.00, 17.00, 24.00
   1 , k_3_0.25_13_wicket_rp ,    1200  ,  1200 ( -- * -        |              ), 5.00,  9.00, 12.00, 18.00, 22.00
   1 , k_3_0.2_11_wicket_pca ,    1200  ,   800 (  - *---       |              ), 6.00, 10.00, 12.00, 16.00, 24.00
   1 , k_3_0.2_5_wicket_rp ,    1200  ,  1300 ( -  *---       |              ), 3.00,  6.00, 12.00, 16.00, 24.00
   1 , k_3_0_9_wicket_2 ,    1200  ,   900 ( -- *--        |              ), 5.00,  9.00, 12.00, 16.00, 23.00
   1 , k_3_0.2_13_wicket_rp ,    1200  ,  1200 ( -  *--        |              ), 4.00,  8.00, 12.00, 16.00, 22.00
   1 , k_3_0.25_5_wicket_2 ,    1200  ,   900 ( -- *--        |              ), 5.00,  9.00, 12.00, 16.00, 21.00
   1 , k_3_0.01_13_wicket_rp ,    1200  ,  1600 ( -  * ---      |              ), 4.00,  6.00, 12.00, 20.00, 28.00
   1 , k_3_0.2_7_wicket_kd ,    1200  ,   700 ( -- *---       |              ), 5.00, 10.00, 12.00, 15.00, 24.00
   1 , k_3_0.15_13_wicket_2 ,    1200  ,   900 ( -- *----      |              ), 4.00,  9.00, 12.00, 17.00, 27.00
   1 , k_3_0.2_7_wicket_2 ,    1200  ,   800 ( -- *--        |              ), 5.00,  9.00, 12.00, 15.00, 23.00
   1 , k_3_0.15_5_wicket_rp ,    1200  ,   500 ( -- *-         |              ), 5.00, 10.00, 12.00, 14.00, 18.00
   2 , k_3_0.05_11_wicket_pca ,    1300  ,  1200 (  - *  -       |              ), 7.00, 11.00, 13.00, 21.00, 26.00
   2 , k_3_0.05_5_wicket_rp ,    1300  ,   700 (  - *--        |              ), 7.00, 11.00, 13.00, 16.00, 22.00
   2 , k_3_0.15_13_wicket_kd ,    1300  ,   900 ( -- *----      |              ), 5.00, 10.00, 13.00, 16.00, 28.00
   2 , k_3_0.1_13_wicket_2 ,    1300  ,   800 ( -- *--        |              ), 5.00, 10.00, 13.00, 17.00, 22.00
   2 , k_3_0.25_11_wicket_2 ,    1300  ,  1200 (--  * -        |              ), 0.00,  7.00, 13.00, 18.00, 23.00
   2 , k_3_0.1_7_wicket_kd ,    1300  ,  1200 ( -- *--        |              ), 4.00,  9.00, 13.00, 16.00, 23.00
   2 , k_3_0.15_11_wicket_2 ,    1300  ,  1000 ( ---* ---      |              ), 4.00, 12.00, 13.00, 18.00, 28.00
   2 , k_3_0.25_5_wicket_pca ,    1300  ,   800 ( -- *---       |              ), 5.00,  9.00, 13.00, 15.00, 24.00
   2 , k_3_0.05_9_wicket_pca ,    1300  ,  1300 ( -  *---       |              ), 5.00,  7.00, 13.00, 16.00, 24.00
   2 , k_3_0.1_11_wicket_pca ,    1300  ,  1200 (-   *---       |              ), 0.00,  5.00, 13.00, 16.00, 26.00
   2 , k_3_0.05_13_wicket_pca ,    1300  ,   800 (  - *-         |              ), 6.00, 10.00, 13.00, 17.00, 19.00
   2 , k_3_0.15_11_wicket_kd ,    1300  ,  1200 ( -  *----      |              ), 4.00,  8.00, 13.00, 17.00, 28.00
   2 , k_3_0.2_11_wicket_rp ,    1300  ,  1400 ( -- *  -       |              ), 5.00, 10.00, 13.00, 21.00, 25.00
   2 , k_3_0.25_9_wicket_kd ,    1300  ,   800 ( ---* -        |              ), 5.00, 12.00, 13.00, 18.00, 23.00
   2 , k_3_0.01_11_wicket_2 ,    1300  ,   800 ( -- * -        |              ), 4.00, 11.00, 13.00, 19.00, 22.00
   2 , k_3_0.15_5_wicket_kd ,    1300  ,  1200 (    * --       |              ), 6.00,  8.00, 13.00, 20.00, 25.00
   2 , k_3_0.25_13_wicket_kd ,    1300  ,  1000 ( -  *--        |              ), 4.00,  8.00, 13.00, 16.00, 22.00
   2 , k_3_0.25_7_wicket_kd ,    1300  ,   900 ( -- *---       |              ), 5.00,  9.00, 13.00, 17.00, 26.00
   2 , k_3_0.01_5_wicket_kd ,    1300  ,  1300 ( -- * ---      |              ), 5.00,  9.00, 13.00, 19.00, 28.00
   2 , k_3_0.01_9_wicket_pca ,    1300  ,  1100 ( -  *--        |              ), 4.00,  7.00, 13.00, 17.00, 22.00
   2 , k_3_0.2_13_wicket_kd ,    1300  ,  1100 (  - * -        |              ), 6.00, 11.00, 13.00, 18.00, 21.00
   2 , k_3_0.05_7_wicket_kd ,    1300  ,   700 ( -- *-         |              ), 4.00, 11.00, 13.00, 16.00, 18.00
   3 , k_3_0_13_wicket_rp ,    1400  ,   800 ( ---*---       |              ), 5.00, 12.00, 14.00, 17.00, 24.00
   3 , k_3_0.1_13_wicket_rp ,    1400  ,  1000 (  - * -        |              ), 8.00,  9.00, 14.00, 18.00, 22.00
   3 , k_3_0.05_5_wicket_2 ,    1400  ,  1200 ( -- * --       |              ), 4.00,  9.00, 14.00, 18.00, 24.00
   3 , k_3_0.15_5_wicket_2 ,    1400  ,   900 (  - * -        |              ), 7.00, 10.00, 14.00, 19.00, 23.00
   3 , k_3_0.15_13_wicket_rp ,    1400  ,  1700 ( -  *  --      |              ), 4.00,  6.00, 14.00, 21.00, 27.00
   3 , k_3_0.15_9_wicket_kd ,    1400  ,   700 (  - *-         |              ), 6.00, 11.00, 14.00, 17.00, 18.00
   3 , k_3_0.15_7_wicket_rp ,    1400  ,  1500 ( -  * ---      |              ), 5.00,  7.00, 14.00, 20.00, 27.00
   3 , k_3_0_5_wicket_pca ,    1400  ,   900 ( -- * --       |              ), 4.00, 11.00, 14.00, 19.00, 26.00
   3 , k_3_0.25_11_wicket_where ,    1400  ,  1300 ( ---*  ---     |              ), 5.00, 13.00, 14.00, 22.00, 31.00
   3 , k_3_0.01_13_wicket_2 ,    1400  ,  1100 (  - *  --      |              ), 6.00, 10.00, 14.00, 21.00, 28.00
   3 , k_3_0.25_9_wicket_rp ,    1400  ,  1000 ( -- * -        |              ), 5.00, 11.00, 14.00, 19.00, 21.00
   3 , k_3_0.1_5_wicket_rp ,    1400  ,  1200 (  - *  ---     |              ), 6.00, 10.00, 14.00, 22.00, 32.00
   3 , k_3_0.15_7_wicket_2 ,    1400  ,  1300 ( -- * ---      |              ), 4.00,  9.00, 14.00, 20.00, 27.00
   3 , k_3_0_11_wicket_rp ,    1400  ,  1000 ( -- * -        |              ), 5.00, 10.00, 14.00, 19.00, 23.00
   3 , k_3_0.1_9_wicket_pca ,    1400  ,  1300 ( -  *---       |              ), 4.00,  6.00, 14.00, 17.00, 24.00
   3 , k_3_0_13_wicket_2 ,    1400  ,  1400 (--  * --       |              ), 0.00,  8.00, 14.00, 19.00, 25.00
   3 , k_3_0.2_13_wicket_random ,    1400  ,  1000 ( ---* ---      |              ), 4.00, 12.00, 14.00, 20.00, 28.00
   3 , k_3_0.05_7_wicket_pca ,    1400  ,  1400 (--  * --       |              ), 0.00,  7.00, 14.00, 18.00, 24.00
   3 , k_3_0.15_9_wicket_rp ,    1400  ,  1000 ( -- * ---      |              ), 5.00, 10.00, 14.00, 18.00, 27.00
   3 , k_3_0_13_wicket_pca ,    1400  ,   500 (   -*-         |              ),10.00, 12.00, 14.00, 16.00, 20.00
   3 , k_3_0.05_7_wicket_rp ,    1400  ,  1100 ( -- * ----     |              ), 5.00, 10.00, 14.00, 20.00, 30.00
   3 , k_3_0.01_11_wicket_pca ,    1400  ,   800 ( -- *-         |              ), 5.00, 10.00, 14.00, 17.00, 19.00
   3 , k_3_0.05_9_wicket_2 ,    1400  ,  1000 ( -- * --       |              ), 5.00, 10.00, 14.00, 19.00, 24.00
   3 , k_3_0_7_wicket_pca ,    1400  ,  1100 ( ---* ---      |              ), 4.00, 12.00, 14.00, 20.00, 28.00
   3 , k_3_0.1_9_wicket_rp ,    1400  ,  1000 (----*  --      |              ), 0.00, 12.00, 14.00, 21.00, 28.00
   3 , k_3_0.01_9_wicket_rp ,    1400  ,  1100 ( -- * ----     |              ), 5.00, 10.00, 14.00, 20.00, 31.00
   3 , k_3_0.2_11_wicket_where ,    1400  ,  1700 ( -  *  -----   |              ), 5.00,  8.00, 14.00, 23.00, 36.00
   3 , k_3_0.1_13_wicket_kd ,    1400  ,  1200 ( -- *  --      |              ), 5.00, 11.00, 14.00, 21.00, 28.00
   3 , k_3_0.01_7_wicket_2 ,    1400  ,   800 (   -* --       |              ),10.00, 12.00, 14.00, 18.00, 25.00
   3 , k_3_0.2_5_wicket_where ,    1400  ,  1300 ( -- * --       |              ), 3.00,  9.00, 14.00, 19.00, 26.00
   4 , k_3_0.25_11_wicket_pca ,    1500  ,   900 ( --  *         |              ), 5.00,  9.00, 15.00, 17.00, 20.00
   4 , k_3_0_9_wicket_rp ,    1500  ,  1800 ( --  * ---     |              ), 5.00, 10.00, 15.00, 22.00, 32.00
   4 , k_3_0.05_9_wicket_kd ,    1500  ,  1000 ( --- *--       |              ), 4.00, 12.00, 15.00, 19.00, 26.00
   4 , k_3_0.05_11_wicket_2 ,    1500  ,   500 (  -- *---      |              ), 6.00, 12.00, 15.00, 17.00, 28.00
   4 , k_3_0.25_7_wicket_pca ,    1500  ,   700 (  -- *-        |              ), 6.00, 12.00, 15.00, 19.00, 23.00
   4 , k_3_0.01_7_wicket_rp ,    1500  ,  1200 (  -  *----     |              ), 6.00, 11.00, 15.00, 18.00, 30.00
   4 , k_3_0.1_11_wicket_rp ,    1500  ,  1000 ( --  *-        |              ), 5.00, 10.00, 15.00, 20.00, 23.00
   4 , k_3_0.25_7_wicket_random ,    1500  ,  1200 (   - * ----    |              ),10.00, 13.00, 15.00, 23.00, 33.00
   4 , k_3_0.25_13_wicket_random ,    1500  ,   800 ( --- *--       |              ), 4.00, 12.00, 15.00, 20.00, 24.00
   4 , k_3_0.25_9_wicket_random ,    1500  ,  1500 ( --  *         |              ), 5.00, 11.00, 15.00, 24.00, 26.00
   4 , k_3_0_5_wicket_2 ,    1500  ,  1300 ( --  *--       |              ), 5.00,  9.00, 15.00, 20.00, 26.00
   4 , k_3_0.2_7_wicket_pca ,    1500  ,  1400 ( --  * -       |              ), 4.00, 10.00, 15.00, 22.00, 26.00
   4 , k_3_0.05_7_wicket_2 ,    1500  ,  1100 (  -  *---      |              ), 7.00, 10.00, 15.00, 20.00, 27.00
   4 , k_3_0.25_5_wicket_kd ,    1500  ,  1000 ( --- *--       |              ), 4.00, 12.00, 15.00, 18.00, 24.00
   4 , k_3_0.15_11_wicket_rp ,    1500  ,  1300 ( -   *-        |              ), 4.00,  7.00, 15.00, 19.00, 23.00
   4 , k_3_0.01_7_wicket_kd ,    1500  ,  1200 ( --  *---      |              ), 4.00, 10.00, 15.00, 20.00, 28.00
   4 , k_3_0.25_13_wicket_2 ,    1500  ,  1500 (---  * --      |              ), 0.00,  9.00, 15.00, 21.00, 29.00
   4 , k_3_0.2_9_wicket_kd ,    1500  ,  1000 (  -  *---      |              ), 8.00, 10.00, 15.00, 20.00, 27.00
   4 , k_3_0.15_11_wicket_where ,    1500  ,   800 (   - *---      |              ),10.00, 13.00, 15.00, 19.00, 28.00
   4 , k_3_0.01_9_wicket_kd ,    1500  ,  1100 ( --  *         |              ), 5.00, 10.00, 15.00, 21.00, 22.00
   4 , k_3_0.25_5_wicket_spectral ,    1500  ,  1400 ( --- * ---     |              ), 4.00, 12.00, 15.00, 23.00, 30.00
   4 , k_3_0.1_11_wicket_kd ,    1500  ,  1300 (  -  * -       |              ), 6.00, 11.00, 15.00, 21.00, 26.00
   4 , k_3_0_11_wicket_2 ,    1500  ,  1400 (  -  * --      |              ), 6.00, 10.00, 15.00, 23.00, 28.00
   4 , k_3_0.01_11_wicket_rp ,    1600  ,  1400 (  -  * -       |              ), 7.00, 11.00, 16.00, 22.00, 24.00
   4 , k_3_0.2_9_wicket_2 ,    1600  ,   900 ( --  *---      |              ), 4.00, 10.00, 16.00, 19.00, 28.00
   4 , k_3_0.2_5_wicket_random ,    1600  ,  1700 ( --  * ----    |              ), 5.00, 10.00, 16.00, 23.00, 33.00
   4 , k_3_0.25_9_wicket_2 ,    1600  ,  1000 ( --  *-----    |              ), 5.00, 11.00, 16.00, 19.00, 33.00
   4 , k_3_0.01_5_wicket_2 ,    1600  ,  1200 ( --  * --      |              ), 5.00, 10.00, 16.00, 21.00, 28.00
   4 , k_3_0.2_9_wicket_rp ,    1600  ,   800 (   - *--       |              ), 9.00, 12.00, 16.00, 19.00, 26.00
   4 , k_3_0.1_7_wicket_rp ,    1600  ,   800 (  -- *-        |              ), 8.00, 13.00, 16.00, 19.00, 21.00
   4 , k_3_0.2_13_wicket_2 ,    1600  ,  1300 (  -- *--       |              ), 7.00, 12.00, 16.00, 20.00, 26.00
   4 , k_3_0.25_9_wicket_pca ,    1600  ,   900 (  -  *-        |              ), 7.00, 10.00, 16.00, 18.00, 21.00
   4 , k_3_0.1_5_wicket_kd ,    1600  ,   900 ( --- *--       |              ), 4.00, 12.00, 16.00, 19.00, 24.00
   4 , k_3_0.2_5_wicket_kd ,    1600  ,  1000 ( --- *----     |              ), 5.00, 12.00, 16.00, 20.00, 31.00
   4 , k_3_0.01_13_wicket_kd ,    1600  ,  1300 ( --  * --      |              ), 5.00, 10.00, 16.00, 21.00, 28.00
   4 , k_3_0_9_wicket_pca ,    1600  ,   900 (  -  *-        |              ), 6.00, 11.00, 16.00, 20.00, 22.00
   4 , k_3_0.2_5_wicket_pca ,    1600  ,  1500 ( --  * -       |              ), 5.00, 10.00, 16.00, 21.00, 24.00
   4 , k_3_0.05_11_wicket_rp ,    1600  ,  1000 (  -- *---      |              ), 8.00, 12.00, 16.00, 20.00, 27.00
   4 , k_3_0_13_wicket_kd ,    1600  ,  1100 ( --- * --      |              ), 4.00, 13.00, 16.00, 22.00, 28.00
   4 , k_3_0.1_11_wicket_2 ,    1600  ,  1000 ( --  *-        |              ), 5.00,  9.00, 16.00, 18.00, 23.00
   4 , k_3_0.25_11_wicket_spectral ,    1600  ,  1100 ( --  *------   |              ), 3.00, 10.00, 16.00, 20.00, 36.00
   4 , k_3_0_5_wicket_rp ,    1600  ,  1200 (  -  *---      |              ), 8.00, 11.00, 16.00, 20.00, 29.00
   4 , k_3_0.2_9_wicket_where ,    1600  ,  1000 ( --  *---      |              ), 5.00, 10.00, 16.00, 19.00, 28.00
   4 , k_3_0.25_5_wicket_where ,    1600  ,   800 ( --- *--       |              ), 5.00, 12.00, 16.00, 18.00, 26.00
   4 , k_3_0.05_13_wicket_2 ,    1600  ,  1100 (  -  *---      |              ), 6.00,  9.00, 16.00, 17.00, 28.00
   4 , k_3_0.25_5_wicket_random ,    1600  ,   900 ( --- *--       |              ), 5.00, 12.00, 16.00, 19.00, 26.00
   4 , k_3_0.15_7_wicket_kd ,    1700  ,  1300 ( --- * -       |              ), 5.00, 12.00, 17.00, 23.00, 24.00
   4 , k_3_0.05_5_wicket_kd ,    1700  ,  1300 ( --  *--       |              ), 5.00, 11.00, 17.00, 20.00, 24.00
   4 , k_3_0.01_11_wicket_kd ,    1700  ,  1000 ( --  *--       |              ), 4.00, 10.00, 17.00, 19.00, 24.00
   4 , k_3_0.15_13_wicket_where ,    1700  ,  1500 ( --- *  --     |              ), 4.00, 14.00, 17.00, 26.00, 30.00
   4 , k_3_0.2_7_wicket_spectral ,    1700  ,  1100 (  -- * --      |              ), 7.00, 14.00, 17.00, 23.00, 27.00
   4 , k_3_0.2_13_wicket_spectral ,    1700  ,   800 (  -- *--       |              ), 6.00, 12.00, 17.00, 19.00, 25.00
   4 , k_3_0.25_5_wicket_rp ,    1700  ,  1000 (  ---* --      |              ), 6.00, 15.00, 17.00, 21.00, 29.00
   4 , k_3_0.2_9_wicket_random ,    1700  ,  1000 (   - * --      |              ),10.00, 13.00, 17.00, 23.00, 28.00
   4 , k_3_0_7_wicket_rp ,    1700  ,   700 (  ---*-        |              ), 8.00, 15.00, 17.00, 19.00, 23.00
   4 , k_3_0.25_7_wicket_spectral ,    1700  ,  1800 (---- *   --    |              ), 0.00, 12.00, 17.00, 27.00, 34.00
   4 , k_3_0.05_11_wicket_kd ,    1700  ,   800 ( --- *---      |              ), 5.00, 12.00, 17.00, 19.00, 28.00
   4 , k_3_0.1_9_wicket_kd ,    1700  ,  1000 ( --  *-        |              ), 4.00, 10.00, 17.00, 18.00, 22.00
   4 , k_3_0.05_5_wicket_pca ,    1700  ,  1000 (   - *---      |              ),10.00, 14.00, 17.00, 20.00, 28.00
   4 , k_3_0.01_7_wicket_pca ,    1700  ,  1000 (  -  *--       |              ), 6.00, 10.00, 17.00, 19.00, 26.00
   5 , k_3_0.1_11_wicket_random ,    1800  ,  1500 (   -  * --     |              ),10.00, 14.00, 18.00, 26.00, 32.00
   5 , k_3_0.01_5_wicket_rp ,    1800  ,  1200 (  --  *---     |              ), 8.00, 12.00, 18.00, 22.00, 31.00
   5 , k_3_0.05_9_wicket_rp ,    1800  ,  1100 ( --   *-       |              ), 5.00, 10.00, 18.00, 20.00, 24.00
   5 , k_3_0.01_5_wicket_pca ,    1800  ,  1000 (   -  *-       |              ),10.00, 14.00, 18.00, 20.00, 24.00
   5 , k_3_0.15_5_wicket_where ,    1800  ,  1200 ( ---- * --     |              ), 4.00, 16.00, 18.00, 24.00, 32.00
   5 , k_3_0.05_9_wicket_where ,    1800  ,  1600 ( ---  * --     |              ), 5.00, 12.00, 18.00, 24.00, 31.00
   5 , k_3_0.05_13_wicket_rp ,    1800  ,  1300 ( -    *-       |              ), 4.00,  8.00, 18.00, 19.00, 26.00
   5 , k_3_0.1_9_wicket_where ,    1800  ,  1400 ( --   * -      |              ), 4.00, 11.00, 18.00, 25.00, 29.00
   5 , k_3_0.15_9_wicket_where ,    1800  ,  1100 (   -  * --     |              ), 9.00, 13.00, 18.00, 24.00, 30.00
   5 , k_3_0.1_5_wicket_where ,    1800  ,   800 (   -- *--      |              ),11.00, 16.00, 18.00, 23.00, 28.00
   5 , k_3_0_11_wicket_pca ,    1800  ,   900 (  --  *-       |              ), 8.00, 13.00, 18.00, 21.00, 24.00
   5 , k_3_0.25_9_wicket_where ,    1800  ,  1600 (   -  * ---    |              ), 9.00, 12.00, 18.00, 26.00, 34.00
   5 , k_3_0.2_9_wicket_spectral ,    1800  ,  1500 (  --  * --     |              ), 8.00, 14.00, 18.00, 25.00, 30.00
   5 , k_3_0_11_wicket_kd ,    1800  ,  1400 ( --   * -      |              ), 5.00, 10.00, 18.00, 24.00, 29.00
   5 , k_3_0.2_11_wicket_random ,    1800  ,   900 (   -  *---     |              ),10.00, 13.00, 18.00, 19.00, 30.00
   5 , k_3_0_13_wicket_random ,    1900  ,  1200 (    - * ----   |              ),12.00, 17.00, 19.00, 26.00, 36.00
   5 , k_3_0.25_11_wicket_kd ,    1900  ,  1300 ( ---  *-       |              ), 4.00, 12.00, 19.00, 22.00, 25.00
   5 , k_3_0.05_7_wicket_random ,    1900  ,  1700 (  --  *  --    |              ), 8.00, 13.00, 19.00, 29.00, 35.00
   5 , k_3_0.25_11_wicket_random ,    1900  ,   800 ( ---- *--      |              ), 5.00, 15.00, 19.00, 21.00, 27.00
   5 , k_3_0.2_5_wicket_spectral ,    1900  ,  1700 (  --  *  --    |              ), 7.00, 14.00, 19.00, 27.00, 35.00
   5 , k_3_0.15_5_wicket_spectral ,    1900  ,  1200 ( ---  * --     |              ), 5.00, 14.00, 19.00, 24.00, 31.00
   5 , k_3_0_7_wicket_where ,    1900  ,   900 (   -- *----    |              ), 9.00, 17.00, 19.00, 23.00, 33.00
   5 , k_3_0.05_13_wicket_where ,    1900  ,  1400 (  --  *---     |              ), 8.00, 14.00, 19.00, 22.00, 30.00
   5 , k_3_0.25_13_wicket_where ,    1900  ,   800 (    - * -      |              ),13.00, 16.00, 19.00, 24.00, 29.00
   5 , k_3_0.2_13_wicket_where ,    1900  ,  1400 ( ---- * ---    |              ), 5.00, 15.00, 19.00, 24.00, 35.00
   5 , k_3_0.15_7_wicket_where ,    1900  ,  1400 ( --   *---     |              ), 5.00, 10.00, 19.00, 23.00, 30.00
   5 , k_3_0.01_9_wicket_2 ,    1900  ,   900 ( ---  *-       |              ), 5.00, 14.00, 19.00, 21.00, 24.00
   6 , k_3_0.05_13_wicket_random ,    2000  ,  1200 (   -  * --     |              ),11.00, 13.00, 20.00, 25.00, 30.00
   6 , k_3_0.05_11_wicket_random ,    2000  ,  1300 (    - *  ---   |              ),12.00, 17.00, 20.00, 28.00, 37.00
   6 , k_3_0.25_9_wicket_spectral ,    2000  ,   800 (   -- *--      |              ),11.00, 17.00, 20.00, 23.00, 29.00
   6 , k_3_0.2_7_wicket_where ,    2000  ,   700 (   ---* -      |              ),10.00, 18.00, 20.00, 24.00, 27.00
   6 , k_3_0.05_7_wicket_spectral ,    2000  ,  1100 (   -- * --     |              ), 9.00, 16.00, 20.00, 25.00, 32.00
   6 , k_3_0.01_9_wicket_where ,    2000  ,   900 (     -* ---    |              ),17.00, 18.00, 20.00, 24.00, 33.00
   6 , k_3_0.15_11_wicket_random ,    2000  ,   800 (  --- *---     |              ), 7.00, 17.00, 20.00, 23.00, 32.00
   6 , k_3_0.15_13_wicket_random ,    2000  ,  1400 (   -  * -      |              ), 9.00, 13.00, 20.00, 24.00, 28.00
   6 , k_3_0.01_13_wicket_where ,    2000  ,  1400 (  --  * --     |              ), 6.00, 14.00, 20.00, 26.00, 31.00
   6 , k_3_0_9_wicket_where ,    2000  ,  1200 (   -  * ---    |              ),10.00, 14.00, 20.00, 25.00, 33.00
   6 , k_3_0.01_5_wicket_spectral ,    2000  ,  2000 (  --- *   ---  |              ), 7.00, 16.00, 20.00, 30.00, 39.00
   6 , k_3_0.25_7_wicket_where ,    2000  ,  1000 (   -- * --     |              ),11.00, 16.00, 20.00, 26.00, 30.00
   6 , k_3_0.25_13_wicket_spectral ,    2000  ,  1200 (   -- * -----  |              ),11.00, 17.00, 20.00, 24.00, 40.00
   6 , k_3_0.01_5_wicket_where ,    2100  ,   800 (   --- *---    |              ),11.00, 19.00, 21.00, 26.00, 35.00
   6 , k_3_0.1_7_wicket_random ,    2100  ,  1000 (  ---  *---    |              ), 6.00, 17.00, 21.00, 26.00, 35.00
   6 , k_3_0.01_11_wicket_where ,    2100  ,  1100 (   --  *--     |              ),10.00, 17.00, 21.00, 26.00, 32.00
   6 , k_3_0.05_11_wicket_where ,    2100  ,   800 (    -  *--     |              ),12.00, 16.00, 21.00, 24.00, 31.00
   6 , k_3_0.15_9_wicket_random ,    2100  ,  1400 ( ----  * ---   |              ), 4.00, 16.00, 21.00, 27.00, 36.00
   6 , k_3_0_7_wicket_random ,    2100  ,  1000 (   --- * --    |              ),11.00, 18.00, 21.00, 27.00, 33.00
   6 , k_3_0.05_5_wicket_where ,    2100  ,  1900 (   -   *  --   |              ), 9.00, 14.00, 21.00, 30.00, 38.00
   6 , k_3_0.05_5_wicket_spectral ,    2100  ,  1300 (   --  * --    |              ),11.00, 17.00, 21.00, 27.00, 33.00
   6 , k_3_0.15_7_wicket_random ,    2100  ,  1300 (  --   *--     |              ), 6.00, 12.00, 21.00, 24.00, 30.00
   7 , k_3_0.2_7_wicket_random ,    2200  ,  1200 (   --  *---    |              ),10.00, 16.00, 22.00, 26.00, 33.00
   7 , k_3_0.1_7_wicket_where ,    2200  ,  1200 (       * --    |              ),15.00, 17.00, 22.00, 28.00, 35.00
   7 , k_3_0.05_9_wicket_spectral ,    2200  ,  1200 (    -  * -     |              ),12.00, 16.00, 22.00, 27.00, 31.00
   7 , k_3_0.05_11_wicket_spectral ,    2200  ,   800 (    -- *--     |              ),12.00, 19.00, 22.00, 26.00, 30.00
   7 , k_3_0.01_7_wicket_where ,    2200  ,  1100 (       * ---   |              ),15.00, 16.00, 22.00, 27.00, 38.00
   7 , k_3_0.15_7_wicket_spectral ,    2200  ,  1000 (    -- *--     |              ),12.00, 18.00, 22.00, 25.00, 31.00
   7 , k_3_0.05_5_wicket_random ,    2300  ,   900 (    -- * ----  |              ),13.00, 19.00, 23.00, 27.00, 41.00
   7 , k_3_0.1_13_wicket_where ,    2300  ,   800 (   ----*-      |              ),11.00, 21.00, 23.00, 26.00, 29.00
   7 , k_3_0.05_13_wicket_spectral ,    2300  ,  1100 (   --- * -     |              ),10.00, 18.00, 23.00, 27.00, 32.00
   7 , k_3_0.05_7_wicket_where ,    2300  ,  1500 (    -- *  ---  |              ),13.00, 19.00, 23.00, 32.00, 40.00
   7 , k_3_0.1_5_wicket_random ,    2300  ,  1400 (   --  * --    |              ), 9.00, 16.00, 23.00, 28.00, 35.00
   7 , k_3_0_11_wicket_where ,    2300  ,  1400 (       *  ---- |              ),15.00, 17.00, 23.00, 30.00, 42.00
   7 , k_3_0.2_11_wicket_spectral ,    2400  ,  1800 (  --    *--    |              ), 6.00, 12.00, 24.00, 28.00, 33.00
   7 , k_3_0_13_wicket_spectral ,    2400  ,  1600 (    -   *----- |              ),13.00, 17.00, 24.00, 29.00, 43.00
   7 , k_3_0.15_9_wicket_spectral ,    2400  ,  1300 (   ---  * ---  |              ),10.00, 18.00, 24.00, 30.00, 39.00
   7 , k_3_0_13_wicket_where ,    2400  ,  1500 (   ---  *----  |              ),11.00, 18.00, 24.00, 28.00, 39.00
   7 , k_3_0.15_5_wicket_random ,    2400  ,   800 (   ---  *-     |              ),10.00, 20.00, 24.00, 26.00, 32.00
   7 , k_3_0.1_11_wicket_where ,    2400  ,  1000 (   ---- *--    |              ), 9.00, 23.00, 24.00, 27.00, 33.00
   8 , k_3_0_5_wicket_where ,    2500  ,  1100 (    --  *---   |              ),13.00, 20.00, 25.00, 29.00, 38.00
   8 , k_3_0_9_wicket_spectral ,    2500  ,  1500 (     -  * ---- |              ),16.00, 19.00, 25.00, 32.00, 42.00
   8 , k_3_0.05_9_wicket_random ,    2500  ,  1600 (   ---  *  -   |              ), 9.00, 19.00, 25.00, 33.00, 38.00
   8 , k_3_0.01_13_wicket_random ,    2500  ,  1400 (  ----  * -    |              ), 6.00, 18.00, 25.00, 31.00, 35.00
   8 , k_3_0.01_9_wicket_random ,    2500  ,  1400 (  ---   * --   |              ), 6.00, 17.00, 25.00, 30.00, 36.00
   8 , k_3_0.01_7_wicket_spectral ,    2500  ,  1100 (     -- * ---- |              ),16.00, 21.00, 25.00, 30.00, 42.00
   8 , k_3_0.15_11_wicket_spectral ,    2500  ,  1400 (   ---  * --   |              ),11.00, 18.00, 25.00, 31.00, 37.00
   8 , k_3_0.01_7_wicket_random ,    2600  ,  1200 (    --- * --   |              ),12.00, 21.00, 26.00, 30.00, 38.00
   8 , k_3_0.1_13_wicket_random ,    2600  ,  1600 (   --   *--    |              ),10.00, 15.00, 26.00, 28.00, 35.00
   8 , k_3_0.01_11_wicket_random ,    2600  ,   800 (    --- *-     |              ),12.00, 21.00, 26.00, 29.00, 31.00
   8 , k_3_0.1_9_wicket_random ,    2700  ,   900 (      -  *--   |              ),18.00, 22.00, 27.00, 30.00, 38.00
   8 , k_3_0_11_wicket_spectral ,    2700  ,  1100 (   ----- *-    |              ),10.00, 25.00, 27.00, 30.00, 34.00
   8 , k_3_0_5_wicket_spectral ,    2700  ,  1200 (     --  * --  |              ),15.00, 23.00, 27.00, 33.00, 40.00
   8 , k_3_0.01_11_wicket_spectral ,    2700  ,  1100 (      -  *---  |              ),18.00, 21.00, 27.00, 30.00, 39.00
   8 , k_3_0.15_13_wicket_spectral ,    2700  ,  1500 (    -    *--   |              ),12.00, 16.00, 27.00, 30.00, 36.00
   9 , k_3_0.1_13_wicket_spectral ,    2800  ,  1700 (    ---  *  -- |              ),14.00, 21.00, 28.00, 37.00, 44.00
   9 , k_3_0_9_wicket_random ,    2800  ,  1300 (  ----   *---- |              ), 8.00, 20.00, 28.00, 32.00, 42.00
   9 , k_3_0_11_wicket_random ,    2800  ,   900 (     --- *--   |              ),16.00, 24.00, 28.00, 31.00, 38.00
   9 , k_3_0_5_wicket_random ,    2800  ,  1600 (     --- *--   |              ),16.00, 24.00, 28.00, 31.00, 38.00
   9 , k_3_0.1_5_wicket_spectral ,    2800  ,  1400 (    ---- * --  |              ),13.00, 24.00, 28.00, 33.00, 39.00
   9 , k_3_0.01_13_wicket_spectral ,    2800  ,  1500 (    --   *---- |              ),13.00, 18.00, 28.00, 30.00, 42.00
   9 , k_3_0.1_11_wicket_spectral ,    2900  ,  1000 (      ---*  -- |              ),19.00, 27.00, 29.00, 36.00, 42.00
   9 , k_3_0.1_7_wicket_spectral ,    3000  ,   900 (     ---  *--- |              ),16.00, 26.00, 30.00, 33.00, 42.00
   9 , k_3_0.01_5_wicket_random ,    3000  ,  1500 (    --    *--- |              ),13.00, 20.00, 30.00, 33.00, 42.00
   9 , k_3_0.1_9_wicket_spectral ,    3000  ,  1400 (      --  *--  |              ),18.00, 24.00, 30.00, 35.00, 41.00
   9 , k_3_0_7_wicket_spectral ,    3000  ,  1500 (     --   *--- |              ),16.00, 23.00, 30.00, 35.00, 44.00
   9 , k_3_0.01_9_wicket_spectral ,    3200  ,  1000 (     ---  *--  |              ),16.00, 26.00, 32.00, 33.00, 39.00
  10 , k_3_0.1_11_wicket_entropic ,    7100  ,   900 (               |    -  *-     ),62.00, 65.00, 71.00, 73.00, 77.00
  10 , k_3_0.1_5_wicket_entropic ,    7100  ,  1300 (               |  ---  * -    ),56.00, 65.00, 71.00, 75.00, 79.00
  11 , k_3_0.2_9_wicket_entropic ,    7300  ,   900 (               |      - *--   ),66.00, 69.00, 73.00, 77.00, 81.00
  11 , k_3_0.2_5_wicket_entropic ,    7300  ,   600 (               |      - *-    ),66.00, 69.00, 73.00, 75.00, 78.00
  11 , k_3_0.25_13_wicket_entropic ,    7300  ,   700 (               |     -- *-    ),64.00, 71.00, 73.00, 75.00, 79.00
  11 , k_3_0.25_7_wicket_entropic ,    7300  ,  1000 (               |     -- * --  ),63.00, 70.00, 73.00, 78.00, 84.00
  12 , k_3_0.05_5_wicket_entropic ,    7400  ,   500 (               |       -*--   ),70.00, 73.00, 74.00, 76.00, 81.00
  12 , k_3_0.05_7_wicket_entropic ,    7500  ,   800 (               |       - *-   ),70.00, 72.00, 75.00, 79.00, 81.00
  12 , k_3_0.15_11_wicket_entropic ,    7500  ,   800 (               |       - *--  ),71.00, 73.00, 75.00, 80.00, 84.00
  12 , k_3_0.05_11_wicket_entropic ,    7500  ,  1200 (               |    ---  *-   ),61.00, 70.00, 75.00, 78.00, 82.00
  13 , k_3_0.25_9_wicket_entropic ,    7600  ,   600 (               |       - *-   ),71.00, 73.00, 76.00, 78.00, 83.00
  13 , k_3_0.1_7_wicket_entropic ,    7600  ,   700 (               |       - *--  ),69.00, 72.00, 76.00, 78.00, 84.00
  13 , k_3_0_13_wicket_entropic ,    7600  ,   900 (               |      -- *--  ),66.00, 74.00, 76.00, 79.00, 85.00
  13 , k_3_0_5_wicket_entropic ,    7600  ,   600 (               |       - *-   ),69.00, 74.00, 76.00, 78.00, 83.00
  13 , k_3_0_11_wicket_entropic ,    7700  ,   800 (               |       - *-   ),69.00, 73.00, 77.00, 79.00, 81.00
  13 , k_3_0.01_11_wicket_entropic ,    7700  ,   600 (               |       - *-   ),69.00, 74.00, 77.00, 79.00, 81.00
  13 , k_3_0_9_wicket_entropic ,    7700  ,   500 (               |        -*--  ),73.00, 75.00, 77.00, 80.00, 84.00
  13 , k_3_0.15_13_wicket_entropic ,    7700  ,   800 (               |       - * -  ),69.00, 74.00, 77.00, 81.00, 84.00
  14 , k_3_0.1_13_wicket_entropic ,    7800  ,   600 (               |       -- *-  ),71.00, 75.00, 78.00, 80.00, 84.00
  14 , k_3_0.2_13_wicket_entropic ,    7800  ,   400 (               |       -- *   ),71.00, 76.00, 78.00, 79.00, 83.00
  14 , k_3_0.05_9_wicket_entropic ,    7800  ,   500 (               |        - *-  ),72.00, 75.00, 78.00, 80.00, 84.00
  14 , k_3_0.15_9_wicket_entropic ,    7800  ,   500 (               |          *-  ),75.00, 76.00, 78.00, 80.00, 85.00
  15 , k_3_0.25_11_wicket_entropic ,    7900  ,   800 (               |        - *-  ),72.00, 76.00, 79.00, 81.00, 85.00
  15 , k_3_0_7_wicket_entropic ,    7900  ,   700 (               |      --- *-  ),68.00, 75.00, 79.00, 80.00, 84.00
  15 , k_3_0.01_5_wicket_entropic ,    7900  ,   500 (               |        --*-  ),74.00, 78.00, 79.00, 82.00, 86.00
  15 , k_3_0.1_9_wicket_entropic ,    7900  ,   700 (               |        - *-  ),74.00, 76.00, 79.00, 82.00, 85.00
  15 , k_3_0.2_11_wicket_entropic ,    7900  ,   900 (               |       -- *   ),70.00, 77.00, 79.00, 84.00, 86.00
  15 , k_3_0.15_5_wicket_entropic ,    7900  ,   200 (               |        --*-  ),72.00, 78.00, 79.00, 80.00, 85.00
  15 , k_3_0.01_13_wicket_entropic ,    8000  ,   400 (               |         -*-  ),75.00, 78.00, 80.00, 81.00, 84.00
  15 , k_3_0.25_5_wicket_entropic ,    8000  ,   300 (               |         -*-  ),75.00, 79.00, 80.00, 81.00, 85.00
  15 , k_3_0.01_7_wicket_entropic ,    8000  ,   600 (               |        - *-  ),72.00, 77.00, 80.00, 82.00, 86.00
  15 , k_3_0.2_7_wicket_entropic ,    8000  ,   900 (               |       -- *-- ),71.00, 76.00, 80.00, 81.00, 88.00
  16 , k_3_0.01_9_wicket_entropic ,    8100  ,  1000 (               |        -  *  ),73.00, 75.00, 81.00, 84.00, 86.00
  16 , k_3_0.15_7_wicket_entropic ,    8100  ,   300 (               |         - *  ),77.00, 80.00, 81.00, 83.00, 86.00
  16 , k_3_0.05_13_wicket_entropic ,    8300  ,   700 (               |         - *- ),75.00, 80.00, 83.00, 86.00, 88.00
