rank ,         name ,    med   ,  iqr 
----------------------------------------------------
   1 , log4j2_Tran_Log ,     800  ,     0 (*              |              ), 8.00,  8.00,  8.00,  8.00,  8.00
   1 , ivy2_Und_Tran_Gauss ,    1300  ,     0 ( *             |              ),13.00, 13.00, 13.00, 13.00, 13.00
   1 ,    pc3_Gauss ,    1600  ,   500 ( -*------------|---           ),13.00, 15.00, 16.00, 18.00, 67.00
   1 , log4j2_GL_Tran_Log ,    1600  ,     0 (  *            |              ),16.00, 16.00, 16.00, 16.00, 16.00
   1 , log4j2_Und_Tran_Log ,    1700  ,     0 (  *            |              ),17.00, 17.00, 17.00, 17.00, 17.00
   1 , arc2_Und_Tran_Gauss ,    2500  ,     0 (     *         |              ),25.00, 25.00, 25.00, 25.00, 25.00
   1 , jedit2_Und_GL_Tran_Gauss ,    2500  ,     0 (     *         |              ),25.00, 25.00, 25.00, 25.00, 25.00
   1 , elearning2_Und_GL_Tran_Gauss ,    2500  ,     0 (     *         |              ),25.00, 25.00, 25.00, 25.00, 25.00
   1 , xerces2_Tran_Log ,    2600  ,     0 (     *         |              ),26.00, 26.00, 26.00, 26.00, 26.00
   1 , arc2_Und_GL_Tran_Gauss ,    2600  ,     0 (     *         |              ),26.00, 26.00, 26.00, 26.00, 26.00
   1 , elearning2_GL_Tran_Gauss ,    2800  ,     0 (      *        |              ),28.00, 28.00, 28.00, 28.00, 28.00
   1 , jedit2_GL_Tran_Gauss ,    2800  ,     0 (      *        |              ),28.00, 28.00, 28.00, 28.00, 28.00
   1 , log4j2_Und_GL_Tran_Log ,    3000  ,     0 (       *       |              ),30.00, 30.00, 30.00, 30.00, 30.00
   1 , arc2_GL_Tran_Gauss ,    3200  ,     0 (       *       |              ),32.00, 32.00, 32.00, 32.00, 32.00
   1 , xerces2_Und_Tran_Log ,    3200  ,     0 (       *       |              ),32.00, 32.00, 32.00, 32.00, 32.00
   1 , camel2_Und_Tran_Gauss ,    3200  ,     0 (       *       |              ),32.00, 32.00, 32.00, 32.00, 32.00
   1 , xerces2_GL_Tran_Log ,    3200  ,     0 (       *       |              ),32.00, 32.00, 32.00, 32.00, 32.00
   2 , ivy2_Und_GL_Tran_Gauss ,    3300  ,     0 (        *      |              ),33.00, 33.00, 33.00, 33.00, 33.00
   2 , camel2_GL_Tran_Gauss ,    3600  ,     0 (         *     |              ),36.00, 36.00, 36.00, 36.00, 36.00
   2 , ant2_Und_GL_Tran_Gauss ,    3600  ,     0 (         *     |              ),36.00, 36.00, 36.00, 36.00, 36.00
   2 , ant2_GL_Tran_Gauss ,    3700  ,     0 (         *     |              ),37.00, 37.00, 37.00, 37.00, 37.00
   2 , ivy2_GL_Tran_Gauss ,    3700  ,     0 (         *     |              ),37.00, 37.00, 37.00, 37.00, 37.00
   2 , cm1_Und_GL_Tran_Log ,    3700  ,     0 (         *     |              ),37.00, 37.00, 37.00, 37.00, 37.00
   2 , camel2_Und_GL_Tran_Gauss ,    3700  ,     0 (         *     |              ),37.00, 37.00, 37.00, 37.00, 37.00
   2 , poi2_Tran_Log ,    3800  ,     0 (         *     |              ),38.00, 38.00, 38.00, 38.00, 38.00
   2 , cm1_Und_GL_Tran_Gauss ,    3900  ,     0 (          *    |              ),39.00, 39.00, 39.00, 39.00, 39.00
   2 , camel2_Tran_Gauss ,    3900  ,     0 (          *    |              ),39.00, 39.00, 39.00, 39.00, 39.00
   3 , lucene2_Und_GL_Tran_Log ,    4300  ,     0 (           *   |              ),43.00, 43.00, 43.00, 43.00, 43.00
   3 , ivy2_Tran_Gauss ,    4300  ,     0 (           *   |              ),43.00, 43.00, 43.00, 43.00, 43.00
   3 , poi2_GL_Tran_Log ,    4400  ,     0 (           *   |              ),44.00, 44.00, 44.00, 44.00, 44.00
   3 , lucene2_Tran_Log ,    4400  ,     0 (           *   |              ),44.00, 44.00, 44.00, 44.00, 44.00
   3 , lucene2_GL_Tran_Log ,    4400  ,     0 (           *   |              ),44.00, 44.00, 44.00, 44.00, 44.00
   3 , xerces2_Und_GL_Tran_Log ,    4400  ,     0 (           *   |              ),44.00, 44.00, 44.00, 44.00, 44.00
   3 , xerces2_Und_Tran_Gauss ,    4400  ,     0 (           *   |              ),44.00, 44.00, 44.00, 44.00, 44.00
   3 , synapse2_Und_GL_Tran_Gauss ,    4400  ,     0 (           *   |              ),44.00, 44.00, 44.00, 44.00, 44.00
   3 , arc2_Tran_Gauss ,    4400  ,     0 (           *   |              ),44.00, 44.00, 44.00, 44.00, 44.00
   3 , synapse2_GL_Tran_Gauss ,    4500  ,     0 (            *  |              ),45.00, 45.00, 45.00, 45.00, 45.00
   3 , poi2_Und_Tran_Log ,    4500  ,     0 (            *  |              ),45.00, 45.00, 45.00, 45.00, 45.00
   3 , cm1_GL_Tran_Gauss ,    4700  ,     0 (            *  |              ),47.00, 47.00, 47.00, 47.00, 47.00
   4 , poi2_Und_GL_Tran_Log ,    4800  ,     0 (             * |              ),48.00, 48.00, 48.00, 48.00, 48.00
   4 , xerces2_Tran_Gauss ,    4800  ,     0 (             * |              ),48.00, 48.00, 48.00, 48.00, 48.00
   4 , lucene2_Und_Tran_Log ,    4900  ,     0 (             * |              ),49.00, 49.00, 49.00, 49.00, 49.00
   4 , cm1_Und_Tran_Log ,    4900  ,     0 (             * |              ),49.00, 49.00, 49.00, 49.00, 49.00
   4 , jedit2_Und_Tran_Gauss ,    4900  ,     0 (             * |              ),49.00, 49.00, 49.00, 49.00, 49.00
   4 , jedit2_Tran_Gauss ,    5000  ,     0 (             * |              ),50.00, 50.00, 50.00, 50.00, 50.00
   4 , synapse2_Tran_Gauss ,    5100  ,     0 (              *|              ),51.00, 51.00, 51.00, 51.00, 51.00
   4 , log4j2_Tran_Gauss ,    5100  ,     0 (              *|              ),51.00, 51.00, 51.00, 51.00, 51.00
   4 ,   arc2_Gauss ,    5100  ,  1600 (          -   *|              ),40.00, 44.00, 51.00, 58.00, 60.00
   4 , lucene2_GL_Tran_Gauss ,    5200  ,     0 (              *|              ),52.00, 52.00, 52.00, 52.00, 52.00
   5 , berek2_Und_Tran_Gauss ,    5300  ,     0 (              *|              ),53.00, 53.00, 53.00, 53.00, 53.00
   5 , camel2_Und_Gauss ,    5500  ,  1900 (        ----   *  -           ),34.00, 47.00, 55.00, 64.00, 69.00
   5 , poi2_GL_Tran_Gauss ,    5500  ,     0 (               *              ),55.00, 55.00, 55.00, 55.00, 55.00
   5 , synapse2_Und_Gauss ,    5500  ,  1800 (           -   *  ---         ),43.00, 47.00, 55.00, 65.00, 73.00
   5 , camel2_GL_Gauss ,    5500  ,   500 (             - *              ),50.00, 52.00, 55.00, 57.00, 59.00
   5 , synapse2_Und_Tran_Gauss ,    5600  ,     0 (               *              ),56.00, 56.00, 56.00, 56.00, 56.00
   5 , poi2_Und_GL_Tran_Gauss ,    5600  ,     0 (               *              ),56.00, 56.00, 56.00, 56.00, 56.00
   6 , lucene2_Und_GL_Tran_Gauss ,    5700  ,     0 (               *              ),57.00, 57.00, 57.00, 57.00, 57.00
   6 , synapse2_Gauss ,    5700  ,  1200 (            -- * --           ),47.00, 53.00, 57.00, 61.00, 69.00
   6 , lucene2_GL_Gauss ,    5800  ,   900 (             - |*-            ),49.00, 54.00, 58.00, 61.00, 64.00
   6 , xerces2_GL_Tran_Gauss ,    5800  ,     0 (               |*             ),58.00, 58.00, 58.00, 58.00, 58.00
   6 , berek2_Und_GL_Tran_Gauss ,    5800  ,     0 (               |*             ),58.00, 58.00, 58.00, 58.00, 58.00
   6 , berek2_GL_Tran_Gauss ,    5800  ,     0 (               |*             ),58.00, 58.00, 58.00, 58.00, 58.00
   6 , jedit2_Und_GL_Tran_Log ,    5800  ,     0 (               |*             ),58.00, 58.00, 58.00, 58.00, 58.00
   6 , lucene2_Tran_Gauss ,    5900  ,     0 (               |*             ),59.00, 59.00, 59.00, 59.00, 59.00
   6 , xerces2_Und_GL_Tran_Gauss ,    5900  ,     0 (               |*             ),59.00, 59.00, 59.00, 59.00, 59.00
   6 , lucene2_Und_Tran_Gauss ,    6000  ,     0 (               |*             ),60.00, 60.00, 60.00, 60.00, 60.00
   6 , lucene2_Tran_KNN1 ,    6100  ,   900 (               | *-           ),55.00, 58.00, 61.00, 62.00, 68.00
   7 , pc3_Und_GL_Tran_Gauss ,    6200  ,     0 (               | *            ),62.00, 62.00, 62.00, 62.00, 62.00
   7 , lucene2_GL_Tran_KNN10 ,    6200  ,   500 (               |-*            ),59.00, 62.00, 62.00, 67.00, 68.00
   7 , synapse2_GL_Gauss ,    6300  ,   800 (               |-* -          ),57.00, 61.00, 63.00, 67.00, 71.00
   7 , lucene2_GL_Log ,    6300  ,   500 (               |-*--          ),58.00, 61.00, 63.00, 66.00, 72.00
   7 , synapse2_Und_Tran_Log ,    6300  ,     0 (               | *            ),63.00, 63.00, 63.00, 63.00, 63.00
   7 , synapse2_GL_Tran_KNN1 ,    6300  ,  1100 (              -| *            ),54.00, 58.00, 63.00, 67.00, 69.00
   7 , lucene2_GL_Tran_KNN1 ,    6400  ,   900 (               |  *           ),56.00, 59.00, 64.00, 67.00, 68.00
   7 , lucene2_GL_Tran_KNN3 ,    6400  ,   600 (               |- *-          ),59.00, 61.00, 64.00, 65.00, 71.00
   7 , poi2_Und_Tran_Gauss ,    6400  ,     0 (               |  *           ),64.00, 64.00, 64.00, 64.00, 64.00
   7 , lucene2_Tran_KNN10 ,    6400  ,   500 (               |- *           ),58.00, 62.00, 64.00, 65.00, 68.00
   7 , lucene2_Tran_KNN3 ,    6400  ,   900 (               |  *-          ),56.00, 59.00, 64.00, 67.00, 70.00
   7 , ant2_Tran_Gauss ,    6400  ,     0 (               |  *           ),64.00, 64.00, 64.00, 64.00, 64.00
   7 , synapse2_Tran_Log ,    6500  ,     0 (               |  *           ),65.00, 65.00, 65.00, 65.00, 65.00
   7 , synapse2_Tran_KNN1 ,    6500  ,   900 (              -|  *--         ),52.00, 60.00, 65.00, 67.00, 73.00
   7 , synapse2_GL_Log ,    6500  ,   600 (               |- *--         ),57.00, 63.00, 65.00, 67.00, 73.00
   7 , arc2_Und_Gauss ,    6500  ,  3100 (           ----|  *    ---    ),44.00, 56.00, 65.00, 81.00, 88.00
   7 , lucene2_Tran_KNN5 ,    6500  ,   600 (               |- *-          ),59.00, 62.00, 65.00, 68.00, 71.00
   8 , ant2_Und_Tran_Gauss ,    6600  ,     0 (               |  *           ),66.00, 66.00, 66.00, 66.00, 66.00
   8 , log4j2_Und_Tran_Gauss ,    6600  ,     0 (               |  *           ),66.00, 66.00, 66.00, 66.00, 66.00
   8 , ant2_GL_Gauss ,    6600  ,   500 (               | -*--         ),63.00, 65.00, 66.00, 69.00, 74.00
   8 , lucene2_Und_Gauss ,    6700  ,   300 (               | - *-         ),61.00, 66.00, 67.00, 69.00, 73.00
   8 , lucene2_GL_Tran_KNN5 ,    6700  ,   400 (               |-- *          ),59.00, 64.00, 67.00, 68.00, 70.00
   8 ,  lucene2_Log ,    6700  ,   300 (               |-- *-         ),58.00, 66.00, 67.00, 67.00, 73.00
   8 , pc1_Und_GL_Tran_Gauss ,    6700  ,     0 (               |   *          ),67.00, 67.00, 67.00, 67.00, 67.00
   8 , berek2_Tran_Gauss ,    6700  ,     0 (               |   *          ),67.00, 67.00, 67.00, 67.00, 67.00
   8 , camel2_Und_GL_Tran_Log ,    6700  ,     0 (               |   *          ),67.00, 67.00, 67.00, 67.00, 67.00
   8 , log4j2_GL_Tran_Gauss ,    6700  ,     0 (               |   *          ),67.00, 67.00, 67.00, 67.00, 67.00
   8 , elearning2_Und_Tran_Gauss ,    6800  ,     0 (               |   *          ),68.00, 68.00, 68.00, 68.00, 68.00
   8 , pc3_GL_Tran_Gauss ,    6800  ,     0 (               |   *          ),68.00, 68.00, 68.00, 68.00, 68.00
   8 , synapse2_Und_GL_Tran_Log ,    6800  ,     0 (               |   *          ),68.00, 68.00, 68.00, 68.00, 68.00
   8 , synapse2_GL_Tran_KNN10 ,    6900  ,   400 (               |---*-         ),58.00, 69.00, 69.00, 71.00, 75.00
   8 , synapse2_Tran_KNN3 ,    6900  ,   600 (               | --*--        ),63.00, 67.00, 69.00, 71.00, 77.00
   8 , cm1_GL_Tran_Log ,    6900  ,     0 (               |   *          ),69.00, 69.00, 69.00, 69.00, 69.00
   8 , camel2_GL_Tran_KNN1 ,    6900  ,   500 (               | --*-         ),63.00, 67.00, 69.00, 71.00, 73.00
   8 , pc1_Und_GL_Tran_Log ,    6900  ,     0 (               |   *          ),69.00, 69.00, 69.00, 69.00, 69.00
   8 , pc4_Und_GL_Tran_Log ,    6900  ,     0 (               |   *          ),69.00, 69.00, 69.00, 69.00, 69.00
   8 , poi2_GL_Gauss ,    6900  ,   700 (               |  -*          ),64.00, 68.00, 69.00, 73.00, 75.00
   8 , lucene2_Gauss ,    6900  ,   300 (               |  -*          ),64.00, 67.00, 69.00, 70.00, 72.00
   8 , camel2_Gauss ,    6900  ,  1300 (             --|-  * -        ),49.00, 61.00, 69.00, 74.00, 77.00
   8 , ant2_Und_GL_Tran_Log ,    6900  ,     0 (               |   *          ),69.00, 69.00, 69.00, 69.00, 69.00
   8 , synapse2_GL_Tran_KNN3 ,    6900  ,   800 (               | - *--        ),63.00, 65.00, 69.00, 71.00, 77.00
   8 , synapse2_GL_Tran_Log ,    6900  ,     0 (               |   *          ),69.00, 69.00, 69.00, 69.00, 69.00
   8 , camel2_GL_Tran_Log ,    7000  ,     0 (               |    *         ),70.00, 70.00, 70.00, 70.00, 70.00
   8 , pc1_Und_Tran_Log ,    7000  ,     0 (               |    *         ),70.00, 70.00, 70.00, 70.00, 70.00
   8 , pc3_Und_Gauss ,    7000  ,  6000 (               |    *--       ),15.00, 17.00, 70.00, 75.00, 80.00
   8 , pc3_Und_GL_Tran_Log ,    7000  ,     0 (               |    *         ),70.00, 70.00, 70.00, 70.00, 70.00
   8 , xerces2_Und_Gauss ,    7000  ,   900 (               |  - *--       ),65.00, 68.00, 70.00, 73.00, 79.00
   8 , lucene2_Und_Tran_KNN10 ,    7000  ,   700 (               |  - *--       ),64.00, 68.00, 70.00, 74.00, 79.00
   8 , camel2_Tran_KNN1 ,    7000  ,   400 (               |  - *         ),66.00, 68.00, 70.00, 71.00, 73.00
   8 , camel2_GL_Log ,    7000  ,   400 (               |  - *         ),66.00, 69.00, 70.00, 72.00, 74.00
   9 , synapse2_Tran_KNN5 ,    7100  ,   800 (               | -- *         ),63.00, 67.00, 71.00, 73.00, 75.00
   9 , lucene2_Und_GL_Tran_KNN10 ,    7100  ,   500 (               |    *-        ),67.00, 68.00, 71.00, 73.00, 76.00
   9 , log4j2_Und_GL_Tran_Gauss ,    7100  ,     0 (               |    *         ),71.00, 71.00, 71.00, 71.00, 71.00
   9 ,   ant2_Gauss ,    7100  ,   800 (               | -  *         ),63.00, 66.00, 71.00, 72.00, 75.00
   9 , synapse2_Und_GL_Tran_KNN10 ,    7100  ,   600 (               |    *--       ),67.00, 69.00, 71.00, 75.00, 81.00
   9 , xerces2_Gauss ,    7100  ,   800 (               |  - * -       ),65.00, 69.00, 71.00, 77.00, 81.00
   9 , poi2_GL_Tran_KNN1 ,    7100  ,   900 (               |  --* -       ),65.00, 70.00, 71.00, 76.00, 80.00
   9 , synapse2_Log ,    7100  ,   600 (               |  - *-        ),65.00, 69.00, 71.00, 73.00, 76.00
   9 , synapse2_Tran_KNN10 ,    7100  ,   600 (               | -- *         ),63.00, 67.00, 71.00, 71.00, 73.00
   9 , poi2_Tran_Gauss ,    7100  ,     0 (               |    *         ),71.00, 71.00, 71.00, 71.00, 71.00
   9 , pc4_Und_Tran_Log ,    7100  ,     0 (               |    *         ),71.00, 71.00, 71.00, 71.00, 71.00
   9 , synapse2_Und_Tran_KNN10 ,    7100  ,   600 (               |  - *--       ),65.00, 69.00, 71.00, 75.00, 79.00
   9 , synapse2_GL_Tran_KNN5 ,    7100  ,   800 (               | -- *         ),63.00, 67.00, 71.00, 73.00, 75.00
  10 , lucene2_Und_Log ,    7200  ,   800 (               |  - *-        ),64.00, 67.00, 72.00, 73.00, 78.00
  10 , ivy2_Und_GL_Tran_Log ,    7200  ,     0 (               |    *         ),72.00, 72.00, 72.00, 72.00, 72.00
  10 , jedit2_GL_Tran_Log ,    7200  ,     0 (               |    *         ),72.00, 72.00, 72.00, 72.00, 72.00
  10 , poi2_Tran_KNN1 ,    7200  ,   500 (               |   -*-        ),68.00, 70.00, 72.00, 73.00, 77.00
  10 , pc3_Und_Tran_Log ,    7300  ,     0 (               |     *        ),73.00, 73.00, 73.00, 73.00, 73.00
  10 ,     poi2_Log ,    7300  ,   500 (               |  -- *        ),66.00, 70.00, 73.00, 75.00, 78.00
  10 , xerces2_GL_Gauss ,    7300  ,   500 (               |   - *-       ),68.00, 71.00, 73.00, 76.00, 79.00
  10 , camel2_GL_Tran_KNN3 ,    7300  ,   300 (               |     *        ),70.00, 72.00, 73.00, 74.00, 76.00
  10 , camel2_Tran_KNN3 ,    7300  ,   500 (               |   - *        ),69.00, 71.00, 73.00, 74.00, 77.00
  10 , ant2_GL_Tran_Log ,    7300  ,     0 (               |     *        ),73.00, 73.00, 73.00, 73.00, 73.00
  11 , ant2_Und_Gauss ,    7400  ,   600 (               |   - *-       ),67.00, 72.00, 74.00, 78.00, 80.00
  11 ,  poi2_GL_Log ,    7400  ,   600 (               |   - *-       ),68.00, 71.00, 74.00, 76.00, 80.00
  11 , camel2_Tran_KNN5 ,    7400  ,   300 (               |    -*-       ),71.00, 73.00, 74.00, 76.00, 79.00
  11 ,  ant2_GL_Log ,    7400  ,   500 (               |   - *        ),69.00, 72.00, 74.00, 76.00, 78.00
  11 , pc4_Und_GL_Tran_Gauss ,    7400  ,     0 (               |     *        ),74.00, 74.00, 74.00, 74.00, 74.00
  11 , pc1_GL_Tran_Gauss ,    7500  ,     0 (               |     *        ),75.00, 75.00, 75.00, 75.00, 75.00
  11 , synapse2_Und_Tran_KNN5 ,    7500  ,   800 (               |  ---* -      ),65.00, 73.00, 75.00, 79.00, 83.00
  11 , poi2_GL_Tran_KNN3 ,    7500  ,   600 (               |   - *-       ),67.00, 71.00, 75.00, 77.00, 80.00
  11 , poi2_GL_Tran_KNN5 ,    7500  ,   600 (               |    -*-       ),71.00, 73.00, 75.00, 77.00, 81.00
  11 , synapse2_Und_GL_Tran_KNN5 ,    7500  ,   400 (               |   --*-       ),67.00, 73.00, 75.00, 77.00, 79.00
  11 ,   poi2_Gauss ,    7500  ,   700 (               |     *-       ),70.00, 71.00, 75.00, 78.00, 80.00
  11 , log4j2_Und_Gauss ,    7500  ,   700 (               |   --*---     ),68.00, 73.00, 75.00, 78.00, 85.00
  11 , poi2_Tran_KNN3 ,    7500  ,   600 (               |   - *-       ),68.00, 72.00, 75.00, 77.00, 81.00
  11 , log4j2_Gauss ,    7500  ,  1000 (               |  -  *--      ),65.00, 68.00, 75.00, 78.00, 83.00
  12 , camel2_Und_Tran_Log ,    7600  ,     0 (               |      *       ),76.00, 76.00, 76.00, 76.00, 76.00
  12 , ant2_Und_Tran_Log ,    7600  ,     0 (               |      *       ),76.00, 76.00, 76.00, 76.00, 76.00
  12 , pc3_GL_Gauss ,    7600  ,   600 (               |      *       ),73.00, 75.00, 76.00, 80.00, 81.00
  12 , camel2_Und_GL_Gauss ,    7600  ,   600 (               |   -- *       ),69.00, 74.00, 76.00, 78.00, 80.00
  12 , poi2_GL_Tran_KNN10 ,    7600  ,   500 (               |   -- *       ),68.00, 75.00, 76.00, 76.00, 81.00
  12 , lucene2_Und_GL_Tran_KNN5 ,    7600  ,   600 (               |    - *       ),71.00, 73.00, 76.00, 79.00, 80.00
  12 , poi2_Tran_KNN5 ,    7600  ,   500 (               |    - *       ),70.00, 75.00, 76.00, 78.00, 81.00
  12 , ivy2_GL_Tran_Log ,    7600  ,     0 (               |      *       ),76.00, 76.00, 76.00, 76.00, 76.00
  12 , ant2_Tran_KNN1 ,    7600  ,   500 (               |    - *       ),71.00, 73.00, 76.00, 77.00, 79.00
  12 , lucene2_Und_Tran_KNN5 ,    7600  ,   800 (               |    - *-      ),70.00, 73.00, 76.00, 77.00, 82.00
  13 , camel2_Und_Tran_KNN3 ,    7700  ,   400 (               |      *-      ),74.00, 75.00, 77.00, 79.00, 82.00
  13 , cm1_Tran_Gauss ,    7700  ,     0 (               |      *       ),77.00, 77.00, 77.00, 77.00, 77.00
  13 , ant2_Tran_Log ,    7700  ,     0 (               |      *       ),77.00, 77.00, 77.00, 77.00, 77.00
  13 , camel2_Tran_Log ,    7700  ,     0 (               |      *       ),77.00, 77.00, 77.00, 77.00, 77.00
  13 , elearning2_Tran_Gauss ,    7700  ,     0 (               |      *       ),77.00, 77.00, 77.00, 77.00, 77.00
  13 , camel2_GL_Tran_KNN5 ,    7700  ,   300 (               |      *       ),73.00, 75.00, 77.00, 78.00, 79.00
  13 , camel2_Und_Tran_KNN5 ,    7700  ,   200 (               |     -*       ),74.00, 76.00, 77.00, 78.00, 80.00
  13 , poi2_Tran_KNN10 ,    7700  ,   300 (               |    - *       ),70.00, 75.00, 77.00, 78.00, 80.00
  13 , berek2_Tran_Log ,    7700  ,     0 (               |      *       ),77.00, 77.00, 77.00, 77.00, 77.00
  13 , cm1_Und_Tran_Gauss ,    7700  ,     0 (               |      *       ),77.00, 77.00, 77.00, 77.00, 77.00
  13 , pc4_GL_Gauss ,    7700  ,   400 (               |     -*       ),75.00, 76.00, 77.00, 79.00, 80.00
  13 , jedit2_Und_GL_Tran_KNN1 ,    7700  ,     0 (               |      *       ),77.00, 77.00, 77.00, 77.00, 77.00
  13 , ant2_Tran_KNN3 ,    7700  ,   400 (               |     -*       ),73.00, 76.00, 77.00, 78.00, 80.00
  14 ,   cm1_GL_Log ,    7800  ,   500 (               |    - *-      ),72.00, 75.00, 78.00, 80.00, 83.00
  14 ,   ivy2_Gauss ,    7800  ,   400 (               |     -*-      ),75.00, 77.00, 78.00, 81.00, 84.00
  14 , poi2_Und_Gauss ,    7800  ,   300 (               |  ----*-      ),65.00, 76.00, 78.00, 79.00, 83.00
  14 , synapse2_Und_Log ,    7800  ,   600 (               |    --*-      ),71.00, 76.00, 78.00, 80.00, 84.00
  14 , pc4_GL_Tran_Gauss ,    7800  ,     0 (               |      *       ),78.00, 78.00, 78.00, 78.00, 78.00
  14 , ant2_GL_Tran_KNN1 ,    7800  ,   600 (               |      *       ),73.00, 74.00, 78.00, 78.00, 80.00
  14 , ivy2_Und_Gauss ,    7800  ,  1100 (               |    --* --    ),70.00, 77.00, 78.00, 83.00, 90.00
  14 , camel2_Tran_KNN10 ,    7800  ,   200 (               |     -*       ),75.00, 77.00, 78.00, 79.00, 81.00
  14 , ant2_Tran_KNN5 ,    7800  ,   400 (               |     -*-      ),75.00, 77.00, 78.00, 79.00, 82.00
  14 , poi2_Und_Tran_KNN10 ,    7800  ,   500 (               |     -*--     ),75.00, 77.00, 78.00, 81.00, 85.00
  14 , poi2_Und_GL_Tran_KNN10 ,    7800  ,   800 (               |     -* -     ),73.00, 77.00, 78.00, 84.00, 85.00
  14 , camel2_Und_GL_Tran_KNN5 ,    7800  ,   300 (               |     -*-      ),75.00, 77.00, 78.00, 80.00, 82.00
  14 , pc1_Tran_Gauss ,    7800  ,     0 (               |      *       ),78.00, 78.00, 78.00, 78.00, 78.00
  14 , ant2_GL_Tran_KNN3 ,    7800  ,   500 (               |     -*-      ),73.00, 76.00, 78.00, 80.00, 82.00
  14 , camel2_Und_Tran_KNN10 ,    7800  ,   300 (               |     -*       ),75.00, 77.00, 78.00, 80.00, 81.00
  15 , jedit2_Und_Tran_Log ,    7900  ,     0 (               |       *      ),79.00, 79.00, 79.00, 79.00, 79.00
  15 , poi2_Und_Log ,    7900  ,   500 (               |    -- *      ),71.00, 78.00, 79.00, 81.00, 83.00
  15 , berek2_Und_Tran_Log ,    7900  ,     0 (               |       *      ),79.00, 79.00, 79.00, 79.00, 79.00
  15 ,     ant2_Log ,    7900  ,   500 (               |       *-     ),76.00, 78.00, 79.00, 82.00, 85.00
  15 , berek2_Und_GL_Tran_Log ,    7900  ,     0 (               |       *      ),79.00, 79.00, 79.00, 79.00, 79.00
  15 , synapse2_Und_GL_Tran_KNN3 ,    7900  ,   800 (               |   --  *      ),69.00, 75.00, 79.00, 81.00, 83.00
  15 ,   camel2_Log ,    7900  ,   400 (               |     - *      ),75.00, 78.00, 79.00, 81.00, 84.00
  15 , ant2_GL_Tran_KNN5 ,    7900  ,   300 (               |     - *      ),75.00, 78.00, 79.00, 80.00, 83.00
  15 , pc4_GL_Tran_KNN1 ,    7900  ,   300 (               |       *      ),77.00, 78.00, 79.00, 81.00, 82.00
  15 , synapse2_Und_Tran_KNN3 ,    7900  ,   600 (               |    -- *--    ),71.00, 77.00, 79.00, 81.00, 88.00
  15 , arc2_Und_GL_Tran_Log ,    7900  ,     0 (               |       *      ),79.00, 79.00, 79.00, 79.00, 79.00
  15 , arc2_Tran_KNN1 ,    7900  ,  1200 (               |    -- * -    ),71.00, 76.00, 79.00, 86.00, 88.00
  15 , xerces2_GL_Tran_KNN1 ,    7900  ,   500 (               |     - *      ),74.00, 76.00, 79.00, 81.00, 84.00
  15 , xerces2_Tran_KNN1 ,    7900  ,   300 (               |     - *      ),75.00, 78.00, 79.00, 81.00, 82.00
  15 , camel2_Und_GL_Tran_KNN10 ,    7900  ,   400 (               |       *      ),77.00, 78.00, 79.00, 81.00, 83.00
  15 , camel2_GL_Tran_KNN10 ,    7900  ,   100 (               |     - *      ),75.00, 78.00, 79.00, 79.00, 82.00
  15 , camel2_Und_GL_Tran_KNN3 ,    7900  ,   300 (               |     - *      ),75.00, 78.00, 79.00, 79.00, 82.00
  15 , pc4_Tran_KNN1 ,    7900  ,   400 (               |       *      ),76.00, 77.00, 79.00, 80.00, 83.00
  15 , pc4_Und_Tran_Gauss ,    8000  ,     0 (               |       *      ),80.00, 80.00, 80.00, 80.00, 80.00
  15 , ant2_Tran_KNN10 ,    8000  ,   200 (               |       *      ),76.00, 78.00, 80.00, 80.00, 84.00
  15 ,    cm1_Gauss ,    8000  ,   600 (               |     - *-     ),75.00, 77.00, 80.00, 83.00, 85.00
  15 , pc4_GL_Tran_Log ,    8000  ,     0 (               |       *      ),80.00, 80.00, 80.00, 80.00, 80.00
  15 , lucene2_Und_GL_Tran_KNN3 ,    8000  ,   800 (               |      -* -    ),76.00, 79.00, 80.00, 85.00, 89.00
  15 , ant2_Und_GL_Tran_KNN10 ,    8000  ,   500 (               |      -*-     ),76.00, 79.00, 80.00, 83.00, 86.00
  15 , ant2_GL_Tran_KNN10 ,    8000  ,   300 (               |       *-     ),79.00, 80.00, 80.00, 83.00, 85.00
  15 , cm1_Tran_KNN3 ,    8000  ,   500 (               |       *-     ),77.00, 78.00, 80.00, 83.00, 86.00
  15 , cm1_Tran_KNN1 ,    8000  ,   600 (               |     - *      ),75.00, 77.00, 80.00, 81.00, 84.00
  15 , cm1_Und_Gauss ,    8000  ,   900 (               |-----  *-     ),57.00, 74.00, 80.00, 82.00, 86.00
  16 , arc2_Und_Log ,    8100  ,   900 (               |      -*  -   ),77.00, 79.00, 81.00, 88.00, 93.00
  16 , pc3_GL_Tran_KNN1 ,    8100  ,   300 (               |       *      ),79.00, 79.00, 81.00, 81.00, 83.00
  16 , pc3_Tran_KNN1 ,    8100  ,   400 (               |      -*      ),78.00, 80.00, 81.00, 83.00, 83.00
  16 , cm1_GL_Tran_KNN1 ,    8100  ,   600 (               |     - *-     ),75.00, 78.00, 81.00, 84.00, 86.00
  16 , pc1_Und_Tran_Gauss ,    8100  ,     0 (               |       *      ),81.00, 81.00, 81.00, 81.00, 81.00
  16 , berek2_GL_Tran_Log ,    8100  ,     0 (               |       *      ),81.00, 81.00, 81.00, 81.00, 81.00
  16 , poi2_Und_GL_Tran_KNN5 ,    8100  ,   700 (               |      -*--    ),77.00, 80.00, 81.00, 84.00, 89.00
  16 , poi2_Und_Tran_KNN5 ,    8100  ,   700 (               |       *-     ),77.00, 78.00, 81.00, 82.00, 86.00
  16 , cm1_Tran_Log ,    8100  ,     0 (               |       *      ),81.00, 81.00, 81.00, 81.00, 81.00
  16 , ant2_Und_Log ,    8100  ,   400 (               |      -*      ),77.00, 79.00, 81.00, 82.00, 84.00
  16 , camel2_Und_Log ,    8100  ,   300 (               |      -*-     ),77.00, 79.00, 81.00, 82.00, 85.00
  16 ,  arc2_GL_Log ,    8100  ,   700 (               |     --*-     ),74.00, 79.00, 81.00, 84.00, 86.00
  16 , arc2_GL_Tran_KNN1 ,    8100  ,   700 (               |       *--    ),76.00, 76.00, 81.00, 83.00, 88.00
  16 , log4j2_GL_Tran_KNN1 ,    8200  ,   800 (               |     -- *-    ),74.00, 79.00, 82.00, 87.00, 90.00
  16 ,   pc3_GL_Log ,    8200  ,   300 (               |        *     ),79.00, 80.00, 82.00, 82.00, 85.00
  16 , xerces2_Tran_KNN3 ,    8200  ,   500 (               |      - *     ),77.00, 81.00, 82.00, 85.00, 87.00
  16 , ivy2_Und_Tran_Log ,    8200  ,     0 (               |        *     ),82.00, 82.00, 82.00, 82.00, 82.00
  16 , elearning2_Und_Log ,    8200  ,   900 (               |  ---   *--   ),64.00, 73.00, 82.00, 82.00, 91.00
  16 , cm1_GL_Gauss ,    8200  ,   500 (               |    --- *     ),72.00, 80.00, 82.00, 83.00, 86.00
  16 , xerces2_Tran_KNN10 ,    8200  ,   600 (               |        *     ),79.00, 80.00, 82.00, 86.00, 87.00
  16 , ant2_Und_GL_Gauss ,    8200  ,   400 (               |        *     ),79.00, 81.00, 82.00, 84.00, 86.00
  16 , camel2_Und_Tran_KNN1 ,    8200  ,   400 (               |      - *     ),78.00, 81.00, 82.00, 84.00, 85.00
  16 , ant2_Und_GL_Tran_KNN5 ,    8200  ,   400 (               |      - *     ),78.00, 80.00, 82.00, 84.00, 86.00
  16 , xerces2_GL_Log ,    8200  ,   400 (               |      - *     ),78.00, 81.00, 82.00, 84.00, 86.00
  16 , elearning2_Gauss ,    8200  ,  1800 (               |-----   *--   ),55.00, 73.00, 82.00, 82.00, 91.00
  16 , log4j2_Tran_KNN1 ,    8200  ,   600 (               |     -- *-    ),74.00, 79.00, 82.00, 85.00, 90.00
  16 , elearning2_GL_Log ,    8200  ,   900 (               |        *--   ),73.00, 73.00, 82.00, 82.00, 91.00
  16 , elearning2_Und_GL_Tran_Log ,    8200  ,     0 (               |        *     ),82.00, 82.00, 82.00, 82.00, 82.00
  16 , cm1_Und_GL_Log ,    8200  ,  1000 (               |     -  *-    ),74.00, 78.00, 82.00, 86.00, 89.00
  16 , elearning2_Log ,    8200  ,  1800 (               |  ---   *--   ),64.00, 73.00, 82.00, 82.00, 91.00
  16 , ivy2_GL_Tran_KNN1 ,    8200  ,   700 (               |      - *     ),76.00, 79.00, 82.00, 85.00, 87.00
  16 , xerces2_GL_Tran_KNN3 ,    8200  ,   400 (               |        *     ),79.00, 80.00, 82.00, 84.00, 86.00
  16 , xerces2_GL_Tran_KNN5 ,    8200  ,   600 (               |      - *     ),76.00, 81.00, 82.00, 86.00, 87.00
  16 , camel2_Und_GL_Log ,    8200  ,   500 (               |      - *     ),78.00, 80.00, 82.00, 83.00, 85.00
  16 , camel2_Und_GL_Tran_KNN1 ,    8200  ,   300 (               |      - *     ),77.00, 81.00, 82.00, 83.00, 85.00
  16 , lucene2_Und_Tran_KNN3 ,    8200  ,   400 (               |      - *     ),76.00, 79.00, 82.00, 83.00, 86.00
  17 , pc3_Und_Tran_Gauss ,    8300  ,     0 (               |        *     ),83.00, 83.00, 83.00, 83.00, 83.00
  17 , pc4_Tran_Gauss ,    8300  ,     0 (               |        *     ),83.00, 83.00, 83.00, 83.00, 83.00
  17 , pc3_Tran_Gauss ,    8300  ,     0 (               |        *     ),83.00, 83.00, 83.00, 83.00, 83.00
  17 , pc4_Tran_KNN3 ,    8300  ,   500 (               |       -*     ),80.00, 82.00, 83.00, 85.00, 87.00
  17 , pc4_Und_Gauss ,    8300  ,   500 (           ----|------- *-    ),44.00, 81.00, 83.00, 84.00, 88.00
  17 , cm1_GL_Tran_KNN3 ,    8300  ,   500 (               |      - *-    ),78.00, 81.00, 83.00, 84.00, 88.00
  17 , ant2_Und_GL_Tran_KNN3 ,    8300  ,   500 (               |      - *     ),78.00, 80.00, 83.00, 84.00, 87.00
  17 , pc4_GL_Tran_KNN3 ,    8300  ,   200 (               |       -*     ),81.00, 82.00, 83.00, 84.00, 85.00
  17 , ant2_Und_Tran_KNN5 ,    8300  ,   500 (               |      - *     ),76.00, 80.00, 83.00, 85.00, 87.00
  17 , ant2_Und_Tran_KNN3 ,    8300  ,   400 (               |      - *     ),77.00, 81.00, 83.00, 85.00, 87.00
  17 , ivy2_GL_Gauss ,    8300  ,   500 (               |        *     ),80.00, 81.00, 83.00, 84.00, 87.00
  17 ,  ivy2_GL_Log ,    8300  ,   500 (               |      - *     ),78.00, 81.00, 83.00, 84.00, 86.00
  17 , arc2_Tran_KNN3 ,    8300  ,   700 (               |      - *--   ),76.00, 81.00, 83.00, 86.00, 93.00
  17 , cm1_Tran_KNN5 ,    8300  ,   500 (               |      - *-    ),77.00, 81.00, 83.00, 86.00, 89.00
  17 , xerces2_Und_GL_Gauss ,    8300  ,   500 (               |      - *-    ),78.00, 81.00, 83.00, 84.00, 89.00
  17 , arc2_Und_Tran_KNN1 ,    8300  ,   700 (               |      - *--   ),76.00, 81.00, 83.00, 86.00, 93.00
  17 , arc2_GL_Tran_KNN3 ,    8300  ,   700 (               |       -* -   ),79.00, 83.00, 83.00, 88.00, 93.00
  18 , xerces2_GL_Tran_KNN10 ,    8400  ,   600 (               |        *-    ),79.00, 81.00, 84.00, 85.00, 88.00
  18 , ivy2_Tran_Log ,    8400  ,     0 (               |        *     ),84.00, 84.00, 84.00, 84.00, 84.00
  18 , cm1_Und_GL_Tran_KNN1 ,    8400  ,   500 (               |        *-    ),80.00, 81.00, 84.00, 86.00, 88.00
  18 , pc4_Und_GL_Tran_KNN3 ,    8400  ,   300 (               |        *-    ),82.00, 84.00, 84.00, 86.00, 88.00
  18 , pc1_Tran_KNN1 ,    8400  ,   300 (               |       -*-    ),81.00, 83.00, 84.00, 85.00, 89.00
  18 , lucene2_Und_GL_Gauss ,    8400  ,   600 (               |       -* -   ),79.00, 82.00, 84.00, 88.00, 91.00
  18 , xerces2_Tran_KNN5 ,    8400  ,   500 (               |      - *     ),78.00, 81.00, 84.00, 86.00, 87.00
  18 , cm1_Und_GL_Tran_KNN3 ,    8400  ,   700 (               |       -*--   ),80.00, 83.00, 84.00, 86.00, 91.00
  18 , ivy2_Tran_KNN1 ,    8400  ,   300 (               |       -*     ),81.00, 82.00, 84.00, 85.00, 87.00
  18 , ivy2_GL_Tran_KNN3 ,    8400  ,   600 (               |      --*-    ),78.00, 82.00, 84.00, 85.00, 88.00
  18 , cm1_Tran_KNN10 ,    8400  ,   600 (               |       -*--   ),81.00, 83.00, 84.00, 86.00, 91.00
  18 , pc4_Und_Tran_KNN1 ,    8400  ,   300 (               |       -*     ),81.00, 83.00, 84.00, 86.00, 87.00
  18 , ant2_Und_Tran_KNN10 ,    8400  ,   500 (               |     -- *     ),75.00, 80.00, 84.00, 85.00, 86.00
  18 , poi2_Und_GL_Gauss ,    8400  ,   500 (               |      - *-    ),78.00, 81.00, 84.00, 85.00, 90.00
  18 , pc4_Tran_KNN5 ,    8400  ,   400 (               |        *-    ),82.00, 83.00, 84.00, 86.00, 88.00
  19 , log4j2_GL_Log ,    8500  ,  1000 (               |       - *-   ),80.00, 83.00, 85.00, 88.00, 93.00
  19 , pc3_GL_Tran_KNN3 ,    8500  ,   200 (               |         *    ),82.00, 84.00, 85.00, 86.00, 87.00
  19 , pc3_Tran_KNN3 ,    8500  ,   200 (               |         *    ),82.00, 84.00, 85.00, 86.00, 87.00
  19 , pc1_GL_Gauss ,    8500  ,   300 (               |         *    ),82.00, 84.00, 85.00, 85.00, 88.00
  19 , poi2_Und_GL_Tran_KNN3 ,    8500  ,   500 (               |       - *-   ),80.00, 84.00, 85.00, 89.00, 92.00
  19 , pc4_Und_GL_Tran_KNN1 ,    8500  ,   300 (               |         *    ),82.00, 83.00, 85.00, 86.00, 87.00
  19 , pc4_Und_Tran_KNN3 ,    8500  ,   300 (               |         *    ),83.00, 84.00, 85.00, 86.00, 88.00
  19 , pc3_GL_Tran_Log ,    8500  ,     0 (               |         *    ),85.00, 85.00, 85.00, 85.00, 85.00
  19 , pc4_GL_Tran_KNN5 ,    8500  ,   200 (               |         *    ),82.00, 83.00, 85.00, 85.00, 86.00
  19 , ivy2_GL_Tran_KNN5 ,    8500  ,   500 (               |       - *    ),79.00, 84.00, 85.00, 87.00, 88.00
  19 ,  xerces2_Log ,    8500  ,   400 (               |       - *    ),80.00, 83.00, 85.00, 86.00, 88.00
  19 , pc1_GL_Tran_KNN1 ,    8500  ,   300 (               |         *    ),82.00, 84.00, 85.00, 87.00, 89.00
  19 , pc3_Und_GL_Log ,    8500  ,   500 (               |       - *    ),80.00, 82.00, 85.00, 86.00, 89.00
  19 , xerces2_Und_Tran_KNN10 ,    8500  ,   600 (               |       - *    ),80.00, 82.00, 85.00, 87.00, 89.00
  20 , arc2_Und_GL_Log ,    8600  ,   900 (               |      -  *-   ),77.00, 81.00, 86.00, 88.00, 93.00
  20 , pc4_Und_GL_Gauss ,    8600  ,   200 (               |        -*    ),83.00, 85.00, 86.00, 87.00, 88.00
  20 , pc1_Und_Gauss ,    8600  ,   700 (               |    ---- *    ),72.00, 82.00, 86.00, 88.00, 90.00
  20 , pc3_Und_GL_Tran_KNN1 ,    8600  ,   100 (               |       --*    ),81.00, 85.00, 86.00, 86.00, 88.00
  20 , pc3_Und_GL_Tran_KNN3 ,    8600  ,   300 (               |         *    ),83.00, 84.00, 86.00, 87.00, 90.00
  20 , arc2_Und_GL_Tran_KNN1 ,    8600  ,   900 (               |       - *-   ),79.00, 83.00, 86.00, 88.00, 93.00
  20 , pc3_Und_GL_Gauss ,    8600  ,   200 (               |        -*    ),82.00, 85.00, 86.00, 87.00, 87.00
  20 , berek2_GL_Tran_KNN5 ,    8600  ,  1400 (               |         *    ),86.00, 86.00, 86.00, 100.00, 100.00
  20 , berek2_GL_Tran_KNN3 ,    8600  ,  1400 (               |         *    ),86.00, 86.00, 86.00, 100.00, 100.00
  20 , berek2_GL_Tran_KNN1 ,    8600  ,  1400 (               |    -----*    ),71.00, 86.00, 86.00, 100.00, 100.00
  20 , pc4_Tran_KNN10 ,    8600  ,   300 (               |         *    ),83.00, 84.00, 86.00, 87.00, 88.00
  20 , cm1_GL_Tran_KNN5 ,    8600  ,   600 (               |       - *-   ),80.00, 84.00, 86.00, 89.00, 91.00
  20 ,      cm1_Log ,    8600  ,   500 (               |       - *    ),80.00, 83.00, 86.00, 88.00, 89.00
  20 , xerces2_Und_Log ,    8600  ,   400 (               |        -*    ),83.00, 85.00, 86.00, 87.00, 89.00
  20 , pc4_Und_Tran_KNN5 ,    8600  ,   200 (               |        -*    ),84.00, 85.00, 86.00, 87.00, 88.00
  20 , arc2_Und_Tran_Log ,    8600  ,     0 (               |         *    ),86.00, 86.00, 86.00, 86.00, 86.00
  20 ,     arc2_Log ,    8600  ,   700 (               |       - *    ),81.00, 84.00, 86.00, 91.00, 91.00
  20 , arc2_Und_Tran_KNN10 ,    8600  ,   700 (               |       - *-   ),81.00, 83.00, 86.00, 90.00, 93.00
  20 , pc4_Tran_Log ,    8600  ,     0 (               |         *    ),86.00, 86.00, 86.00, 86.00, 86.00
  20 , ant2_Und_GL_Tran_KNN1 ,    8600  ,   400 (               |        -*    ),84.00, 85.00, 86.00, 88.00, 90.00
  20 ,  cm1_Und_Log ,    8600  ,   600 (               |      -- *-   ),78.00, 83.00, 86.00, 88.00, 91.00
  20 , berek2_Und_Tran_KNN10 ,    8600  ,  1400 (               |    -----*    ),71.00, 86.00, 86.00, 100.00, 100.00
  20 , pc3_GL_Tran_KNN5 ,    8600  ,   200 (               |        -*    ),84.00, 86.00, 86.00, 88.00, 89.00
  20 , cm1_Und_Tran_KNN1 ,    8600  ,   800 (               |       - *-   ),80.00, 83.00, 86.00, 89.00, 92.00
  20 , cm1_Und_Tran_KNN3 ,    8600  ,   800 (               |      -- *    ),78.00, 84.00, 86.00, 91.00, 91.00
  20 , berek2_Tran_KNN5 ,    8600  ,  1400 (               |    -----*    ),71.00, 86.00, 86.00, 100.00, 100.00
  20 , berek2_Tran_KNN1 ,    8600  ,  1400 (               |    -----*    ),71.00, 86.00, 86.00, 100.00, 100.00
  20 , berek2_Tran_KNN3 ,    8600  ,  1400 (               |    -----*    ),71.00, 86.00, 86.00, 100.00, 100.00
  20 , arc2_GL_Gauss ,    8600  ,   400 (               |       - *-   ),79.00, 84.00, 86.00, 86.00, 91.00
  20 , cm1_Und_GL_Tran_KNN5 ,    8600  ,   400 (               |       - *-   ),81.00, 84.00, 86.00, 88.00, 91.00
  20 , ant2_Und_Tran_KNN1 ,    8600  ,   300 (               |        -*    ),84.00, 85.00, 86.00, 87.00, 90.00
  20 , xerces2_Und_GL_Tran_KNN10 ,    8600  ,   500 (               |       --*-   ),81.00, 85.00, 86.00, 89.00, 91.00
  20 , pc3_Und_Tran_KNN5 ,    8600  ,   100 (               |         *    ),85.00, 86.00, 86.00, 87.00, 90.00
  20 , pc3_Und_Tran_KNN3 ,    8600  ,   200 (               |        -*    ),84.00, 85.00, 86.00, 87.00, 89.00
  20 , pc3_Und_Tran_KNN1 ,    8600  ,   200 (               |        -*    ),82.00, 85.00, 86.00, 87.00, 89.00
  20 , arc2_GL_Tran_Log ,    8600  ,     0 (               |         *    ),86.00, 86.00, 86.00, 86.00, 86.00
  20 , arc2_Tran_KNN5 ,    8600  ,   700 (               |         *-   ),79.00, 81.00, 86.00, 88.00, 93.00
  20 , poi2_Und_Tran_KNN3 ,    8600  ,   300 (               |       - *    ),80.00, 84.00, 86.00, 87.00, 90.00
  20 , pc4_Und_GL_Tran_KNN5 ,    8600  ,   400 (               |       --*    ),81.00, 85.00, 86.00, 88.00, 89.00
  20 , pc3_Tran_Log ,    8600  ,     0 (               |         *    ),86.00, 86.00, 86.00, 86.00, 86.00
  20 , berek2_Und_GL_Tran_KNN10 ,    8600  ,  1500 (               |         *--- ),71.00, 71.00, 86.00, 86.00, 100.00
  20 , arc2_Und_Tran_KNN5 ,    8600  ,   700 (               |       - *-   ),81.00, 83.00, 86.00, 90.00, 93.00
  20 , arc2_Und_Tran_KNN3 ,    8600  ,   700 (               |       - *    ),79.00, 83.00, 86.00, 88.00, 90.00
  20 , pc4_GL_Tran_KNN10 ,    8600  ,   300 (               |         *    ),83.00, 84.00, 86.00, 87.00, 88.00
  20 ,   pc4_GL_Log ,    8600  ,   300 (               |         *    ),82.00, 84.00, 86.00, 87.00, 89.00
  21 , ant2_Und_GL_Log ,    8700  ,   500 (               |        -*    ),82.00, 85.00, 87.00, 88.00, 90.00
  21 , xerces2_Und_Tran_KNN5 ,    8700  ,   300 (               |       --*-   ),80.00, 86.00, 87.00, 88.00, 91.00
  21 , pc3_Und_GL_Tran_KNN5 ,    8700  ,   300 (               |         *    ),85.00, 86.00, 87.00, 89.00, 90.00
  21 , ivy2_Und_GL_Log ,    8700  ,   700 (               |       - *-   ),81.00, 84.00, 87.00, 90.00, 91.00
  21 , ivy2_Und_Log ,    8700  ,   500 (               |       - *    ),80.00, 84.00, 87.00, 88.00, 90.00
  21 , pc4_Und_GL_Log ,    8700  ,   200 (               |         *    ),85.00, 86.00, 87.00, 88.00, 90.00
  21 , pc3_Tran_KNN5 ,    8700  ,   400 (               |        -*    ),84.00, 86.00, 87.00, 88.00, 90.00
  21 ,    pc4_Gauss ,    8700  ,   300 (               |        -*    ),83.00, 85.00, 87.00, 88.00, 89.00
  21 , jedit2_Tran_Log ,    8700  ,     0 (               |         *    ),87.00, 87.00, 87.00, 87.00, 87.00
  21 ,     ivy2_Log ,    8700  ,   600 (               |       - *-   ),81.00, 84.00, 87.00, 90.00, 93.00
  21 , pc1_Und_GL_Log ,    8700  ,   300 (               |        -*    ),84.00, 86.00, 87.00, 89.00, 90.00
  21 , pc3_Und_Tran_KNN10 ,    8700  ,   300 (               |         *-   ),85.00, 87.00, 87.00, 89.00, 91.00
  21 , jedit2_Und_Log ,    9100  ,  1400 (               |  ------   *- ),64.00, 84.00, 91.00, 91.00, 98.00
  21 , xerces2_Und_GL_Tran_KNN5 ,    8700  ,   500 (               |        -*-   ),82.00, 86.00, 87.00, 89.00, 93.00
  21 , arc2_Tran_Log ,    8700  ,     0 (               |         *    ),87.00, 87.00, 87.00, 87.00, 87.00
  21 , pc4_Und_GL_Tran_KNN10 ,    8700  ,   200 (               |        -*    ),83.00, 86.00, 87.00, 88.00, 89.00
  21 ,  pc3_Und_Log ,    8700  ,   200 (               |         *    ),86.00, 87.00, 87.00, 88.00, 90.00
  21 , ivy2_Tran_KNN3 ,    8700  ,   600 (               |         *    ),82.00, 84.00, 87.00, 88.00, 90.00
  21 , ivy2_GL_Tran_KNN10 ,    8700  ,   600 (               |       - *-   ),79.00, 84.00, 87.00, 88.00, 91.00
  21 , pc1_Und_Tran_KNN1 ,    8700  ,   400 (               |        -*-   ),84.00, 86.00, 87.00, 89.00, 91.00
  21 , pc4_Und_Tran_KNN10 ,    8700  ,   100 (               |         *    ),85.00, 86.00, 87.00, 87.00, 89.00
  21 , pc3_GL_Tran_KNN10 ,    8700  ,   400 (               |         *-   ),86.00, 86.00, 87.00, 89.00, 91.00
  21 ,    pc1_Gauss ,    8700  ,   200 (               |         *-   ),85.00, 87.00, 87.00, 89.00, 91.00
  21 , synapse2_Und_GL_Gauss ,    8800  ,   600 (               |          *   ),82.00, 84.00, 88.00, 90.00, 92.00
  21 ,   berek2_Log ,    8800  ,  1300 (               | ----     *-- ),63.00, 75.00, 88.00, 88.00, 100.00
  21 , berek2_GL_Log ,    8800  ,  1300 (               |          *-- ),75.00, 75.00, 88.00, 88.00, 100.00
  21 , arc2_Und_GL_Tran_KNN3 ,    8800  ,   700 (               |        - *   ),83.00, 86.00, 88.00, 90.00, 93.00
  21 , arc2_Und_GL_Tran_KNN5 ,    8800  ,   400 (               |        --*   ),83.00, 88.00, 88.00, 90.00, 93.00
  21 , cm1_Und_GL_Tran_KNN10 ,    8800  ,   500 (               |        - *   ),84.00, 86.00, 88.00, 88.00, 91.00
  21 ,      pc3_Log ,    8800  ,   200 (               |          *   ),85.00, 87.00, 88.00, 89.00, 91.00
  21 , cm1_GL_Tran_KNN10 ,    8800  ,   500 (               |       -- *   ),81.00, 86.00, 88.00, 89.00, 92.00
  21 ,   pc1_GL_Log ,    8800  ,   400 (               |        - *   ),84.00, 85.00, 88.00, 89.00, 90.00
  21 ,   log4j2_Log ,    8800  ,   500 (               |         -*-  ),85.00, 88.00, 88.00, 93.00, 95.00
  21 , arc2_GL_Tran_KNN10 ,    8800  ,   700 (               |          *   ),83.00, 83.00, 88.00, 90.00, 93.00
  21 , ivy2_Und_GL_Tran_KNN5 ,    8800  ,   400 (               |       -- *   ),81.00, 87.00, 88.00, 90.00, 93.00
  21 , ivy2_Und_GL_Tran_KNN3 ,    8800  ,   600 (               |       -- *   ),79.00, 85.00, 88.00, 90.00, 93.00
  21 , ivy2_Und_GL_Tran_KNN1 ,    8800  ,   600 (               |        - *   ),82.00, 85.00, 88.00, 90.00, 93.00
  21 , arc2_Und_GL_Tran_KNN10 ,    8800  ,   400 (               |        - *   ),83.00, 86.00, 88.00, 90.00, 93.00
  21 , pc3_Tran_KNN10 ,    8800  ,   300 (               |          *   ),86.00, 87.00, 88.00, 89.00, 91.00
  21 , ivy2_Tran_KNN5 ,    8800  ,   600 (               |        - *   ),82.00, 87.00, 88.00, 90.00, 91.00
  21 , ivy2_Und_GL_Tran_KNN10 ,    8800  ,   800 (               |        - *   ),84.00, 85.00, 88.00, 91.00, 93.00
  21 , elearning2_GL_Tran_Log ,    8800  ,     0 (               |          *   ),88.00, 88.00, 88.00, 88.00, 88.00
  21 , berek2_GL_Gauss ,    8800  ,  1200 (               |     -----*   ),75.00, 88.00, 88.00, 100.00, 100.00
  21 , synapse2_Und_GL_Log ,    8800  ,   600 (               |        --*-  ),84.00, 88.00, 88.00, 90.00, 94.00
  21 , arc2_Tran_KNN10 ,    8800  ,   700 (               |       -  *   ),79.00, 83.00, 88.00, 90.00, 90.00
  21 , arc2_GL_Tran_KNN5 ,    8800  ,   700 (               |          *   ),83.00, 83.00, 88.00, 90.00, 93.00
  21 , berek2_Gauss ,    8800  ,  2500 (               |          *   ),75.00, 75.00, 88.00, 100.00, 100.00
  22 , xerces2_Und_Tran_KNN3 ,    8900  ,   400 (               |        - *   ),84.00, 87.00, 89.00, 90.00, 93.00
  22 , pc3_Und_GL_Tran_KNN10 ,    8900  ,   300 (               |        - *   ),84.00, 87.00, 89.00, 89.00, 91.00
  22 , pc1_Tran_KNN3 ,    8900  ,   300 (               |          *   ),86.00, 87.00, 89.00, 90.00, 90.00
  22 , pc1_GL_Tran_KNN3 ,    8900  ,   400 (               |          *   ),87.00, 87.00, 89.00, 91.00, 93.00
  22 ,  pc1_Und_Log ,    8900  ,   400 (               |         -*   ),86.00, 88.00, 89.00, 92.00, 92.00
  22 , cm1_Und_Tran_KNN5 ,    8900  ,   700 (               |       -  *   ),81.00, 84.00, 89.00, 91.00, 92.00
  22 ,      pc4_Log ,    8900  ,   100 (               |          *   ),88.00, 89.00, 89.00, 90.00, 91.00
  22 , cm1_Und_GL_Gauss ,    8900  ,   400 (               |         -*-  ),85.00, 89.00, 89.00, 91.00, 94.00
  22 , pc1_Und_GL_Tran_KNN1 ,    8900  ,   300 (               |        --*   ),84.00, 88.00, 89.00, 90.00, 91.00
  22 , cm1_Und_Tran_KNN10 ,    8900  ,   700 (               |       -- *   ),81.00, 86.00, 89.00, 91.00, 92.00
  22 , log4j2_GL_Tran_KNN3 ,    9000  ,   500 (               |          *-  ),85.00, 87.00, 90.00, 90.00, 95.00
  22 , ivy2_Und_Tran_KNN10 ,    9000  ,   500 (               |        - *   ),82.00, 87.00, 90.00, 90.00, 93.00
  22 , xerces2_Und_GL_Tran_KNN3 ,    9000  ,   300 (               |         -*-  ),87.00, 88.00, 90.00, 91.00, 94.00
  22 , log4j2_GL_Gauss ,    9000  ,   300 (               |          *-  ),88.00, 90.00, 90.00, 93.00, 95.00
  22 , elearning2_GL_Tran_KNN10 ,    9000  ,     0 (               |       ---*   ),80.00, 90.00, 90.00, 90.00, 90.00
  22 , pc1_Tran_KNN5 ,    9000  ,   200 (               |         -*   ),87.00, 89.00, 90.00, 91.00, 92.00
  22 , synapse2_Und_GL_Tran_KNN1 ,    9000  ,   700 (               |         -*-  ),85.00, 88.00, 90.00, 92.00, 96.00
  22 , pc1_GL_Tran_Log ,    9000  ,     0 (               |          *   ),90.00, 90.00, 90.00, 90.00, 90.00
  22 , elearning2_Tran_KNN1 ,    9000  ,  2000 (               |          *-- ),80.00, 80.00, 90.00, 90.00, 100.00
  22 , elearning2_Tran_KNN3 ,    9000  ,     0 (               |       ---*   ),80.00, 90.00, 90.00, 90.00, 90.00
  22 , elearning2_Tran_KNN5 ,    9000  ,     0 (               |          *   ),90.00, 90.00, 90.00, 90.00, 90.00
  22 , elearning2_Und_Tran_KNN3 ,    9000  ,     0 (               |          *-- ),90.00, 90.00, 90.00, 90.00, 100.00
  22 , elearning2_Und_Tran_KNN1 ,    9000  ,  1000 (               |       ---*   ),80.00, 90.00, 90.00, 100.00, 100.00
  22 , elearning2_Und_Tran_KNN5 ,    9000  ,     0 (               |          *   ),90.00, 90.00, 90.00, 90.00, 90.00
  22 , elearning2_Und_GL_Tran_KNN5 ,    9000  ,     0 (               |       ---*   ),80.00, 90.00, 90.00, 90.00, 90.00
  22 , elearning2_Und_GL_Tran_KNN1 ,    9000  ,  1000 (               |          *-- ),80.00, 80.00, 90.00, 90.00, 100.00
  22 , elearning2_Und_GL_Tran_KNN3 ,    9000  ,     0 (               |       ---*   ),80.00, 90.00, 90.00, 90.00, 90.00
  22 , elearning2_GL_Tran_KNN3 ,    9000  ,  1000 (               |          *   ),80.00, 80.00, 90.00, 90.00, 90.00
  22 , elearning2_GL_Tran_KNN1 ,    9000  ,  1000 (               |          *-- ),80.00, 80.00, 90.00, 90.00, 100.00
  22 , elearning2_GL_Tran_KNN5 ,    9000  ,     0 (               |       ---*   ),80.00, 90.00, 90.00, 90.00, 90.00
  22 , elearning2_Und_Tran_KNN10 ,    9000  ,     0 (               |          *   ),90.00, 90.00, 90.00, 90.00, 90.00
  22 , log4j2_Tran_KNN3 ,    9000  ,   500 (               |          *-  ),85.00, 87.00, 90.00, 92.00, 95.00
  22 , elearning2_Tran_KNN10 ,    9000  ,     0 (               |       ---*   ),80.00, 90.00, 90.00, 90.00, 90.00
  22 , elearning2_Und_GL_Tran_KNN10 ,    9000  ,     0 (               |       ---*   ),80.00, 90.00, 90.00, 90.00, 90.00
  22 , ivy2_Tran_KNN10 ,    9000  ,   600 (               |        - *-  ),84.00, 87.00, 90.00, 91.00, 94.00
  22 , ivy2_Und_Tran_KNN3 ,    9000  ,   600 (               |        --*   ),84.00, 88.00, 90.00, 91.00, 93.00
  22 , ivy2_Und_Tran_KNN1 ,    9000  ,   800 (               |        - *-  ),82.00, 87.00, 90.00, 93.00, 94.00
  22 , ivy2_Und_Tran_KNN5 ,    9000  ,   400 (               |         -*   ),85.00, 88.00, 90.00, 91.00, 93.00
  22 , ivy2_Und_GL_Gauss ,    9000  ,   500 (               |        --*-  ),84.00, 88.00, 90.00, 93.00, 94.00
  23 , pc1_GL_Tran_KNN10 ,    9100  ,   400 (               |           *  ),89.00, 89.00, 91.00, 93.00, 94.00
  23 , elearning2_GL_Gauss ,    9100  ,   900 (               |           *  ),82.00, 82.00, 91.00, 91.00, 91.00
  23 , elearning2_Und_Gauss ,    9100  ,     0 (               |        ---*- ),82.00, 91.00, 91.00, 91.00, 100.00
  23 ,      pc1_Log ,    9100  ,   200 (               |           *  ),89.00, 89.00, 91.00, 91.00, 93.00
  23 , elearning2_Und_GL_Log ,    9100  ,   900 (               |     ---   *- ),73.00, 82.00, 91.00, 91.00, 100.00
  23 ,  pc4_Und_Log ,    9100  ,   300 (               |         - *  ),86.00, 89.00, 91.00, 92.00, 93.00
  23 , pc1_Tran_KNN10 ,    9100  ,   200 (               |           *  ),88.00, 89.00, 91.00, 91.00, 93.00
  23 , derby_Und_Tran_KNN10 ,    9100  ,   200 (               |           *  ),89.00, 90.00, 91.00, 92.00, 92.00
  23 , pc1_Und_Tran_KNN3 ,    9100  ,   300 (               |         --*  ),85.00, 91.00, 91.00, 92.00, 94.00
  23 , pc1_Und_Tran_KNN5 ,    9100  ,   200 (               |          -*  ),88.00, 91.00, 91.00, 93.00, 95.00
  23 , pc1_Und_GL_Tran_KNN5 ,    9100  ,   300 (               |          -*  ),89.00, 91.00, 91.00, 94.00, 94.00
  23 , pc1_Und_GL_Tran_KNN3 ,    9100  ,   400 (               |         - *  ),87.00, 89.00, 91.00, 92.00, 94.00
  23 , derby_Und_GL_Tran_KNN10 ,    9100  ,   200 (               |         - *  ),87.00, 90.00, 91.00, 92.00, 93.00
  23 , elearning2_Tran_Log ,    9100  ,     0 (               |           *  ),91.00, 91.00, 91.00, 91.00, 91.00
  23 , bookkeeper_Und_Tran_KNN5 ,    9100  ,   200 (               |         --*  ),86.00, 91.00, 91.00, 93.00, 95.00
  23 , bookkeeper_Und_Tran_KNN3 ,    9100  ,   200 (               |         --*  ),86.00, 91.00, 91.00, 93.00, 95.00
  23 , bookkeeper_Tran_KNN5 ,    9100  ,   400 (               |          -*  ),89.00, 91.00, 91.00, 95.00, 96.00
  23 , elearning2_Und_Tran_Log ,    9100  ,     0 (               |           *  ),91.00, 91.00, 91.00, 91.00, 91.00
  23 , bookkeeper_Und_GL_Tran_KNN10 ,    9100  ,   600 (               |          -*  ),88.00, 91.00, 91.00, 93.00, 96.00
  23 , bookkeeper_Und_Tran_KNN10 ,    9100  ,   200 (               |         --*  ),86.00, 91.00, 91.00, 93.00, 95.00
  23 , pc1_GL_Tran_KNN5 ,    9100  ,   300 (               |         - *  ),87.00, 89.00, 91.00, 91.00, 94.00
  23 , arc2_Und_GL_Gauss ,    9100  ,   700 (               |       --- *  ),81.00, 88.00, 91.00, 93.00, 95.00
  23 , elearning2_Und_GL_Gauss ,    9100  ,  1800 (               |--------   *  ),55.00, 82.00, 91.00, 100.00, 100.00
  24 , log4j2_Und_GL_Tran_KNN5 ,    9200  ,   300 (               |          -*- ),90.00, 92.00, 92.00, 92.00, 97.00
  24 , log4j2_GL_Tran_KNN5 ,    9200  ,   500 (               |         - *  ),87.00, 90.00, 92.00, 92.00, 95.00
  24 , pc1_Und_Tran_KNN10 ,    9200  ,   200 (               |          -*  ),90.00, 91.00, 92.00, 93.00, 94.00
  24 , log4j2_Und_GL_Tran_KNN10 ,    9200  ,   300 (               |          -*- ),90.00, 92.00, 92.00, 95.00, 97.00
  24 , accumulo_Und_Tran_KNN10 ,    9200  ,   100 (               |          -*  ),90.00, 91.00, 92.00, 92.00, 94.00
  24 , synapse2_Und_Tran_KNN1 ,    9200  ,   900 (               |        -- *  ),83.00, 88.00, 92.00, 92.00, 94.00
  24 , log4j2_Und_GL_Tran_KNN3 ,    9200  ,   500 (               |         --*  ),87.00, 92.00, 92.00, 92.00, 95.00
  24 , derby_Und_GL_Tran_KNN5 ,    9200  ,   200 (               |          -*  ),90.00, 91.00, 92.00, 93.00, 94.00
  24 , cassandra_Und_Tran_KNN10 ,    9200  ,   200 (               |          -*  ),89.00, 91.00, 92.00, 93.00, 94.00
  24 , log4j2_Tran_KNN5 ,    9200  ,   200 (               |         - *  ),87.00, 90.00, 92.00, 92.00, 95.00
  24 , pc1_Tran_Log ,    9200  ,     0 (               |           *  ),92.00, 92.00, 92.00, 92.00, 92.00
  24 , log4j2_GL_Tran_KNN10 ,    9200  ,   500 (               |         - *  ),87.00, 90.00, 92.00, 95.00, 95.00
  24 , log4j2_Tran_KNN10 ,    9200  ,   200 (               |         - *- ),87.00, 90.00, 92.00, 92.00, 97.00
  24 , pc1_Und_GL_Gauss ,    9200  ,   500 (               |           *  ),88.00, 90.00, 92.00, 94.00, 95.00
  24 , accumulo_Und_GL_Tran_KNN10 ,    9200  ,   100 (               |          -*  ),90.00, 91.00, 92.00, 92.00, 94.00
  25 , bookkeeper_GL_Tran_KNN10 ,    9300  ,   500 (               |          -*- ),89.00, 91.00, 93.00, 96.00, 98.00
  25 , derby_Und_Tran_KNN3 ,    9300  ,   100 (               |           *  ),92.00, 93.00, 93.00, 94.00, 94.00
  25 , bookkeeper_Tran_KNN10 ,    9300  ,   400 (               |          -*  ),89.00, 91.00, 93.00, 95.00, 96.00
  25 , bookkeeper_GL_Tran_KNN5 ,    9300  ,   600 (               |          -*  ),89.00, 91.00, 93.00, 95.00, 96.00
  25 , cassandra_Und_GL_Tran_KNN10 ,    9300  ,   200 (               |          -*  ),90.00, 93.00, 93.00, 94.00, 96.00
  25 , derby_Und_Tran_KNN5 ,    9300  ,   100 (               |           *  ),91.00, 92.00, 93.00, 93.00, 93.00
  25 , pc1_Und_GL_Tran_KNN10 ,    9300  ,   300 (               |          -*  ),89.00, 91.00, 93.00, 94.00, 94.00
  25 , bookkeeper_GL_Tran_KNN3 ,    9300  ,   600 (               |           *  ),88.00, 89.00, 93.00, 95.00, 96.00
  25 , derby_GL_Tran_KNN10 ,    9300  ,   200 (               |          -*  ),90.00, 92.00, 93.00, 94.00, 95.00
  25 , derby_Und_GL_Tran_KNN3 ,    9300  ,   200 (               |           *  ),91.00, 92.00, 93.00, 94.00, 95.00
  25 , log4j2_Und_Tran_KNN10 ,    9500  ,   500 (               |            * ),90.00, 90.00, 95.00, 95.00, 95.00
  25 , bookkeeper_Und_GL_Tran_KNN5 ,    9300  ,   400 (               |          -*  ),88.00, 91.00, 93.00, 93.00, 96.00
  25 , bookkeeper_Und_Tran_KNN1 ,    9300  ,   400 (               |        ---*  ),84.00, 91.00, 93.00, 93.00, 95.00
  25 , bookkeeper_Und_GL_Tran_KNN3 ,    9300  ,   400 (               |          -*  ),89.00, 93.00, 93.00, 95.00, 96.00
  25 , bookkeeper_Und_GL_Tran_KNN1 ,    9300  ,   500 (               |          -*  ),88.00, 91.00, 93.00, 95.00, 96.00
  25 , derby_Tran_KNN10 ,    9300  ,   200 (               |           *  ),91.00, 92.00, 93.00, 94.00, 94.00
  25 , bookkeeper_Tran_KNN3 ,    9300  ,   200 (               |          -*  ),89.00, 91.00, 93.00, 93.00, 96.00
  25 , log4j2_Und_Tran_KNN5 ,    9500  ,   500 (               |            * ),90.00, 90.00, 95.00, 95.00, 97.00
  26 , jedit2_Gauss ,    9400  ,   200 (               |          - * ),89.00, 93.00, 94.00, 95.00, 98.00
  26 , cassandra_GL_Tran_KNN10 ,    9400  ,   200 (               |            * ),91.00, 93.00, 94.00, 94.00, 96.00
  26 , cassandra_Und_Tran_KNN5 ,    9400  ,   200 (               |            * ),93.00, 93.00, 94.00, 94.00, 96.00
  26 , pig_Und_GL_Tran_KNN10 ,    9400  ,   200 (               |            * ),91.00, 93.00, 94.00, 95.00, 96.00
  26 , derby_GL_Tran_KNN5 ,    9400  ,   100 (               |           -* ),92.00, 94.00, 94.00, 94.00, 96.00
  26 , derby_GL_Tran_KNN3 ,    9400  ,   100 (               |           -* ),93.00, 94.00, 94.00, 95.00, 96.00
  26 , derby_Und_Tran_KNN1 ,    9400  ,   100 (               |           -* ),93.00, 94.00, 94.00, 95.00, 95.00
  26 , pig_Und_Tran_KNN10 ,    9400  ,   200 (               |            * ),92.00, 93.00, 94.00, 95.00, 96.00
  26 , cassandra_Tran_KNN10 ,    9400  ,   200 (               |            * ),92.00, 93.00, 94.00, 95.00, 96.00
  26 , wicket_Und_GL_Tran_KNN10 ,    9400  ,   300 (               |            * ),92.00, 93.00, 94.00, 95.00, 98.00
  26 , cxf_Und_GL_Tran_KNN10 ,    9400  ,   200 (               |            * ),91.00, 93.00, 94.00, 94.00, 95.00
  26 , accumulo_Und_GL_Tran_KNN5 ,    9400  ,   300 (               |          - * ),90.00, 92.00, 94.00, 94.00, 95.00
  26 , derby_Und_GL_Tran_KNN1 ,    9400  ,   100 (               |           -* ),92.00, 94.00, 94.00, 95.00, 96.00
  26 , jedit2_Und_GL_Log ,    9200  ,  1000 (               |       ---- * ),81.00, 92.00, 94.00, 97.00, 99.00
  26 , derby_Tran_KNN5 ,    9400  ,   200 (               |            * ),92.00, 93.00, 94.00, 95.00, 95.00
  26 , felix_Und_GL_Tran_KNN10 ,    9400  ,   200 (               |            * ),92.00, 92.00, 94.00, 94.00, 95.00
  26 , accumulo_Und_Tran_KNN5 ,    9400  ,   300 (               |            * ),91.00, 93.00, 94.00, 95.00, 96.00
  27 , openjpa_Und_Tran_KNN1 ,    9600  ,   200 (               |            * ),94.00, 95.00, 96.00, 96.00, 97.00
  27 , jedit2_Und_Tran_KNN1 ,    9700  ,   300 (               |          -- *),90.00, 94.00, 97.00, 97.00, 97.00
  27 , accumulo_Tran_KNN10 ,    9500  ,   200 (               |            * ),94.00, 94.00, 95.00, 96.00, 97.00
  27 , cassandra_Und_Tran_KNN3 ,    9500  ,   200 (               |           -* ),93.00, 94.00, 95.00, 96.00, 96.00
  27 , derby_GL_Tran_KNN1 ,    9500  ,   100 (               |            * ),94.00, 95.00, 95.00, 96.00, 97.00
  27 , accumulo_GL_Tran_KNN10 ,    9500  ,   200 (               |           -* ),93.00, 94.00, 95.00, 96.00, 97.00
  27 , cassandra_Und_GL_Tran_KNN5 ,    9500  ,   300 (               |           -* ),92.00, 94.00, 95.00, 96.00, 97.00
  27 , hive_Und_Tran_KNN10 ,    9500  ,   100 (               |           -* ),93.00, 94.00, 95.00, 95.00, 96.00
  27 , bookkeeper_GL_Tran_KNN1 ,    9500  ,   300 (               |          - * ),89.00, 93.00, 95.00, 95.00, 96.00
  27 , cassandra_GL_Tran_KNN5 ,    9500  ,   200 (               |           -* ),93.00, 94.00, 95.00, 96.00, 97.00
  27 , cassandra_GL_Tran_KNN1 ,    9500  ,   200 (               |            * ),94.00, 94.00, 95.00, 96.00, 97.00
  27 , cxf_Und_Tran_KNN10 ,    9500  ,   100 (               |           -* ),93.00, 94.00, 95.00, 95.00, 96.00
  27 , log4j2_Und_Log ,    9500  ,   200 (               |          - * ),90.00, 93.00, 95.00, 95.00, 98.00
  27 , accumulo_Und_GL_Tran_KNN1 ,    9500  ,   200 (               |           -* ),92.00, 95.00, 95.00, 96.00, 97.00
  27 , accumulo_Und_GL_Tran_KNN3 ,    9500  ,   100 (               |           -* ),92.00, 94.00, 95.00, 95.00, 96.00
  27 , pig_Und_GL_Tran_KNN3 ,    9500  ,   300 (               |            * ),91.00, 93.00, 95.00, 96.00, 97.00
  27 , pig_Und_GL_Tran_KNN1 ,    9500  ,   300 (               |           -* ),93.00, 94.00, 95.00, 96.00, 98.00
  27 , pig_Und_GL_Tran_KNN5 ,    9500  ,   300 (               |           -* ),91.00, 94.00, 95.00, 96.00, 96.00
  27 , accumulo_GL_Tran_KNN1 ,    9500  ,   200 (               |            * ),94.00, 95.00, 95.00, 96.00, 97.00
  27 , felix_Und_Tran_KNN10 ,    9500  ,   200 (               |            * ),92.00, 93.00, 95.00, 95.00, 96.00
  27 , pig_Und_Tran_KNN5 ,    9500  ,   300 (               |            * ),93.00, 93.00, 95.00, 96.00, 97.00
  27 , pig_Und_Tran_KNN1 ,    9500  ,   200 (               |           -* ),92.00, 94.00, 95.00, 96.00, 97.00
  27 , pig_Und_Tran_KNN3 ,    9500  ,   200 (               |           -* ),93.00, 94.00, 95.00, 96.00, 97.00
  27 , derby_Tran_KNN3 ,    9500  ,   200 (               |           -* ),93.00, 94.00, 95.00, 95.00, 96.00
  27 , derby_Tran_KNN1 ,    9500  ,   100 (               |            * ),94.00, 95.00, 95.00, 96.00, 97.00
  27 , bookkeeper_Tran_KNN1 ,    9500  ,   100 (               |           -* ),91.00, 95.00, 95.00, 96.00, 100.00
  27 , accumulo_Und_Tran_KNN3 ,    9500  ,   200 (               |           -* ),92.00, 94.00, 95.00, 95.00, 96.00
  27 , accumulo_Und_Tran_KNN1 ,    9500  ,   200 (               |            * ),94.00, 94.00, 95.00, 96.00, 97.00
  27 , felix_Und_GL_Tran_KNN5 ,    9500  ,   200 (               |           -* ),93.00, 94.00, 95.00, 96.00, 97.00
  27 , hive_Und_GL_Tran_KNN10 ,    9500  ,   100 (               |           -* ),93.00, 94.00, 95.00, 95.00, 96.00
  27 , accumulo_Tran_KNN1 ,    9500  ,   100 (               |            * ),94.00, 95.00, 95.00, 96.00, 97.00
  27 , log4j2_Und_Tran_KNN3 ,    9500  ,   500 (               |         -  * ),87.00, 90.00, 95.00, 95.00, 97.00
  28 , pig_Tran_KNN5 ,    9600  ,   200 (               |            * ),95.00, 95.00, 96.00, 97.00, 98.00
  28 , pig_Tran_KNN3 ,    9600  ,   200 (               |            * ),95.00, 95.00, 96.00, 97.00, 98.00
  28 , pig_Tran_KNN1 ,    9600  ,   300 (               |            * ),95.00, 95.00, 96.00, 97.00, 98.00
  28 , openjpa_Und_Tran_KNN3 ,    9700  ,   100 (               |             *),95.00, 96.00, 97.00, 97.00, 98.00
  28 , pig_GL_Tran_KNN10 ,    9600  ,   100 (               |            * ),94.00, 95.00, 96.00, 96.00, 97.00
  28 , bookkeeper_Und_GL_Gauss ,    9600  ,   100 (               |           -* ),91.00, 95.00, 96.00, 96.00, 98.00
  28 , openjpa_Tran_KNN10 ,    9600  ,   100 (               |            * ),95.00, 96.00, 96.00, 97.00, 99.00
  28 , jedit2_GL_Log ,    9600  ,   200 (               |            * ),94.00, 96.00, 96.00, 97.00, 98.00
  28 , pig_Und_GL_Tran_Gauss ,    9600  ,     0 (               |            * ),96.00, 96.00, 96.00, 96.00, 96.00
  28 , cassandra_Tran_KNN3 ,    9600  ,   200 (               |            * ),94.00, 95.00, 96.00, 97.00, 98.00
  28 , cassandra_Tran_KNN5 ,    9600  ,   300 (               |           -* ),93.00, 94.00, 96.00, 96.00, 97.00
  28 , cassandra_Und_GL_Tran_KNN3 ,    9600  ,   300 (               |           -* ),93.00, 95.00, 96.00, 96.00, 98.00
  28 , accumulo_Tran_KNN5 ,    9600  ,   200 (               |            * ),94.00, 95.00, 96.00, 97.00, 98.00
  28 , hive_Und_GL_Tran_KNN3 ,    9600  ,   100 (               |            * ),95.00, 96.00, 96.00, 97.00, 98.00
  28 , hive_Und_GL_Tran_KNN5 ,    9600  ,   100 (               |            * ),95.00, 96.00, 96.00, 96.00, 97.00
  28 , accumulo_Tran_KNN3 ,    9600  ,   200 (               |            * ),94.00, 95.00, 96.00, 97.00, 97.00
  28 , cassandra_GL_Tran_KNN3 ,    9600  ,   100 (               |            * ),94.00, 96.00, 96.00, 96.00, 97.00
  28 , hive_Und_Tran_KNN5 ,    9600  ,   100 (               |            * ),95.00, 96.00, 96.00, 96.00, 97.00
  28 , hive_Und_Tran_KNN3 ,    9600  ,   100 (               |            * ),95.00, 96.00, 96.00, 97.00, 97.00
  28 , cxf_Und_Tran_KNN5 ,    9600  ,   100 (               |            * ),94.00, 95.00, 96.00, 96.00, 97.00
  28 , cxf_Und_GL_Tran_KNN3 ,    9600  ,   300 (               |            * ),94.00, 95.00, 96.00, 96.00, 98.00
  28 , cxf_Und_GL_Tran_KNN5 ,    9600  ,   200 (               |           -* ),93.00, 94.00, 96.00, 96.00, 97.00
  28 , cxf_Und_Tran_KNN3 ,    9600  ,   200 (               |            * ),95.00, 96.00, 96.00, 97.00, 97.00
  28 , hive_GL_Tran_KNN10 ,    9600  ,   200 (               |            * ),95.00, 95.00, 96.00, 97.00, 98.00
  28 , openjpa_Und_GL_Tran_KNN10 ,    9600  ,   100 (               |            * ),95.00, 96.00, 96.00, 97.00, 98.00
  28 , pig_GL_Tran_KNN5 ,    9600  ,   100 (               |            * ),95.00, 96.00, 96.00, 97.00, 98.00
  28 , felix_Und_Tran_KNN3 ,    9600  ,   100 (               |            * ),95.00, 96.00, 96.00, 97.00, 98.00
  28 , felix_Und_Tran_KNN5 ,    9600  ,   200 (               |            * ),95.00, 96.00, 96.00, 97.00, 98.00
  28 , cxf_GL_Tran_KNN10 ,    9600  ,   100 (               |            * ),95.00, 96.00, 96.00, 97.00, 98.00
  28 , bookkeeper_Und_GL_Log ,    9600  ,   100 (               |           -* ),91.00, 95.00, 96.00, 96.00, 98.00
  28 , accumulo_GL_Tran_KNN3 ,    9600  ,   200 (               |            * ),95.00, 95.00, 96.00, 96.00, 98.00
  28 , pig_Tran_KNN10 ,    9600  ,   200 (               |           -* ),93.00, 95.00, 96.00, 96.00, 97.00
  28 , openjpa_Und_GL_Tran_KNN3 ,    9600  ,   300 (               |           -* ),93.00, 95.00, 96.00, 97.00, 98.00
  28 , openjpa_Und_GL_Tran_KNN1 ,    9600  ,   400 (               |            * ),92.00, 93.00, 96.00, 97.00, 98.00
  28 , cassandra_Tran_KNN1 ,    9600  ,   200 (               |           -* ),93.00, 94.00, 96.00, 96.00, 97.00
  28 , openjpa_Und_GL_Tran_KNN5 ,    9600  ,   100 (               |            * ),94.00, 96.00, 96.00, 97.00, 98.00
  28 , bookkeeper_Und_Log ,    9600  ,   300 (               |          --* ),89.00, 95.00, 96.00, 98.00, 98.00
  28 , hive_Tran_KNN10 ,    9600  ,     0 (               |            * ),94.00, 96.00, 96.00, 96.00, 98.00
  28 , wicket_Und_Tran_Gauss ,    9600  ,     0 (               |            * ),96.00, 96.00, 96.00, 96.00, 96.00
  28 , accumulo_GL_Tran_KNN5 ,    9600  ,   200 (               |            * ),95.00, 95.00, 96.00, 97.00, 98.00
  28 , felix_Und_GL_Tran_KNN3 ,    9600  ,   200 (               |            * ),95.00, 95.00, 96.00, 97.00, 97.00
  29 , pig_Und_GL_Gauss ,    9700  ,   200 (               |             *),95.00, 96.00, 97.00, 98.00, 99.00
  29 , openjpa_Und_Tran_KNN10 ,    9700  ,   200 (               |             *),95.00, 96.00, 97.00, 97.00, 98.00
  29 , openjpa_Und_Tran_KNN5 ,    9700  ,   200 (               |             *),95.00, 96.00, 97.00, 97.00, 98.00
  29 , cxf_GL_Tran_KNN3 ,    9700  ,   100 (               |            -*),96.00, 97.00, 97.00, 98.00, 98.00
  29 , cxf_GL_Tran_KNN1 ,    9700  ,   100 (               |            -*),96.00, 97.00, 97.00, 98.00, 99.00
  29 , cxf_GL_Tran_KNN5 ,    9700  ,   200 (               |             *),96.00, 96.00, 97.00, 98.00, 98.00
  29 , accumulo_Und_GL_Gauss ,    9700  ,   300 (               |             *),94.00, 95.00, 97.00, 98.00, 98.00
  29 , felix_Tran_KNN10 ,    9700  ,   200 (               |             *),96.00, 96.00, 97.00, 98.00, 98.00
  29 , openjpa_GL_Tran_KNN5 ,    9700  ,   200 (               |            -*),96.00, 97.00, 97.00, 98.00, 98.00
  29 , openjpa_GL_Tran_KNN1 ,    9700  ,   200 (               |            -*),96.00, 97.00, 97.00, 98.00, 99.00
  29 , openjpa_GL_Tran_KNN3 ,    9700  ,   100 (               |            -*),95.00, 97.00, 97.00, 98.00, 99.00
  29 , accumulo_Und_GL_Tran_Gauss ,    9700  ,     0 (               |             *),97.00, 97.00, 97.00, 97.00, 97.00
  29 , cxf_Tran_KNN10 ,    9700  ,   100 (               |             *),95.00, 96.00, 97.00, 97.00, 98.00
  29 , hive_Und_Tran_KNN1 ,    9700  ,   100 (               |            -*),96.00, 97.00, 97.00, 98.00, 99.00
  29 , cxf_Und_GL_Tran_KNN1 ,    9700  ,   200 (               |             *),95.00, 96.00, 97.00, 97.00, 98.00
  29 , cxf_Und_Tran_KNN1 ,    9700  ,   100 (               |            -*),96.00, 97.00, 97.00, 98.00, 98.00
  29 , accumulo_Und_GL_Log ,    9700  ,   200 (               |             *),95.00, 96.00, 97.00, 98.00, 98.00
  29 , wicket_Und_Tran_KNN10 ,    9700  ,   200 (               |             *),95.00, 96.00, 97.00, 98.00, 99.00
  29 , jedit2_GL_Tran_KNN1 ,    9700  ,   200 (               |             *),95.00, 96.00, 97.00, 97.00, 99.00
  29 , camel_Und_GL_Tran_KNN10 ,    9700  ,   100 (               |            -*),96.00, 97.00, 97.00, 98.00, 99.00
  29 , hive_GL_Tran_KNN3 ,    9700  ,   100 (               |            -*),96.00, 97.00, 97.00, 98.00, 99.00
  29 , cxf_Tran_KNN3 ,    9700  ,   200 (               |            -*),96.00, 97.00, 97.00, 98.00, 98.00
  29 , cxf_Tran_KNN1 ,    9700  ,   200 (               |             *),96.00, 96.00, 97.00, 98.00, 98.00
  29 , cxf_Tran_KNN5 ,    9700  ,   200 (               |             *),96.00, 96.00, 97.00, 98.00, 98.00
  29 , pig_GL_Tran_KNN1 ,    9700  ,   200 (               |             *),95.00, 96.00, 97.00, 98.00, 98.00
  29 , jedit2_Tran_KNN1 ,    9700  ,   200 (               |             *),95.00, 96.00, 97.00, 98.00, 99.00
  29 , felix_Und_Tran_KNN1 ,    9700  ,   100 (               |            -*),96.00, 97.00, 97.00, 98.00, 98.00
  29 , pig_GL_Tran_KNN3 ,    9700  ,   200 (               |             *),95.00, 96.00, 97.00, 98.00, 98.00
  29 , wicket_Und_GL_Tran_KNN5 ,    9700  ,   200 (               |            -*),95.00, 97.00, 97.00, 98.00, 99.00
  29 , wicket_Und_GL_Tran_KNN3 ,    9700  ,   100 (               |            -*),96.00, 97.00, 97.00, 98.00, 99.00
  29 , hive_GL_Tran_KNN5 ,    9700  ,   200 (               |             *),96.00, 96.00, 97.00, 98.00, 98.00
  29 , hive_GL_Tran_KNN1 ,    9700  ,   100 (               |            -*),96.00, 97.00, 97.00, 98.00, 99.00
  29 , cassandra_Und_Tran_KNN1 ,    9700  ,   200 (               |           - *),93.00, 96.00, 97.00, 98.00, 98.00
  29 , openjpa_Tran_KNN1 ,    9700  ,   200 (               |             *),96.00, 96.00, 97.00, 98.00, 98.00
  29 , openjpa_Tran_KNN3 ,    9700  ,   200 (               |            -*),96.00, 97.00, 97.00, 98.00, 98.00
  29 , openjpa_Tran_KNN5 ,    9700  ,   200 (               |             *),95.00, 96.00, 97.00, 98.00, 98.00
  29 , hive_Tran_KNN3 ,    9700  ,   100 (               |             *),97.00, 97.00, 97.00, 98.00, 98.00
  29 , hive_Tran_KNN1 ,    9700  ,   100 (               |             *),97.00, 97.00, 97.00, 98.00, 98.00
  29 , hive_Tran_KNN5 ,    9700  ,   200 (               |             *),96.00, 96.00, 97.00, 98.00, 98.00
  29 , openjpa_GL_Tran_KNN10 ,    9700  ,   200 (               |             *),95.00, 96.00, 97.00, 98.00, 98.00
  29 , felix_Und_GL_Tran_KNN1 ,    9700  ,   200 (               |             *),95.00, 96.00, 97.00, 98.00, 98.00
  29 , felix_GL_Tran_KNN10 ,    9700  ,   100 (               |             *),96.00, 96.00, 97.00, 97.00, 98.00
  29 , wicket_Tran_Gauss ,    9700  ,     0 (               |             *),97.00, 97.00, 97.00, 97.00, 97.00
  30 , felix_Und_GL_Log ,    9800  ,   100 (               |             *),97.00, 98.00, 98.00, 99.00, 99.00
  30 , jedit2_GL_Tran_KNN10 ,    9800  ,   200 (               |             *),97.00, 97.00, 98.00, 99.00, 99.00
  30 , camel_Und_Tran_KNN10 ,    9800  ,   100 (               |             *),97.00, 98.00, 98.00, 98.00, 99.00
  30 , jedit2_Und_GL_Gauss ,    8600  ,     0 (               |             *),86.00, 86.00, 98.00, 98.00, 98.00
  30 , pig_Und_GL_Log ,    9800  ,   200 (               |             *),95.00, 96.00, 98.00, 98.00, 99.00
  30 , jedit2_Und_Tran_KNN5 ,    9800  ,     0 (               |             *),98.00, 98.00, 98.00, 99.00, 99.00
  30 , jedit2_Und_Tran_KNN3 ,    9800  ,     0 (               |             *),98.00, 98.00, 98.00, 99.00, 99.00
  30 , wicket_GL_Tran_KNN5 ,    9800  ,   100 (               |             *),97.00, 98.00, 98.00, 99.00, 99.00
  30 , wicket_GL_Tran_KNN1 ,    9800  ,   100 (               |             *),97.00, 98.00, 98.00, 99.00, 100.00
  30 , openjpa_Und_GL_Gauss ,    9800  ,   100 (               |            -*),96.00, 97.00, 98.00, 98.00, 99.00
  30 , derby_Tran_Gauss ,    9800  ,     0 (               |             *),98.00, 98.00, 98.00, 98.00, 98.00
  30 , wicket_Und_GL_Log ,    9800  ,   200 (               |            -*),96.00, 97.00, 98.00, 99.00, 100.00
  30 , jedit2_GL_Gauss ,    9800  ,   100 (               |            -*),96.00, 98.00, 98.00, 98.00, 99.00
  30 , cassandra_Und_GL_Tran_KNN1 ,    9800  ,   200 (               |             *),94.00, 96.00, 98.00, 98.00, 99.00
  30 , xerces2_Und_GL_Log ,    9800  ,   200 (               |            -*),96.00, 97.00, 98.00, 98.00, 99.00
  30 , openjpa_Und_Log ,    9800  ,   200 (               |             *),97.00, 98.00, 98.00, 99.00, 100.00
  30 ,  pig_Und_Log ,    9800  ,   300 (               |            -*),95.00, 97.00, 98.00, 99.00, 99.00
  30 , cxf_Und_GL_Log ,    9800  ,   100 (               |             *),97.00, 98.00, 98.00, 99.00, 99.00
  30 , bookkeeper_GL_Log ,    9800  ,   400 (               |           - *),93.00, 96.00, 98.00, 98.00, 100.00
  30 , felix_Und_GL_Tran_Gauss ,    9800  ,     0 (               |             *),98.00, 98.00, 98.00, 98.00, 98.00
  30 , jedit2_GL_Tran_KNN5 ,    9800  ,   200 (               |             *),97.00, 97.00, 98.00, 99.00, 99.00
  30 , jedit2_GL_Tran_KNN3 ,    9800  ,   200 (               |             *),97.00, 97.00, 98.00, 99.00, 99.00
  30 , bookkeeper_Tran_Gauss ,    9800  ,     0 (               |             *),98.00, 98.00, 98.00, 98.00, 98.00
  30 , jedit2_Tran_KNN3 ,    9800  ,   200 (               |             *),97.00, 98.00, 98.00, 99.00, 99.00
  30 , wicket_GL_Tran_KNN10 ,    9800  ,   100 (               |             *),97.00, 98.00, 98.00, 98.00, 99.00
  30 , wicket_Tran_KNN10 ,    9800  ,   200 (               |             *),97.00, 97.00, 98.00, 99.00, 99.00
  30 , felix_Tran_KNN5 ,    9800  ,   100 (               |             *),97.00, 97.00, 98.00, 98.00, 99.00
  30 , felix_Tran_KNN3 ,    9800  ,   100 (               |             *),98.00, 98.00, 98.00, 99.00, 99.00
  30 , felix_GL_Tran_KNN3 ,    9800  ,   100 (               |             *),97.00, 98.00, 98.00, 98.00, 99.00
  30 , felix_GL_Tran_KNN5 ,    9800  ,   100 (               |             *),97.00, 97.00, 98.00, 98.00, 99.00
  30 , wicket_Tran_KNN5 ,    9800  ,   100 (               |             *),97.00, 98.00, 98.00, 99.00, 100.00
  30 , wicket_Und_GL_Tran_KNN1 ,    9800  ,   100 (               |            -*),96.00, 97.00, 98.00, 98.00, 99.00
  30 , wicket_Und_GL_Tran_Gauss ,    9800  ,     0 (               |             *),98.00, 98.00, 98.00, 98.00, 98.00
  30 , camel_Und_GL_Tran_KNN5 ,    9800  ,   100 (               |             *),97.00, 98.00, 98.00, 99.00, 99.00
  30 , derby_Und_Tran_Gauss ,    9800  ,     0 (               |             *),98.00, 98.00, 98.00, 98.00, 98.00
  30 , openjpa_Und_Tran_Gauss ,    9800  ,     0 (               |             *),98.00, 98.00, 98.00, 98.00, 98.00
  30 , derby_Und_GL_Log ,    9800  ,   100 (               |            -*),96.00, 97.00, 98.00, 98.00, 99.00
  30 , camel_Und_Tran_KNN5 ,    9800  ,   100 (               |             *),98.00, 98.00, 98.00, 99.00, 100.00
  30 , wicket_GL_Tran_KNN3 ,    9800  ,   200 (               |             *),97.00, 98.00, 98.00, 99.00, 99.00
  30 , wicket_Und_Tran_KNN5 ,    9800  ,   100 (               |             *),97.00, 97.00, 98.00, 98.00, 99.00
  30 , wicket_Und_Tran_KNN1 ,    9800  ,   200 (               |             *),97.00, 97.00, 98.00, 99.00, 99.00
  30 , wicket_Und_Tran_KNN3 ,    9800  ,   200 (               |             *),97.00, 98.00, 98.00, 98.00, 99.00
  30 , cxf_Und_GL_Gauss ,    9800  ,   100 (               |             *),97.00, 98.00, 98.00, 99.00, 99.00
  30 , jedit2_Und_Tran_KNN10 ,    9800  ,     0 (               |             *),98.00, 98.00, 98.00, 99.00, 99.00
  30 ,   jedit2_Log ,    9800  ,   200 (               |            -*),95.00, 97.00, 98.00, 98.00, 99.00
  30 , openjpa_Und_GL_Log ,    9800  ,   200 (               |            -*),96.00, 97.00, 98.00, 98.00, 100.00
  30 , accumulo_Und_Tran_Gauss ,    9800  ,     0 (               |             *),98.00, 98.00, 98.00, 98.00, 98.00
  30 , hive_Und_GL_Tran_KNN1 ,    9800  ,   100 (               |            -*),96.00, 97.00, 98.00, 98.00, 98.00
  31 , camel_Und_GL_Tran_Gauss ,    9900  ,     0 (               |             *),99.00, 99.00, 99.00, 99.00, 99.00
  31 , felix_Und_Tran_Gauss ,    9900  ,     0 (               |             *),99.00, 99.00, 99.00, 99.00, 99.00
  31 , camel_Tran_KNN10 ,    9900  ,   100 (               |             *),98.00, 99.00, 99.00, 99.00, 99.00
  31 ,   pig_GL_Log ,    9900  ,   100 (               |             *),98.00, 99.00, 99.00, 99.00, 100.00
  31 , accumulo_Und_Log ,    9900  ,   100 (               |             *),98.00, 98.00, 99.00, 99.00, 99.00
  31 , derby_Und_GL_Tran_Gauss ,    9900  ,     0 (               |             *),99.00, 99.00, 99.00, 99.00, 99.00
  31 , bookkeeper_Und_GL_Tran_Gauss ,    9900  ,     0 (               |             *),99.00, 99.00, 99.00, 99.00, 99.00
  31 , felix_GL_Log ,    9900  ,   100 (               |             *),99.00, 99.00, 99.00, 100.00, 100.00
  31 , wicket_Und_GL_Gauss ,    9900  ,   100 (               |             *),98.00, 99.00, 99.00, 100.00, 100.00
  31 , camel_Und_GL_Gauss ,    9900  ,   100 (               |             *),99.00, 99.00, 99.00, 100.00, 100.00
  31 , derby_Und_Log ,    9900  ,   100 (               |             *),99.00, 99.00, 99.00, 100.00, 100.00
  31 ,    cxf_Gauss ,    9900  ,     0 (               |             *),98.00, 99.00, 99.00, 99.00, 100.00
  31 , camel_Und_GL_Log ,    9900  ,   200 (               |             *),98.00, 98.00, 99.00, 99.00, 100.00
  31 , cassandra_GL_Gauss ,    9900  ,   100 (               |             *),98.00, 99.00, 99.00, 99.00, 100.00
  31 , camel_Tran_KNN3 ,    9900  ,     0 (               |             *),98.00, 99.00, 99.00, 99.00, 100.00
  31 , cassandra_Und_GL_Gauss ,    9900  ,   100 (               |             *),98.00, 99.00, 99.00, 99.00, 100.00
  31 , hive_Und_Tran_Gauss ,    9900  ,     0 (               |             *),99.00, 99.00, 99.00, 99.00, 99.00
  31 , accumulo_GL_Gauss ,    9900  ,   100 (               |             *),98.00, 99.00, 99.00, 99.00, 100.00
  31 ,  felix_Gauss ,    9900  ,   100 (               |             *),97.00, 98.00, 99.00, 99.00, 99.00
  31 , hive_Tran_Gauss ,    9900  ,     0 (               |             *),99.00, 99.00, 99.00, 99.00, 99.00
  31 , cxf_Und_GL_Tran_Gauss ,    9900  ,     0 (               |             *),99.00, 99.00, 99.00, 99.00, 99.00
  31 , accumulo_Tran_Gauss ,    9900  ,     0 (               |             *),99.00, 99.00, 99.00, 99.00, 99.00
  31 , hive_Und_GL_Gauss ,    9900  ,     0 (               |             *),99.00, 99.00, 99.00, 99.00, 99.00
  31 , derby_Und_GL_Gauss ,    9900  ,   100 (               |             *),97.00, 98.00, 99.00, 99.00, 100.00
  31 , cassandra_GL_Log ,    9900  ,   100 (               |             *),98.00, 98.00, 99.00, 99.00, 100.00
  31 , derby_Und_Gauss ,    9900  ,   100 (               |            -*),96.00, 98.00, 99.00, 99.00, 100.00
  31 , bookkeeper_GL_Tran_Gauss ,    9900  ,     0 (               |             *),99.00, 99.00, 99.00, 99.00, 99.00
  31 , cassandra_Gauss ,    9900  ,   100 (               |             *),98.00, 99.00, 99.00, 100.00, 100.00
  31 , cassandra_Und_GL_Log ,    9900  ,   100 (               |             *),98.00, 98.00, 99.00, 99.00, 99.00
  31 , camel_GL_Tran_KNN10 ,    9900  ,     0 (               |             *),98.00, 99.00, 99.00, 99.00, 100.00
  31 , felix_Tran_Gauss ,    9900  ,     0 (               |             *),99.00, 99.00, 99.00, 99.00, 99.00
  31 , hive_Und_Gauss ,    9900  ,   200 (               |             *),98.00, 99.00, 99.00, 100.00, 100.00
  31 , accumulo_Gauss ,    9900  ,   100 (               |             *),98.00, 99.00, 99.00, 100.00, 100.00
  31 , jedit2_Und_Gauss ,    9900  ,   100 (               |             *),97.00, 99.00, 99.00, 99.00, 100.00
  31 , jedit2_Tran_KNN10 ,    9900  ,   100 (               |             *),97.00, 98.00, 99.00, 99.00, 99.00
  31 , cassandra_Und_Gauss ,    9900  ,     0 (               |             *),98.00, 99.00, 99.00, 99.00, 100.00
  31 ,  derby_Gauss ,    9900  ,   100 (               |             *),98.00, 98.00, 99.00, 99.00, 100.00
  31 , pig_GL_Gauss ,    9900  ,   200 (               |             *),98.00, 98.00, 99.00, 100.00, 100.00
  31 , wicket_Und_GL_Tran_Log ,    9900  ,     0 (               |             *),99.00, 99.00, 99.00, 99.00, 99.00
  31 , jedit2_Tran_KNN5 ,    9900  ,   100 (               |             *),97.00, 98.00, 99.00, 99.00, 99.00
  31 , hive_Und_Log ,    9900  ,   100 (               |             *),99.00, 99.00, 99.00, 100.00, 100.00
  31 , felix_Tran_KNN1 ,    9900  ,   100 (               |             *),98.00, 98.00, 99.00, 99.00, 99.00
  31 , camel_GL_Tran_KNN5 ,    9900  ,     0 (               |             *),99.00, 99.00, 99.00, 99.00, 100.00
  31 , camel_GL_Tran_KNN3 ,    9900  ,     0 (               |             *),99.00, 99.00, 99.00, 99.00, 100.00
  31 , derby_GL_Log ,    9900  ,     0 (               |             *),98.00, 99.00, 99.00, 99.00, 99.00
  31 , bookkeeper_Und_Tran_Gauss ,    9900  ,     0 (               |             *),99.00, 99.00, 99.00, 99.00, 99.00
  31 ,      pig_Log ,    9900  ,   100 (               |             *),99.00, 99.00, 99.00, 100.00, 100.00
  31 , felix_Und_Log ,    9900  ,   100 (               |             *),98.00, 99.00, 99.00, 100.00, 100.00
  31 , wicket_Tran_KNN3 ,    9900  ,   100 (               |             *),98.00, 98.00, 99.00, 99.00, 100.00
  31 , wicket_Tran_KNN1 ,    9900  ,   100 (               |             *),98.00, 98.00, 99.00, 99.00, 100.00
  31 , camel_Tran_KNN1 ,    9900  ,     0 (               |             *),98.00, 99.00, 99.00, 99.00, 100.00
  31 , camel_Tran_KNN5 ,    9900  ,     0 (               |             *),98.00, 99.00, 99.00, 99.00, 100.00
  31 , hive_GL_Gauss ,    9900  ,   100 (               |             *),99.00, 99.00, 99.00, 100.00, 100.00
  31 , wicket_Gauss ,    9900  ,   200 (               |             *),98.00, 98.00, 99.00, 100.00, 100.00
  31 ,  camel_Gauss ,    9900  ,     0 (               |             *),98.00, 99.00, 99.00, 99.00, 100.00
  31 , jedit2_Und_GL_Tran_KNN5 ,    9900  ,     0 (               |             *),99.00, 99.00, 99.00, 99.00, 99.00
  31 , jedit2_Und_GL_Tran_KNN3 ,    9900  ,     0 (               |             *),99.00, 99.00, 99.00, 99.00, 99.00
  31 , cassandra_Tran_Gauss ,    9900  ,     0 (               |             *),99.00, 99.00, 99.00, 99.00, 99.00
  31 , camel_Und_GL_Tran_KNN3 ,    9900  ,   100 (               |             *),98.00, 99.00, 99.00, 99.00, 100.00
  31 , camel_Und_GL_Tran_KNN1 ,    9900  ,   100 (               |             *),98.00, 98.00, 99.00, 99.00, 100.00
  31 , cassandra_Log ,    9900  ,   100 (               |             *),99.00, 99.00, 99.00, 100.00, 100.00
  31 , wicket_GL_Tran_Gauss ,    9900  ,     0 (               |             *),99.00, 99.00, 99.00, 99.00, 99.00
  31 , felix_Und_GL_Gauss ,    9900  ,   100 (               |             *),98.00, 98.00, 99.00, 99.00, 100.00
  31 , camel_Und_Tran_KNN1 ,    9900  ,   100 (               |             *),98.00, 99.00, 99.00, 99.00, 100.00
  31 , camel_Und_Tran_KNN3 ,    9900  ,   100 (               |             *),98.00, 98.00, 99.00, 99.00, 100.00
  31 ,  hive_GL_Log ,    9900  ,   100 (               |             *),98.00, 99.00, 99.00, 100.00, 100.00
  31 , openjpa_Und_Gauss ,    9900  ,   200 (               |            -*),96.00, 98.00, 99.00, 100.00, 100.00
  31 ,   cxf_GL_Log ,    9900  ,   100 (               |             *),98.00, 99.00, 99.00, 100.00, 100.00
  31 , hive_Und_GL_Log ,    9900  ,   100 (               |             *),98.00, 99.00, 99.00, 99.00, 99.00
  31 , accumulo_GL_Log ,    9900  ,   100 (               |             *),98.00, 98.00, 99.00, 99.00, 99.00
  31 , felix_Und_Gauss ,    9900  ,   100 (               |             *),98.00, 98.00, 99.00, 99.00, 100.00
  31 , cxf_GL_Gauss ,    9900  ,   100 (               |             *),98.00, 99.00, 99.00, 100.00, 100.00
  31 ,   hive_Gauss ,    9900  ,   100 (               |             *),99.00, 99.00, 99.00, 100.00, 100.00
  31 , cxf_Und_Gauss ,    9900  ,   100 (               |             *),97.00, 99.00, 99.00, 100.00, 100.00
  31 , felix_GL_Tran_KNN1 ,    9900  ,   100 (               |             *),98.00, 98.00, 99.00, 99.00, 99.00
  31 , derby_GL_Tran_Gauss ,    9900  ,     0 (               |             *),99.00, 99.00, 99.00, 99.00, 99.00
  31 , openjpa_Gauss ,    9900  ,   100 (               |             *),97.00, 99.00, 99.00, 100.00, 100.00
  31 ,    pig_Gauss ,    9900  ,   100 (               |             *),97.00, 98.00, 99.00, 99.00, 100.00
  31 , camel_GL_Tran_KNN1 ,    9900  ,     0 (               |             *),98.00, 99.00, 99.00, 99.00, 100.00
  31 , cassandra_Und_Tran_Gauss ,    9900  ,     0 (               |             *),99.00, 99.00, 99.00, 99.00, 99.00
  31 , jedit2_Und_GL_Tran_KNN10 ,    9900  ,     0 (               |             *),99.00, 99.00, 99.00, 99.00, 99.00
  31 ,     hive_Log ,    10000  ,     0 (               |             *),99.00, 100.00, 100.00, 100.00, 100.00
  31 , cassandra_Und_GL_Tran_Gauss ,    10000  ,     0 (               |             *),100.00, 100.00, 100.00, 100.00, 100.00
  31 , openjpa_GL_Gauss ,    10000  ,     0 (               |             *),100.00, 100.00, 100.00, 100.00, 100.00
  31 , bookkeeper_Gauss ,    10000  ,     0 (               |             *),100.00, 100.00, 100.00, 100.00, 100.00
  31 , xerces2_Und_Tran_KNN1 ,    10000  ,     0 (               |             *),99.00, 100.00, 100.00, 100.00, 100.00
  31 , hive_Und_GL_Tran_Log ,    10000  ,     0 (               |             *),100.00, 100.00, 100.00, 100.00, 100.00
  31 , felix_GL_Gauss ,    10000  ,   100 (               |             *),99.00, 99.00, 100.00, 100.00, 100.00
  31 , wicket_Tran_Log ,    10000  ,     0 (               |             *),100.00, 100.00, 100.00, 100.00, 100.00
  31 , camel_Tran_Gauss ,    10000  ,     0 (               |             *),100.00, 100.00, 100.00, 100.00, 100.00
  31 , pig_Und_Tran_Gauss ,    10000  ,     0 (               |             *),100.00, 100.00, 100.00, 100.00, 100.00
  31 ,    derby_Log ,    10000  ,     0 (               |             *),99.00, 100.00, 100.00, 100.00, 100.00
  31 , bookkeeper_Und_Gauss ,    10000  ,   200 (               |            -*),96.00, 100.00, 100.00, 100.00, 100.00
  31 , camel_Und_GL_Tran_Log ,    10000  ,     0 (               |             *),100.00, 100.00, 100.00, 100.00, 100.00
  31 , felix_Und_Tran_Log ,    10000  ,     0 (               |             *),100.00, 100.00, 100.00, 100.00, 100.00
  31 , camel_GL_Log ,    10000  ,     0 (               |             *),99.00, 100.00, 100.00, 100.00, 100.00
  31 , poi2_Und_GL_Log ,    10000  ,     0 (               |             *),99.00, 100.00, 100.00, 100.00, 100.00
  31 , felix_Tran_Log ,    10000  ,     0 (               |             *),100.00, 100.00, 100.00, 100.00, 100.00
  31 , cassandra_Tran_Log ,    10000  ,     0 (               |             *),100.00, 100.00, 100.00, 100.00, 100.00
  31 , hive_GL_Tran_Log ,    10000  ,     0 (               |             *),100.00, 100.00, 100.00, 100.00, 100.00
  31 , cxf_Tran_Log ,    10000  ,     0 (               |             *),100.00, 100.00, 100.00, 100.00, 100.00
  31 , derby_Tran_Log ,    10000  ,     0 (               |             *),100.00, 100.00, 100.00, 100.00, 100.00
  31 ,      cxf_Log ,    10000  ,     0 (               |             *),99.00, 100.00, 100.00, 100.00, 100.00
  31 , camel_Tran_Log ,    10000  ,     0 (               |             *),100.00, 100.00, 100.00, 100.00, 100.00
  31 , pig_Und_Tran_Log ,    10000  ,     0 (               |             *),100.00, 100.00, 100.00, 100.00, 100.00
  31 , accumulo_Und_GL_Tran_Log ,    10000  ,     0 (               |             *),100.00, 100.00, 100.00, 100.00, 100.00
  31 , pig_Tran_Gauss ,    10000  ,     0 (               |             *),100.00, 100.00, 100.00, 100.00, 100.00
  31 , cxf_Tran_Gauss ,    10000  ,     0 (               |             *),100.00, 100.00, 100.00, 100.00, 100.00
  31 , pig_Und_GL_Tran_Log ,    10000  ,     0 (               |             *),100.00, 100.00, 100.00, 100.00, 100.00
  31 , cassandra_Und_Tran_Log ,    10000  ,     0 (               |             *),100.00, 100.00, 100.00, 100.00, 100.00
  31 , camel_GL_Tran_Log ,    10000  ,     0 (               |             *),100.00, 100.00, 100.00, 100.00, 100.00
  31 , cassandra_Und_GL_Tran_Log ,    10000  ,     0 (               |             *),100.00, 100.00, 100.00, 100.00, 100.00
  31 , wicket_Und_Log ,    10000  ,   100 (               |             *),98.00, 99.00, 100.00, 100.00, 100.00
  31 , hive_Und_Tran_Log ,    10000  ,     0 (               |             *),100.00, 100.00, 100.00, 100.00, 100.00
  31 , bookkeeper_Tran_Log ,    10000  ,     0 (               |             *),100.00, 100.00, 100.00, 100.00, 100.00
  31 , openjpa_Und_Tran_Log ,    10000  ,     0 (               |             *),100.00, 100.00, 100.00, 100.00, 100.00
  31 , berek2_Und_Gauss ,    10000  ,     0 (               |          ---*),88.00, 100.00, 100.00, 100.00, 100.00
  31 ,    camel_Log ,    10000  ,     0 (               |             *),100.00, 100.00, 100.00, 100.00, 100.00
  31 , felix_GL_Tran_Gauss ,    10000  ,     0 (               |             *),100.00, 100.00, 100.00, 100.00, 100.00
  31 , camel_GL_Gauss ,    10000  ,     0 (               |             *),99.00, 100.00, 100.00, 100.00, 100.00
  31 , accumulo_Und_Gauss ,    10000  ,   100 (               |             *),99.00, 99.00, 100.00, 100.00, 100.00
  31 , cxf_Und_Tran_Gauss ,    10000  ,     0 (               |             *),100.00, 100.00, 100.00, 100.00, 100.00
  31 , berek2_Und_GL_Log ,    10000  ,  1200 (               |             *),88.00, 88.00, 100.00, 100.00, 100.00
  31 , wicket_GL_Tran_Log ,    10000  ,     0 (               |             *),100.00, 100.00, 100.00, 100.00, 100.00
  31 , openjpa_GL_Tran_Gauss ,    10000  ,     0 (               |             *),100.00, 100.00, 100.00, 100.00, 100.00
  31 , hive_Tran_Log ,    10000  ,     0 (               |             *),100.00, 100.00, 100.00, 100.00, 100.00
  31 ,  openjpa_Log ,    10000  ,     0 (               |             *),100.00, 100.00, 100.00, 100.00, 100.00
  31 , bookkeeper_Log ,    10000  ,     0 (               |            -*),96.00, 100.00, 100.00, 100.00, 100.00
  31 , accumulo_Tran_Log ,    10000  ,     0 (               |             *),100.00, 100.00, 100.00, 100.00, 100.00
  31 , berek2_Und_GL_Gauss ,    10000  ,  1200 (               |             *),88.00, 88.00, 100.00, 100.00, 100.00
  31 , derby_Und_Tran_Log ,    10000  ,     0 (               |             *),100.00, 100.00, 100.00, 100.00, 100.00
  31 , xerces2_Und_GL_Tran_KNN1 ,    10000  ,     0 (               |             *),99.00, 100.00, 100.00, 100.00, 100.00
  31 , berek2_Und_Tran_KNN5 ,    10000  ,  1400 (               |         ----*),86.00, 100.00, 100.00, 100.00, 100.00
  31 , berek2_Und_Tran_KNN3 ,    10000  ,     0 (               |         ----*),86.00, 100.00, 100.00, 100.00, 100.00
  31 , berek2_Und_Tran_KNN1 ,    10000  ,     0 (               |         ----*),86.00, 100.00, 100.00, 100.00, 100.00
  31 , openjpa_Und_GL_Tran_Log ,    10000  ,     0 (               |             *),100.00, 100.00, 100.00, 100.00, 100.00
  31 , bookkeeper_GL_Gauss ,    10000  ,     0 (               |             *),98.00, 100.00, 100.00, 100.00, 100.00
  31 ,    felix_Log ,    10000  ,     0 (               |             *),100.00, 100.00, 100.00, 100.00, 100.00
  31 , felix_Und_GL_Tran_Log ,    10000  ,     0 (               |             *),100.00, 100.00, 100.00, 100.00, 100.00
  31 , pig_GL_Tran_Log ,    10000  ,     0 (               |             *),100.00, 100.00, 100.00, 100.00, 100.00
  31 , camel_GL_Tran_Gauss ,    10000  ,     0 (               |             *),100.00, 100.00, 100.00, 100.00, 100.00
  31 , berek2_GL_Tran_KNN10 ,    10000  ,  1400 (               |             *),86.00, 86.00, 100.00, 100.00, 100.00
  31 , derby_GL_Tran_Log ,    10000  ,     0 (               |             *),100.00, 100.00, 100.00, 100.00, 100.00
  31 , pig_Tran_Log ,    10000  ,     0 (               |             *),100.00, 100.00, 100.00, 100.00, 100.00
  31 , berek2_Und_GL_Tran_KNN1 ,    10000  ,  1400 (               |         ----*),86.00, 100.00, 100.00, 100.00, 100.00
  31 , berek2_Und_GL_Tran_KNN3 ,    10000  ,  1400 (               |    ---------*),71.00, 100.00, 100.00, 100.00, 100.00
  31 , berek2_Und_GL_Tran_KNN5 ,    10000  ,  1400 (               |    -----    *),71.00, 86.00, 100.00, 100.00, 100.00
  31 , felix_GL_Tran_Log ,    10000  ,     0 (               |             *),100.00, 100.00, 100.00, 100.00, 100.00
  31 , bookkeeper_GL_Tran_Log ,    10000  ,     0 (               |             *),100.00, 100.00, 100.00, 100.00, 100.00
  31 , camel_Und_Log ,    10000  ,   100 (               |             *),98.00, 99.00, 100.00, 100.00, 100.00
  31 , openjpa_GL_Tran_Log ,    10000  ,     0 (               |             *),100.00, 100.00, 100.00, 100.00, 100.00
  31 , poi2_Und_GL_Tran_KNN1 ,    10000  ,     0 (               |             *),99.00, 100.00, 100.00, 100.00, 100.00
  31 , accumulo_GL_Tran_Gauss ,    10000  ,     0 (               |             *),100.00, 100.00, 100.00, 100.00, 100.00
  31 , camel_Und_Gauss ,    10000  ,   100 (               |             *),99.00, 99.00, 100.00, 100.00, 100.00
  31 , log4j2_Und_GL_Gauss ,    10000  ,     0 (               |             *),98.00, 100.00, 100.00, 100.00, 100.00
  31 , cxf_GL_Tran_Gauss ,    10000  ,     0 (               |             *),100.00, 100.00, 100.00, 100.00, 100.00
  31 , log4j2_Und_GL_Tran_KNN1 ,    10000  ,     0 (               |             *),100.00, 100.00, 100.00, 100.00, 100.00
  31 , poi2_Und_Tran_KNN1 ,    10000  ,     0 (               |             *),99.00, 100.00, 100.00, 100.00, 100.00
  31 , cxf_GL_Tran_Log ,    10000  ,     0 (               |             *),100.00, 100.00, 100.00, 100.00, 100.00
  31 ,   wicket_Log ,    10000  ,     0 (               |             *),100.00, 100.00, 100.00, 100.00, 100.00
  31 , accumulo_GL_Tran_Log ,    10000  ,     0 (               |             *),100.00, 100.00, 100.00, 100.00, 100.00
  31 , cassandra_GL_Tran_Log ,    10000  ,     0 (               |             *),100.00, 100.00, 100.00, 100.00, 100.00
  31 , cassandra_GL_Tran_Gauss ,    10000  ,     0 (               |             *),100.00, 100.00, 100.00, 100.00, 100.00
  31 , openjpa_GL_Log ,    10000  ,     0 (               |             *),99.00, 100.00, 100.00, 100.00, 100.00
  31 , accumulo_Log ,    10000  ,     0 (               |             *),99.00, 100.00, 100.00, 100.00, 100.00
  31 , wicket_GL_Gauss ,    10000  ,   100 (               |             *),99.00, 100.00, 100.00, 100.00, 100.00
  31 , openjpa_Und_GL_Tran_Gauss ,    10000  ,     0 (               |             *),100.00, 100.00, 100.00, 100.00, 100.00
  31 , camel_Und_Tran_Gauss ,    10000  ,     0 (               |             *),100.00, 100.00, 100.00, 100.00, 100.00
  31 , openjpa_Tran_Gauss ,    10000  ,     0 (               |             *),100.00, 100.00, 100.00, 100.00, 100.00
  31 , berek2_Und_Log ,    10000  ,  1200 (               |          ---*),88.00, 100.00, 100.00, 100.00, 100.00
  31 , wicket_GL_Log ,    10000  ,   100 (               |             *),99.00, 100.00, 100.00, 100.00, 100.00
  31 , cxf_Und_GL_Tran_Log ,    10000  ,     0 (               |             *),100.00, 100.00, 100.00, 100.00, 100.00
  31 , cxf_Und_Tran_Log ,    10000  ,     0 (               |             *),100.00, 100.00, 100.00, 100.00, 100.00
  31 , cassandra_Und_Log ,    10000  ,   100 (               |             *),99.00, 99.00, 100.00, 100.00, 100.00
  31 , hive_GL_Tran_Gauss ,    10000  ,     0 (               |             *),100.00, 100.00, 100.00, 100.00, 100.00
  31 , log4j2_Und_GL_Log ,    10000  ,     0 (               |             *),100.00, 100.00, 100.00, 100.00, 100.00
  31 , openjpa_Tran_Log ,    10000  ,     0 (               |             *),100.00, 100.00, 100.00, 100.00, 100.00
  31 , lucene2_Und_GL_Tran_KNN1 ,    10000  ,     0 (               |             *),100.00, 100.00, 100.00, 100.00, 100.00
  31 , pig_Und_Gauss ,    10000  ,   300 (               |            -*),95.00, 98.00, 100.00, 100.00, 100.00
  31 , lucene2_Und_GL_Log ,    10000  ,     0 (               |             *),100.00, 100.00, 100.00, 100.00, 100.00
  31 , wicket_Und_Tran_Log ,    10000  ,     0 (               |             *),100.00, 100.00, 100.00, 100.00, 100.00
  31 , wicket_Und_Gauss ,    10000  ,   100 (               |             *),98.00, 99.00, 100.00, 100.00, 100.00
  31 , lucene2_Und_Tran_KNN1 ,    10000  ,     0 (               |             *),100.00, 100.00, 100.00, 100.00, 100.00
  31 , accumulo_Und_Tran_Log ,    10000  ,     0 (               |             *),100.00, 100.00, 100.00, 100.00, 100.00
  31 , derby_Und_GL_Tran_Log ,    10000  ,     0 (               |             *),100.00, 100.00, 100.00, 100.00, 100.00
  31 , derby_GL_Gauss ,    10000  ,   100 (               |             *),99.00, 99.00, 100.00, 100.00, 100.00
  31 , hive_Und_GL_Tran_Gauss ,    10000  ,     0 (               |             *),100.00, 100.00, 100.00, 100.00, 100.00
  31 , pig_GL_Tran_Gauss ,    10000  ,     0 (               |             *),100.00, 100.00, 100.00, 100.00, 100.00
  31 , camel_Und_Tran_Log ,    10000  ,     0 (               |             *),100.00, 100.00, 100.00, 100.00, 100.00
  31 , bookkeeper_Und_Tran_Log ,    10000  ,     0 (               |             *),100.00, 100.00, 100.00, 100.00, 100.00
  31 , bookkeeper_Und_GL_Tran_Log ,    10000  ,     0 (               |             *),100.00, 100.00, 100.00, 100.00, 100.00
  31 ,  cxf_Und_Log ,    10000  ,   100 (               |             *),98.00, 99.00, 100.00, 100.00, 100.00
  31 , berek2_Tran_KNN10 ,    10000  ,  1400 (               |             *),86.00, 86.00, 100.00, 100.00, 100.00
  31 , log4j2_Und_Tran_KNN1 ,    10000  ,     0 (               |             *),100.00, 100.00, 100.00, 100.00, 100.00
