rank ,         name ,    med   ,  iqr 
----------------------------------------------------
   1 , log4j2_Tran_Log ,     200  ,     0 (*              |              ), 2.00,  2.00,  2.00,  2.00,  2.00
   1 , log4j2_Und_Tran_KNN10 ,     700  ,   500 ( *             |              ), 4.00,  4.00,  7.00,  9.00,  9.00
   2 , log4j2_Und_GL_Tran_KNN5 ,     700  ,   700 (-*-------------|------------  ), 2.00,  7.00,  7.00, 11.00, 95.00
   2 , log4j2_Und_GL_Tran_KNN10 ,     700  ,   300 ( *             |              ), 2.00,  4.00,  7.00,  7.00,  9.00
   2 , log4j2_GL_Tran_KNN10 ,     700  ,   500 ( *             |              ), 4.00,  4.00,  7.00,  9.00, 11.00
   2 , log4j2_Tran_KNN10 ,     700  ,   500 (-*             |              ), 2.00,  7.00,  7.00,  9.00, 11.00
   2 , log4j2_Und_Tran_KNN5 ,     700  ,   500 ( *---------    |              ), 4.00,  4.00,  7.00,  9.00, 39.00
   3 , log4j2_Tran_KNN5 ,     700  ,   400 (- *------------|------------  ), 4.00,  7.00,  9.00, 11.00, 95.00
   3 , log4j2_GL_Tran_KNN5 ,     900  ,   500 (- *            |              ), 4.00,  7.00,  9.00,  9.00, 14.00
   3 , log4j2_GL_Gauss ,     900  ,  3700 (--*        ----|-----------   ), 4.00,  9.00,  9.00, 39.00, 93.00
   3 , jedit2_Und_GL_Tran_Gauss ,    1200  ,     0 (   *           |              ),12.00, 12.00, 12.00, 12.00, 12.00
   4 , log4j2_GL_Tran_KNN3 ,    1400  ,  8400 (-- *           |           -  ), 4.00,  9.00, 14.00, 93.00, 95.00
   4 , jedit2_GL_Tran_Gauss ,    1400  ,     0 (   *           |              ),14.00, 14.00, 14.00, 14.00, 14.00
   4 , elearning2_Und_GL_Tran_Gauss ,    1500  ,     0 (   *           |              ),15.00, 15.00, 15.00, 15.00, 15.00
   4 , log4j2_GL_Tran_Log ,    1600  ,     0 (    *          |              ),16.00, 16.00, 16.00, 16.00, 16.00
   4 , xerces2_Tran_Log ,    1600  ,     0 (    *          |              ),16.00, 16.00, 16.00, 16.00, 16.00
   4 , ivy2_Und_Tran_Gauss ,    1800  ,     0 (    *          |              ),18.00, 18.00, 18.00, 18.00, 18.00
   4 , log4j2_Und_Tran_Log ,    1900  ,     0 (     *         |              ),19.00, 19.00, 19.00, 19.00, 19.00
   4 ,    pc3_Gauss ,    2000  ,   500 (     *---------|--            ),16.00, 18.00, 20.00, 22.00, 62.00
   4 , elearning2_GL_Tran_Gauss ,    2000  ,     0 (     *         |              ),20.00, 20.00, 20.00, 20.00, 20.00
   4 , arc2_Und_GL_Tran_Gauss ,    2300  ,     0 (      *        |              ),23.00, 23.00, 23.00, 23.00, 23.00
   4 , arc2_Und_Tran_Gauss ,    2400  ,     0 (      *        |              ),24.00, 24.00, 24.00, 24.00, 24.00
   4 , poi2_Tran_Log ,    2500  ,     0 (       *       |              ),25.00, 25.00, 25.00, 25.00, 25.00
   4 , arc2_GL_Tran_Gauss ,    2700  ,     0 (       *       |              ),27.00, 27.00, 27.00, 27.00, 27.00
   4 , xerces2_Und_Tran_Log ,    2700  ,     0 (       *       |              ),27.00, 27.00, 27.00, 27.00, 27.00
   4 , poi2_Und_Tran_Gauss ,    2800  ,     0 (       *       |              ),28.00, 28.00, 28.00, 28.00, 28.00
   4 , ivy2_Und_GL_Tran_Gauss ,    2900  ,     0 (        *      |              ),29.00, 29.00, 29.00, 29.00, 29.00
   4 , xerces2_GL_Tran_Log ,    2900  ,     0 (        *      |              ),29.00, 29.00, 29.00, 29.00, 29.00
   4 , cm1_Und_GL_Tran_Log ,    3100  ,     0 (        *      |              ),31.00, 31.00, 31.00, 31.00, 31.00
   4 , ivy2_GL_Tran_Gauss ,    3200  ,     0 (         *     |              ),32.00, 32.00, 32.00, 32.00, 32.00
   4 , log4j2_Und_GL_Tran_Log ,    3200  ,     0 (         *     |              ),32.00, 32.00, 32.00, 32.00, 32.00
   4 , lucene2_Tran_Log ,    3300  ,     0 (         *     |              ),33.00, 33.00, 33.00, 33.00, 33.00
   4 , camel2_Und_Tran_Gauss ,    3300  ,     0 (         *     |              ),33.00, 33.00, 33.00, 33.00, 33.00
   4 , ant2_GL_Tran_Gauss ,    3400  ,     0 (         *     |              ),34.00, 34.00, 34.00, 34.00, 34.00
   4 , cm1_Und_GL_Tran_Gauss ,    3400  ,     0 (         *     |              ),34.00, 34.00, 34.00, 34.00, 34.00
   4 , camel2_GL_Tran_Gauss ,    3400  ,     0 (         *     |              ),34.00, 34.00, 34.00, 34.00, 34.00
   4 , jedit2_Und_Tran_Gauss ,    3400  ,     0 (         *     |              ),34.00, 34.00, 34.00, 34.00, 34.00
   4 , xerces2_Und_GL_Tran_Gauss ,    3400  ,     0 (         *     |              ),34.00, 34.00, 34.00, 34.00, 34.00
   4 , camel2_Und_GL_Tran_Gauss ,    3400  ,     0 (         *     |              ),34.00, 34.00, 34.00, 34.00, 34.00
   4 , ant2_Und_GL_Tran_Gauss ,    3400  ,     0 (         *     |              ),34.00, 34.00, 34.00, 34.00, 34.00
   4 , log4j2_Und_GL_Tran_Gauss ,    3500  ,     0 (          *    |              ),35.00, 35.00, 35.00, 35.00, 35.00
   4 , jedit2_Tran_Gauss ,    3500  ,     0 (          *    |              ),35.00, 35.00, 35.00, 35.00, 35.00
   4 , log4j2_Und_Tran_Gauss ,    3700  ,     0 (          *    |              ),37.00, 37.00, 37.00, 37.00, 37.00
   4 , log4j2_GL_Tran_Gauss ,    3700  ,     0 (          *    |              ),37.00, 37.00, 37.00, 37.00, 37.00
   4 , poi2_GL_Tran_Log ,    3800  ,     0 (           *   |              ),38.00, 38.00, 38.00, 38.00, 38.00
   4 , camel2_Tran_Gauss ,    3800  ,     0 (           *   |              ),38.00, 38.00, 38.00, 38.00, 38.00
   5 , ivy2_Tran_Gauss ,    3900  ,     0 (           *   |              ),39.00, 39.00, 39.00, 39.00, 39.00
   5 , cm1_GL_Tran_Gauss ,    3900  ,     0 (           *   |              ),39.00, 39.00, 39.00, 39.00, 39.00
   5 ,   log4j2_Log ,    3900  ,  5900 (---------- *   |           -  ), 4.00, 35.00, 39.00, 92.00, 96.00
   5 , log4j2_Und_GL_Tran_KNN3 ,    3900  ,  4700 (           *   |------------  ), 7.00,  7.00, 39.00, 52.00, 96.00
   5 , arc2_Tran_Gauss ,    3900  ,     0 (           *   |              ),39.00, 39.00, 39.00, 39.00, 39.00
   5 , lucene2_GL_Tran_Log ,    4000  ,     0 (           *   |              ),40.00, 40.00, 40.00, 40.00, 40.00
   5 , log4j2_Tran_Gauss ,    4000  ,     0 (           *   |              ),40.00, 40.00, 40.00, 40.00, 40.00
   5 , poi2_Und_Tran_Log ,    4000  ,     0 (           *   |              ),40.00, 40.00, 40.00, 40.00, 40.00
   5 , xerces2_GL_Tran_Gauss ,    4100  ,     0 (           *   |              ),41.00, 41.00, 41.00, 41.00, 41.00
   5 , poi2_Und_GL_Tran_Gauss ,    4100  ,     0 (           *   |              ),41.00, 41.00, 41.00, 41.00, 41.00
   5 , lucene2_Und_GL_Tran_Log ,    4200  ,     0 (            *  |              ),42.00, 42.00, 42.00, 42.00, 42.00
   5 , cm1_Und_Tran_Log ,    4300  ,     0 (            *  |              ),43.00, 43.00, 43.00, 43.00, 43.00
   5 , log4j2_Gauss ,    4300  ,  1500 (         -  * -|-------       ),33.00, 35.00, 43.00, 49.00, 79.00
   5 , poi2_GL_Tran_Gauss ,    4400  ,     0 (            *  |              ),44.00, 44.00, 44.00, 44.00, 44.00
   5 , xerces2_Und_GL_Tran_Log ,    4400  ,     0 (            *  |              ),44.00, 44.00, 44.00, 44.00, 44.00
   5 , xerces2_Und_Tran_Gauss ,    4400  ,     0 (            *  |              ),44.00, 44.00, 44.00, 44.00, 44.00
   5 , synapse2_Und_GL_Tran_Gauss ,    4400  ,     0 (            *  |              ),44.00, 44.00, 44.00, 44.00, 44.00
   5 , jedit2_Und_GL_Tran_Log ,    4400  ,     0 (            *  |              ),44.00, 44.00, 44.00, 44.00, 44.00
   5 , lucene2_Und_Tran_Log ,    4500  ,     0 (             * |              ),45.00, 45.00, 45.00, 45.00, 45.00
   5 , synapse2_GL_Tran_Gauss ,    4500  ,     0 (             * |              ),45.00, 45.00, 45.00, 45.00, 45.00
   5 , lucene2_GL_Tran_Gauss ,    4500  ,     0 (             * |              ),45.00, 45.00, 45.00, 45.00, 45.00
   5 , lucene2_Und_GL_Tran_Gauss ,    4600  ,     0 (             * |              ),46.00, 46.00, 46.00, 46.00, 46.00
   5 ,   arc2_Gauss ,    4600  ,  1700 (        ---  *-|              ),29.00, 38.00, 46.00, 51.00, 57.00
   5 , poi2_Und_GL_Tran_Log ,    4700  ,     0 (             * |              ),47.00, 47.00, 47.00, 47.00, 47.00
   5 , lucene2_Und_Tran_Gauss ,    4700  ,     0 (             * |              ),47.00, 47.00, 47.00, 47.00, 47.00
   5 , log4j2_Und_Tran_KNN3 ,    4700  ,  6300 (             * |   ---------  ), 4.00,  4.00, 47.00, 67.00, 95.00
   5 , xerces2_Tran_Gauss ,    4800  ,     0 (              *|              ),48.00, 48.00, 48.00, 48.00, 48.00
   5 , log4j2_Und_Gauss ,    4800  ,  2000 (         -    *|---           ),33.00, 35.00, 48.00, 53.00, 65.00
   6 , synapse2_Tran_Gauss ,    5000  ,     0 (              *|              ),50.00, 50.00, 50.00, 50.00, 50.00
   6 , synapse2_Und_Tran_Log ,    5000  ,     0 (              *|              ),50.00, 50.00, 50.00, 50.00, 50.00
   6 , camel2_Und_Gauss ,    5100  ,  1900 (         ---- *|  -           ),34.00, 45.00, 51.00, 61.00, 65.00
   6 , camel2_GL_Gauss ,    5100  ,   600 (             -*|              ),46.00, 48.00, 51.00, 53.00, 55.00
   6 , synapse2_Tran_Log ,    5200  ,     0 (               *              ),52.00, 52.00, 52.00, 52.00, 52.00
   6 , berek2_Und_Tran_Gauss ,    5200  ,     0 (               *              ),52.00, 52.00, 52.00, 52.00, 52.00
   6 , xerces2_GL_Gauss ,    5300  ,   600 (            -- *-             ),44.00, 50.00, 53.00, 54.00, 60.00
   7 , poi2_Tran_Gauss ,    5400  ,     0 (               *              ),54.00, 54.00, 54.00, 54.00, 54.00
   7 , synapse2_Und_Gauss ,    5400  ,  1900 (           --  *   --         ),41.00, 46.00, 54.00, 65.00, 73.00
   7 , lucene2_GL_Gauss ,    5600  ,   800 (              -|*-            ),49.00, 52.00, 56.00, 59.00, 63.00
   7 , pc3_Und_GL_Tran_Gauss ,    5600  ,     0 (               |*             ),56.00, 56.00, 56.00, 56.00, 56.00
   7 , synapse2_Und_Tran_Gauss ,    5600  ,     0 (               |*             ),56.00, 56.00, 56.00, 56.00, 56.00
   8 , lucene2_GL_Tran_KNN3 ,    5700  ,   700 (               |*--           ),53.00, 55.00, 57.00, 59.00, 65.00
   8 , synapse2_Gauss ,    5700  ,  1500 (             --|* --          ),47.00, 52.00, 57.00, 61.00, 70.00
   8 , lucene2_Tran_KNN1 ,    5700  ,   700 (               |*-            ),52.00, 55.00, 57.00, 60.00, 64.00
   9 , lucene2_Tran_Gauss ,    5800  ,     0 (               | *            ),58.00, 58.00, 58.00, 58.00, 58.00
   9 , lucene2_GL_Tran_KNN1 ,    5800  ,   700 (               | *-           ),52.00, 56.00, 58.00, 62.00, 65.00
   9 , berek2_Und_GL_Tran_Gauss ,    5800  ,     0 (               | *            ),58.00, 58.00, 58.00, 58.00, 58.00
   9 , berek2_GL_Tran_Gauss ,    5800  ,     0 (               | *            ),58.00, 58.00, 58.00, 58.00, 58.00
   9 , arc2_Und_Gauss ,    5800  ,  3500 (           --- | *     ---    ),40.00, 49.00, 58.00, 80.00, 88.00
   9 , lucene2_Tran_KNN3 ,    5800  ,   800 (               | *-           ),52.00, 55.00, 58.00, 61.00, 65.00
   9 , camel2_Und_GL_Tran_Log ,    5800  ,     0 (               | *            ),58.00, 58.00, 58.00, 58.00, 58.00
   9 , log4j2_Und_Log ,    5900  ,  2800 (  -------------| *     -----  ), 9.00, 52.00, 59.00, 80.00, 96.00
   9 , lucene2_Tran_KNN5 ,    5900  ,   600 (               |-*-           ),55.00, 58.00, 59.00, 62.00, 65.00
   9 , lucene2_GL_Tran_KNN10 ,    5900  ,   700 (              -| *-           ),51.00, 57.00, 59.00, 63.00, 65.00
   9 , lucene2_GL_Log ,    5900  ,   600 (               |-*--          ),56.00, 58.00, 59.00, 63.00, 69.00
   9 , xerces2_Tran_KNN1 ,    5900  ,   800 (              -| *-           ),50.00, 56.00, 59.00, 63.00, 66.00
   9 , camel2_GL_Tran_Log ,    6000  ,     0 (               | *            ),60.00, 60.00, 60.00, 60.00, 60.00
   9 , lucene2_GL_Tran_KNN5 ,    6000  ,   700 (              -| *            ),51.00, 57.00, 60.00, 61.00, 64.00
   9 , synapse2_Tran_KNN1 ,    6100  ,   900 (              -|- *--         ),48.00, 59.00, 61.00, 66.00, 73.00
   9 , pc1_Und_GL_Tran_Gauss ,    6100  ,     0 (               |  *           ),61.00, 61.00, 61.00, 61.00, 61.00
   9 , lucene2_Tran_KNN10 ,    6100  ,   500 (               |- *           ),55.00, 58.00, 61.00, 62.00, 65.00
   9 , xerces2_Tran_KNN5 ,    6100  ,   800 (               |- *-          ),54.00, 59.00, 61.00, 63.00, 68.00
   9 , jedit2_GL_Tran_Log ,    6100  ,     0 (               |  *           ),61.00, 61.00, 61.00, 61.00, 61.00
   9 , xerces2_GL_Tran_KNN1 ,    6100  ,   800 (               |  *           ),53.00, 57.00, 61.00, 63.00, 65.00
   9 , synapse2_GL_Tran_KNN1 ,    6100  ,  1100 (              -|  *-          ),49.00, 56.00, 61.00, 66.00, 69.00
  10 , xerces2_Tran_KNN3 ,    6200  ,  1100 (               |  *-          ),54.00, 57.00, 62.00, 67.00, 70.00
  10 , camel2_GL_Tran_KNN1 ,    6200  ,   800 (               |- *-          ),55.00, 60.00, 62.00, 66.00, 69.00
  10 , xerces2_Tran_KNN10 ,    6200  ,   900 (               |  *--         ),54.00, 57.00, 62.00, 65.00, 71.00
  10 , xerces2_Und_Gauss ,    6200  ,   500 (               |- *-          ),56.00, 60.00, 62.00, 64.00, 69.00
  10 , synapse2_GL_Gauss ,    6200  ,  1000 (               |- *-          ),54.00, 59.00, 62.00, 66.00, 68.00
  10 , xerces2_GL_Tran_KNN5 ,    6200  ,   900 (               |  *--         ),53.00, 57.00, 62.00, 65.00, 71.00
  10 , elearning2_Und_Tran_Gauss ,    6200  ,     0 (               |  *           ),62.00, 62.00, 62.00, 62.00, 62.00
  10 , poi2_GL_Gauss ,    6200  ,   900 (               |  *-          ),53.00, 57.00, 62.00, 64.00, 69.00
  10 , pc3_GL_Tran_Gauss ,    6200  ,     0 (               |  *           ),62.00, 62.00, 62.00, 62.00, 62.00
  10 , xerces2_GL_Tran_KNN10 ,    6300  ,   800 (               |--* --        ),56.00, 61.00, 63.00, 68.00, 74.00
  10 , camel2_Tran_KNN1 ,    6300  ,   600 (               |  *-          ),58.00, 60.00, 63.00, 65.00, 69.00
  10 , ant2_Tran_Gauss ,    6300  ,     0 (               |  *           ),63.00, 63.00, 63.00, 63.00, 63.00
  10 , xerces2_GL_Tran_KNN3 ,    6300  ,   500 (               |- *-          ),55.00, 60.00, 63.00, 65.00, 70.00
  10 , pc4_Und_Tran_Log ,    6300  ,     0 (               |  *           ),63.00, 63.00, 63.00, 63.00, 63.00
  10 , synapse2_GL_Tran_Log ,    6300  ,     0 (               |  *           ),63.00, 63.00, 63.00, 63.00, 63.00
  11 , cm1_GL_Tran_Log ,    6400  ,     0 (               |  *           ),64.00, 64.00, 64.00, 64.00, 64.00
  11 , pc1_Und_Tran_Log ,    6400  ,     0 (               |  *           ),64.00, 64.00, 64.00, 64.00, 64.00
  11 , ant2_Und_Tran_Gauss ,    6400  ,     0 (               |  *           ),64.00, 64.00, 64.00, 64.00, 64.00
  11 , pc1_Und_GL_Tran_Log ,    6400  ,     0 (               |  *           ),64.00, 64.00, 64.00, 64.00, 64.00
  11 , xerces2_Gauss ,    6400  ,   600 (               |--*-          ),57.00, 62.00, 64.00, 66.00, 70.00
  11 , pc4_Und_GL_Tran_Log ,    6400  ,     0 (               |  *           ),64.00, 64.00, 64.00, 64.00, 64.00
  11 , synapse2_GL_Log ,    6400  ,   800 (               |--* --        ),57.00, 61.00, 64.00, 68.00, 74.00
  11 , camel2_Tran_KNN3 ,    6400  ,   800 (               |--*--         ),57.00, 62.00, 64.00, 67.00, 72.00
  11 , ant2_Und_GL_Tran_Log ,    6400  ,     0 (               |  *           ),64.00, 64.00, 64.00, 64.00, 64.00
  11 , pc3_Und_GL_Tran_Log ,    6500  ,     0 (               |   *          ),65.00, 65.00, 65.00, 65.00, 65.00
  11 , poi2_GL_Tran_KNN1 ,    6500  ,   700 (               | - *-         ),59.00, 63.00, 65.00, 68.00, 73.00
  11 , ant2_GL_Gauss ,    6500  ,   700 (               | - *--        ),58.00, 62.00, 65.00, 69.00, 74.00
  11 , camel2_GL_Tran_KNN3 ,    6500  ,   400 (               |   *-         ),62.00, 64.00, 65.00, 67.00, 71.00
  11 , poi2_Tran_KNN1 ,    6500  ,   700 (               | - *-         ),60.00, 62.00, 65.00, 68.00, 71.00
  11 , xerces2_Und_GL_Gauss ,    6500  ,   800 (               | - *----      ),58.00, 63.00, 65.00, 70.00, 82.00
  11 , lucene2_Und_Gauss ,    6600  ,   600 (               | - *-         ),60.00, 64.00, 66.00, 69.00, 72.00
  11 ,  lucene2_Log ,    6600  ,   300 (               |-- *-         ),57.00, 64.00, 66.00, 67.00, 72.00
  11 , xerces2_GL_Log ,    6600  ,   700 (               | - *-         ),59.00, 63.00, 66.00, 68.00, 73.00
  11 , camel2_Tran_KNN5 ,    6600  ,   600 (               |   *--        ),61.00, 64.00, 66.00, 69.00, 74.00
  11 , xerces2_Und_GL_Tran_KNN10 ,    6600  ,   800 (               |   *--        ),61.00, 63.00, 66.00, 70.00, 74.00
  11 , jedit2_Und_GL_Tran_KNN1 ,    6600  ,     0 (               |   *          ),66.00, 66.00, 66.00, 66.00, 66.00
  11 , lucene2_Gauss ,    6600  ,   500 (               |   *          ),61.00, 64.00, 66.00, 68.00, 70.00
  11 , camel2_Gauss ,    6600  ,  1300 (             --|-  * -        ),45.00, 59.00, 66.00, 71.00, 74.00
  11 , camel2_GL_Log ,    6600  ,   600 (               | - *-         ),59.00, 63.00, 66.00, 68.00, 73.00
  11 , synapse2_Und_GL_Tran_Log ,    6600  ,     0 (               |   *          ),66.00, 66.00, 66.00, 66.00, 66.00
  11 , lucene2_Und_GL_Tran_KNN10 ,    6700  ,   700 (               | - *-         ),59.00, 64.00, 67.00, 70.00, 72.00
  11 , synapse2_Tran_KNN3 ,    6700  ,   600 (               | - *---       ),60.00, 64.00, 67.00, 70.00, 78.00
  11 ,     poi2_Log ,    6700  ,   600 (               |  -*-         ),62.00, 65.00, 67.00, 70.00, 72.00
  11 , camel2_Tran_Log ,    6700  ,     0 (               |   *          ),67.00, 67.00, 67.00, 67.00, 67.00
  11 , camel2_Und_Tran_Log ,    6700  ,     0 (               |   *          ),67.00, 67.00, 67.00, 67.00, 67.00
  11 , pc3_Und_Gauss ,    6700  ,  5600 (    -          |   * -        ),17.00, 19.00, 67.00, 72.00, 77.00
  11 ,  poi2_GL_Log ,    6700  ,   800 (               | - *--        ),59.00, 64.00, 67.00, 69.00, 76.00
  11 , lucene2_Und_Tran_KNN10 ,    6700  ,   900 (               | - * -        ),60.00, 62.00, 67.00, 71.00, 75.00
  11 , berek2_Tran_Gauss ,    6700  ,     0 (               |   *          ),67.00, 67.00, 67.00, 67.00, 67.00
  11 , poi2_Tran_KNN3 ,    6700  ,   400 (               |  -*--        ),63.00, 65.00, 67.00, 69.00, 74.00
  11 , lucene2_Und_Tran_KNN5 ,    6700  ,  1100 (               |  -*  -       ),63.00, 65.00, 67.00, 75.00, 78.00
  11 , ant2_GL_Tran_Log ,    6700  ,     0 (               |   *          ),67.00, 67.00, 67.00, 67.00, 67.00
  12 , xerces2_Und_Tran_KNN5 ,    6800  ,   700 (               |    *-        ),65.00, 66.00, 68.00, 72.00, 75.00
  12 , poi2_GL_Tran_KNN3 ,    6800  ,   600 (               |    *         ),62.00, 64.00, 68.00, 70.00, 72.00
  12 , xerces2_Und_GL_Tran_KNN5 ,    6800  ,   700 (               |  - *---      ),61.00, 66.00, 68.00, 71.00, 81.00
  12 , camel2_Tran_KNN10 ,    6800  ,   400 (               |  - *         ),64.00, 67.00, 68.00, 70.00, 72.00
  12 , xerces2_Und_Tran_KNN10 ,    6800  ,   700 (               | -  *-        ),60.00, 64.00, 68.00, 69.00, 74.00
  12 , synapse2_GL_Tran_KNN3 ,    6800  ,  1000 (               |    *--       ),61.00, 64.00, 68.00, 71.00, 78.00
  12 , synapse2_GL_Tran_KNN10 ,    6900  ,   700 (               |--- *-        ),52.00, 65.00, 69.00, 71.00, 75.00
  12 , ant2_Tran_Log ,    6900  ,     0 (               |    *         ),69.00, 69.00, 69.00, 69.00, 69.00
  12 , ant2_Und_Tran_Log ,    6900  ,     0 (               |    *         ),69.00, 69.00, 69.00, 69.00, 69.00
  12 , camel2_GL_Tran_KNN5 ,    6900  ,   400 (               |  --*         ),64.00, 68.00, 69.00, 72.00, 73.00
  12 , poi2_GL_Tran_KNN5 ,    6900  ,   600 (               |  - *         ),63.00, 65.00, 69.00, 71.00, 73.00
  12 , synapse2_Log ,    6900  ,   900 (               |  - *         ),61.00, 66.00, 69.00, 74.00, 76.00
  12 , poi2_GL_Tran_KNN10 ,    6900  ,   400 (               |   -*         ),65.00, 68.00, 69.00, 71.00, 73.00
  12 , ivy2_Und_GL_Tran_Log ,    6900  ,     0 (               |    *         ),69.00, 69.00, 69.00, 69.00, 69.00
  12 , poi2_Tran_KNN5 ,    6900  ,   800 (               |  - *-        ),63.00, 67.00, 69.00, 72.00, 76.00
  12 , camel2_Und_Tran_KNN10 ,    6900  ,   500 (               |  - *-        ),64.00, 67.00, 69.00, 71.00, 74.00
  13 , pc3_Und_Tran_Log ,    7000  ,     0 (               |    *         ),70.00, 70.00, 70.00, 70.00, 70.00
  13 , synapse2_Tran_KNN5 ,    7000  ,   900 (               | -- *-        ),60.00, 65.00, 70.00, 73.00, 76.00
  13 , pc1_GL_Tran_Gauss ,    7000  ,     0 (               |    *         ),70.00, 70.00, 70.00, 70.00, 70.00
  13 , poi2_Tran_KNN10 ,    7000  ,   500 (               |  --*-        ),62.00, 68.00, 70.00, 72.00, 75.00
  13 , lucene2_Und_GL_Tran_KNN5 ,    7000  ,   900 (               |  - *         ),63.00, 67.00, 70.00, 75.00, 76.00
  13 , synapse2_Tran_KNN10 ,    7000  ,   800 (               | -- *         ),58.00, 66.00, 70.00, 71.00, 73.00
  13 , cm1_Tran_KNN3 ,    7000  ,   900 (               |   -* -       ),66.00, 68.00, 70.00, 75.00, 79.00
  13 , camel2_GL_Tran_KNN10 ,    7000  ,   300 (               |  --*         ),64.00, 69.00, 70.00, 71.00, 73.00
  13 , pc4_Und_GL_Tran_Gauss ,    7000  ,     0 (               |    *         ),70.00, 70.00, 70.00, 70.00, 70.00
  13 , jedit2_Und_Tran_Log ,    7100  ,     0 (               |     *        ),71.00, 71.00, 71.00, 71.00, 71.00
  13 ,   ant2_Gauss ,    7100  ,   700 (               |  -  *        ),63.00, 66.00, 71.00, 73.00, 75.00
  13 , synapse2_Und_GL_Tran_KNN10 ,    7100  ,   800 (               |  -- *--      ),63.00, 68.00, 71.00, 75.00, 81.00
  13 , camel2_Und_Tran_KNN5 ,    7100  ,   300 (               |  -- *        ),63.00, 69.00, 71.00, 72.00, 77.00
  13 , lucene2_Und_Log ,    7100  ,   900 (               |  -  *-       ),63.00, 67.00, 71.00, 74.00, 78.00
  13 ,   poi2_Gauss ,    7100  ,   800 (               |  -  *        ),62.00, 65.00, 71.00, 72.00, 77.00
  13 , camel2_Und_GL_Tran_KNN10 ,    7100  ,   800 (               |     *        ),66.00, 67.00, 71.00, 73.00, 75.00
  13 ,  xerces2_Log ,    7100  ,   800 (               |  -  *        ),61.00, 67.00, 71.00, 74.00, 77.00
  13 , synapse2_Und_Tran_KNN10 ,    7100  ,   800 (               |  -- *-       ),61.00, 69.00, 71.00, 75.00, 80.00
  13 , synapse2_GL_Tran_KNN5 ,    7100  ,  1000 (               | --  *        ),58.00, 67.00, 71.00, 73.00, 76.00
  14 , camel2_Und_Tran_KNN3 ,    7200  ,   500 (               |    -*-       ),70.00, 71.00, 72.00, 75.00, 79.00
  14 , elearning2_Tran_Gauss ,    7200  ,     0 (               |     *        ),72.00, 72.00, 72.00, 72.00, 72.00
  14 , ivy2_GL_Tran_Log ,    7200  ,     0 (               |     *        ),72.00, 72.00, 72.00, 72.00, 72.00
  14 , camel2_Und_GL_Tran_KNN5 ,    7200  ,   600 (               |   - *-       ),67.00, 70.00, 72.00, 75.00, 78.00
  14 , xerces2_Und_Tran_KNN3 ,    7300  ,   700 (               |    -*--      ),69.00, 71.00, 73.00, 77.00, 81.00
  14 , elearning2_Und_Log ,    7300  ,  2300 (              -|--   *   --   ),49.00, 61.00, 73.00, 84.00, 92.00
  14 , xerces2_Und_GL_Tran_KNN3 ,    7300  ,   500 (               |   --*-       ),66.00, 71.00, 73.00, 76.00, 80.00
  14 ,   cm1_GL_Log ,    7300  ,  1000 (               |  -  *-       ),61.00, 67.00, 73.00, 76.00, 80.00
  14 , pc3_GL_Gauss ,    7300  ,   700 (               |    -*-       ),68.00, 71.00, 73.00, 77.00, 79.00
  14 , poi2_Und_Gauss ,    7300  ,   500 (               |  -- *-       ),63.00, 70.00, 73.00, 75.00, 78.00
  14 , pc4_GL_Tran_Log ,    7300  ,     0 (               |     *        ),73.00, 73.00, 73.00, 73.00, 73.00
  14 , pc4_GL_Tran_Gauss ,    7300  ,     0 (               |     *        ),73.00, 73.00, 73.00, 73.00, 73.00
  14 ,   camel2_Log ,    7300  ,   600 (               |    -*-       ),68.00, 71.00, 73.00, 76.00, 78.00
  14 , elearning2_Gauss ,    7300  ,  2500 (           ----|--   *  -     ),39.00, 61.00, 73.00, 81.00, 86.00
  14 , elearning2_GL_Log ,    7300  ,  2300 (               |     *  -     ),61.00, 61.00, 73.00, 81.00, 86.00
  14 , cm1_Und_Tran_Gauss ,    7300  ,     0 (               |     *        ),73.00, 73.00, 73.00, 73.00, 73.00
  14 , elearning2_Log ,    7300  ,  2500 (              -|---- *  -     ),49.00, 70.00, 73.00, 81.00, 86.00
  14 ,  ant2_GL_Log ,    7300  ,   700 (               |   - *-       ),67.00, 70.00, 73.00, 75.00, 79.00
  14 , ant2_Tran_KNN1 ,    7300  ,   600 (               |    -*-       ),69.00, 71.00, 73.00, 76.00, 79.00
  14 , poi2_Und_Tran_KNN10 ,    7300  ,   500 (               |   --*-       ),66.00, 71.00, 73.00, 75.00, 80.00
  14 , poi2_Und_GL_Tran_KNN10 ,    7300  ,   500 (               |    -*-       ),69.00, 71.00, 73.00, 76.00, 79.00
  14 , pc1_Tran_Gauss ,    7300  ,     0 (               |     *        ),73.00, 73.00, 73.00, 73.00, 73.00
  14 ,  arc2_GL_Log ,    7300  ,  1000 (               |  -- * -      ),63.00, 69.00, 73.00, 79.00, 83.00
  14 , pc4_Tran_KNN1 ,    7300  ,   700 (               |    -*-       ),69.00, 71.00, 73.00, 76.00, 79.00
  15 , cm1_Tran_Gauss ,    7400  ,     0 (               |      *       ),74.00, 74.00, 74.00, 74.00, 74.00
  15 , pc4_Und_Tran_Gauss ,    7400  ,     0 (               |      *       ),74.00, 74.00, 74.00, 74.00, 74.00
  15 , ant2_Und_Gauss ,    7400  ,   900 (               |   -- *       ),66.00, 73.00, 74.00, 79.00, 80.00
  15 ,   ivy2_Gauss ,    7400  ,   500 (               |    --*-      ),68.00, 74.00, 74.00, 78.00, 83.00
  15 , xerces2_Und_Log ,    7400  ,   400 (               |    - *       ),69.00, 71.00, 74.00, 74.00, 79.00
  15 , pc4_GL_Tran_KNN1 ,    7400  ,   500 (               |    - *       ),70.00, 72.00, 74.00, 77.00, 78.00
  15 , arc2_Und_GL_Tran_Log ,    7400  ,     0 (               |      *       ),74.00, 74.00, 74.00, 74.00, 74.00
  15 , cm1_Tran_Log ,    7400  ,     0 (               |      *       ),74.00, 74.00, 74.00, 74.00, 74.00
  15 , cm1_Tran_KNN1 ,    7400  ,  1000 (               |   -  *-      ),66.00, 70.00, 74.00, 78.00, 82.00
  15 , pc3_GL_Tran_KNN1 ,    7500  ,   400 (               |      *       ),71.00, 73.00, 75.00, 75.00, 78.00
  15 , cm1_GL_Tran_KNN3 ,    7500  ,   600 (               |    - *-      ),68.00, 73.00, 75.00, 79.00, 81.00
  15 , synapse2_Und_Tran_KNN5 ,    7500  ,   900 (               |  --- *--     ),64.00, 72.00, 75.00, 80.00, 85.00
  15 , poi2_Und_Log ,    7500  ,   700 (               |    - *       ),68.00, 73.00, 75.00, 76.00, 79.00
  15 , camel2_Und_GL_Gauss ,    7500  ,   600 (               |    - *-      ),68.00, 73.00, 75.00, 77.00, 81.00
  15 ,    cm1_Gauss ,    7500  ,   800 (               |    - *-      ),69.00, 72.00, 75.00, 79.00, 82.00
  15 , ivy2_Und_Gauss ,    7500  ,  1100 (               |  --- * --    ),63.00, 72.00, 75.00, 81.00, 88.00
  15 , arc2_Tran_KNN1 ,    7500  ,  1600 (               |  --  *--     ),63.00, 69.00, 75.00, 80.00, 84.00
  15 , cm1_Tran_KNN5 ,    7500  ,   600 (               |   -- *-      ),66.00, 73.00, 75.00, 79.00, 83.00
  15 , ant2_Tran_KNN3 ,    7500  ,   500 (               |    --*       ),69.00, 74.00, 75.00, 78.00, 79.00
  15 , camel2_Und_GL_Tran_KNN3 ,    7500  ,   500 (               |    - *       ),69.00, 73.00, 75.00, 76.00, 79.00
  15 , cm1_Und_Gauss ,    7500  ,  1100 (             --|----  *--     ),46.00, 70.00, 75.00, 79.00, 84.00
  15 , poi2_Und_GL_Gauss ,    7500  ,   900 (               |    - *-      ),69.00, 72.00, 75.00, 78.00, 82.00
  15 , arc2_GL_Tran_KNN1 ,    7500  ,  1200 (               |   -- *--     ),65.00, 72.00, 75.00, 78.00, 85.00
  16 , pc3_Tran_KNN1 ,    7600  ,   400 (               |      *       ),71.00, 73.00, 76.00, 76.00, 78.00
  16 , cm1_GL_Gauss ,    7600  ,   500 (               | ---- *-      ),60.00, 73.00, 76.00, 78.00, 83.00
  16 ,     ant2_Log ,    7600  ,   600 (               |     -*-      ),72.00, 75.00, 76.00, 80.00, 83.00
  16 , synapse2_Und_GL_Tran_KNN5 ,    7600  ,   600 (               |   -- *-      ),66.00, 73.00, 76.00, 78.00, 81.00
  16 , ant2_GL_Tran_KNN1 ,    7600  ,   600 (               |    - *       ),70.00, 72.00, 76.00, 78.00, 79.00
  16 , poi2_Und_GL_Tran_KNN5 ,    7600  ,   500 (               |    --*-      ),69.00, 74.00, 76.00, 77.00, 83.00
  16 , poi2_Und_Tran_KNN5 ,    7600  ,   500 (               |    - *       ),69.00, 73.00, 76.00, 78.00, 80.00
  17 ,   pc3_GL_Log ,    7700  ,   500 (               |      *-      ),74.00, 75.00, 77.00, 80.00, 83.00
  17 , pc4_Tran_Gauss ,    7700  ,     0 (               |      *       ),77.00, 77.00, 77.00, 77.00, 77.00
  17 , cm1_GL_Tran_KNN1 ,    7700  ,   900 (               |  --- * -     ),64.00, 72.00, 77.00, 81.00, 84.00
  17 , pc1_Und_Tran_Gauss ,    7700  ,     0 (               |      *       ),77.00, 77.00, 77.00, 77.00, 77.00
  17 , pc4_GL_Tran_KNN3 ,    7700  ,   300 (               |      *       ),74.00, 76.00, 77.00, 78.00, 80.00
  17 , berek2_Tran_Log ,    7700  ,     0 (               |      *       ),77.00, 77.00, 77.00, 77.00, 77.00
  17 , lucene2_Und_GL_Tran_KNN3 ,    7700  ,  1100 (               |    - * -     ),70.00, 73.00, 77.00, 81.00, 86.00
  17 , elearning2_Und_GL_Tran_Log ,    7700  ,     0 (               |      *       ),77.00, 77.00, 77.00, 77.00, 77.00
  17 , pc4_GL_Gauss ,    7700  ,   400 (               |     -*       ),73.00, 75.00, 77.00, 78.00, 80.00
  17 , cm1_Tran_KNN10 ,    7700  ,   800 (               |     -*--     ),73.00, 75.00, 77.00, 79.00, 86.00
  17 , ant2_GL_Tran_KNN3 ,    7700  ,   700 (               |    - *-      ),69.00, 73.00, 77.00, 79.00, 82.00
  17 , lucene2_Und_Tran_KNN3 ,    7700  ,   500 (               |     -*--     ),71.00, 74.00, 77.00, 77.00, 84.00
  17 , pc4_Tran_KNN5 ,    7700  ,   500 (               |      *-      ),74.00, 77.00, 77.00, 80.00, 83.00
  18 , arc2_Und_Log ,    7800  ,  1400 (               |    -- *  -   ),69.00, 76.00, 78.00, 88.00, 93.00
  18 , pc3_Und_Tran_Gauss ,    7800  ,     0 (               |       *      ),78.00, 78.00, 78.00, 78.00, 78.00
  18 , pc4_Tran_KNN3 ,    7800  ,   500 (               |       *      ),74.00, 75.00, 78.00, 80.00, 82.00
  18 , pc4_Tran_KNN10 ,    7800  ,   500 (               |       *      ),75.00, 76.00, 78.00, 81.00, 83.00
  18 , arc2_Und_Tran_KNN10 ,    7800  ,  1000 (               |     - * -    ),72.00, 75.00, 78.00, 85.00, 89.00
  18 , pc1_Tran_KNN1 ,    7800  ,   600 (               |       *-     ),74.00, 77.00, 78.00, 81.00, 84.00
  18 , ant2_GL_Tran_KNN5 ,    7800  ,   500 (               |     - *      ),72.00, 75.00, 78.00, 79.00, 82.00
  18 , pc4_GL_Tran_KNN5 ,    7800  ,   300 (               |       *      ),74.00, 76.00, 78.00, 79.00, 81.00
  18 , cm1_Und_GL_Log ,    7800  ,  1200 (               |     - * -    ),71.00, 74.00, 78.00, 84.00, 90.00
  18 , ivy2_GL_Gauss ,    7800  ,   600 (               |     - *-     ),73.00, 76.00, 78.00, 82.00, 85.00
  18 ,  ivy2_GL_Log ,    7800  ,   700 (               |     - *-     ),72.00, 76.00, 78.00, 81.00, 84.00
  18 , ivy2_GL_Tran_KNN3 ,    7800  ,   800 (               |     - *-     ),72.00, 75.00, 78.00, 81.00, 85.00
  18 , arc2_Und_Tran_KNN5 ,    7800  ,  1200 (               |     - * -    ),72.00, 75.00, 78.00, 85.00, 89.00
  18 , ant2_Tran_KNN5 ,    7800  ,   500 (               |     - *      ),72.00, 75.00, 78.00, 79.00, 82.00
  18 , camel2_Und_Log ,    7800  ,   500 (               |     - *-     ),71.00, 76.00, 78.00, 81.00, 84.00
  18 , arc2_GL_Tran_KNN3 ,    7800  ,   700 (               |     - *--    ),73.00, 75.00, 78.00, 82.00, 89.00
  18 , pc3_Tran_Gauss ,    7900  ,     0 (               |       *      ),79.00, 79.00, 79.00, 79.00, 79.00
  18 , ivy2_Und_Tran_Log ,    7900  ,     0 (               |       *      ),79.00, 79.00, 79.00, 79.00, 79.00
  18 , cm1_GL_Tran_KNN5 ,    7900  ,   800 (               |    -- *-     ),70.00, 77.00, 79.00, 83.00, 86.00
  18 , ant2_Tran_KNN10 ,    7900  ,   500 (               |     - *-     ),73.00, 75.00, 79.00, 79.00, 84.00
  18 , pc4_Und_GL_Tran_KNN3 ,    7900  ,   400 (               |      -*      ),76.00, 78.00, 79.00, 82.00, 83.00
  18 , lucene2_Und_GL_Gauss ,    7900  ,   900 (               |       * -    ),74.00, 76.00, 79.00, 84.00, 87.00
  18 , synapse2_Und_Log ,    7900  ,   600 (               |     - *-     ),73.00, 77.00, 79.00, 81.00, 86.00
  18 , ant2_Und_GL_Tran_KNN10 ,    7900  ,   600 (               |       *--    ),74.00, 77.00, 79.00, 82.00, 87.00
  18 , cm1_Und_GL_Tran_KNN3 ,    7900  ,   600 (               |     - *-     ),73.00, 75.00, 79.00, 81.00, 86.00
  18 , arc2_Tran_KNN3 ,    7900  ,  1000 (               |    -  *---   ),69.00, 73.00, 79.00, 82.00, 92.00
  18 , ivy2_GL_Tran_KNN1 ,    7900  ,   900 (               |    -- *-     ),68.00, 74.00, 79.00, 81.00, 84.00
  18 , ant2_Und_Log ,    7900  ,   400 (               |       *-     ),76.00, 77.00, 79.00, 81.00, 84.00
  18 , pc4_GL_Tran_KNN10 ,    7900  ,   400 (               |       *      ),75.00, 77.00, 79.00, 80.00, 81.00
  18 , pc3_GL_Tran_KNN3 ,    8000  ,   300 (               |      -*      ),76.00, 78.00, 80.00, 80.00, 83.00
  18 , pc3_Tran_KNN3 ,    8000  ,   500 (               |      -*      ),76.00, 78.00, 80.00, 80.00, 83.00
  18 , ivy2_Tran_Log ,    8000  ,     0 (               |       *      ),80.00, 80.00, 80.00, 80.00, 80.00
  18 , pc4_Und_Gauss ,    8000  ,   500 (           ----|-------*-     ),39.00, 78.00, 80.00, 82.00, 85.00
  18 , poi2_Und_GL_Tran_KNN3 ,    8000  ,   700 (               |     --*      ),73.00, 78.00, 80.00, 84.00, 86.00
  18 , berek2_Und_Tran_Log ,    8000  ,     0 (               |       *      ),80.00, 80.00, 80.00, 80.00, 80.00
  18 , arc2_Und_Tran_Log ,    8000  ,     0 (               |       *      ),80.00, 80.00, 80.00, 80.00, 80.00
  18 , berek2_Und_GL_Tran_Log ,    8000  ,     0 (               |       *      ),80.00, 80.00, 80.00, 80.00, 80.00
  18 , pc4_Tran_Log ,    8000  ,     0 (               |       *      ),80.00, 80.00, 80.00, 80.00, 80.00
  18 , pc3_GL_Tran_Log ,    8000  ,     0 (               |       *      ),80.00, 80.00, 80.00, 80.00, 80.00
  18 , ivy2_Tran_KNN1 ,    8000  ,   700 (               |      -*-     ),74.00, 78.00, 80.00, 81.00, 84.00
  18 , ivy2_GL_Tran_KNN10 ,    8000  ,   900 (               |    ---* -    ),70.00, 78.00, 80.00, 85.00, 88.00
  18 , pc4_Und_Tran_KNN10 ,    8000  ,   200 (               |       *      ),78.00, 80.00, 80.00, 81.00, 83.00
  18 , ant2_GL_Tran_KNN10 ,    8000  ,   400 (               |      -*-     ),76.00, 78.00, 80.00, 82.00, 85.00
  18 , pc4_Und_GL_Tran_KNN5 ,    8000  ,   400 (               |     --*-     ),73.00, 79.00, 80.00, 83.00, 85.00
  18 , arc2_Und_Tran_KNN1 ,    8000  ,   800 (               |     --*---   ),72.00, 78.00, 80.00, 82.00, 93.00
  18 , pc1_GL_Tran_KNN1 ,    8000  ,   500 (               |       *-     ),75.00, 77.00, 80.00, 81.00, 86.00
  19 , pc3_Und_GL_Tran_KNN3 ,    8100  ,   600 (               |      - *-    ),77.00, 79.00, 81.00, 84.00, 87.00
  19 , cm1_Und_GL_Tran_KNN10 ,    8100  ,   600 (               |      - *     ),77.00, 79.00, 81.00, 81.00, 86.00
  19 , pc1_GL_Gauss ,    8100  ,   400 (               |      - *     ),77.00, 79.00, 81.00, 83.00, 85.00
  19 ,      cm1_Log ,    8100  ,   700 (               |      - *-    ),75.00, 78.00, 81.00, 83.00, 87.00
  19 , cm1_Und_GL_Tran_KNN1 ,    8100  ,   500 (               |      - *-    ),74.00, 79.00, 81.00, 84.00, 88.00
  19 , pc4_Und_Tran_KNN5 ,    8100  ,   200 (               |        *     ),78.00, 80.00, 81.00, 82.00, 86.00
  19 , cm1_GL_Tran_KNN10 ,    8100  ,   600 (               |     -- *-    ),73.00, 79.00, 81.00, 83.00, 88.00
  19 , pc3_Und_Tran_KNN10 ,    8100  ,   300 (               |       -*     ),78.00, 81.00, 81.00, 83.00, 86.00
  19 , ant2_Und_GL_Tran_KNN5 ,    8100  ,   600 (               |      - *-    ),77.00, 79.00, 81.00, 84.00, 87.00
  19 , synapse2_Und_GL_Tran_KNN3 ,    8100  ,   900 (               |   ---  *     ),67.00, 76.00, 81.00, 83.00, 85.00
  19 , arc2_Tran_Log ,    8100  ,     0 (               |        *     ),81.00, 81.00, 81.00, 81.00, 81.00
  19 , cm1_Und_Tran_KNN3 ,    8100  ,  1100 (               |     -  *--   ),71.00, 77.00, 81.00, 86.00, 91.00
  19 , pc4_Und_GL_Tran_KNN10 ,    8100  ,   300 (               |      - *     ),75.00, 79.00, 81.00, 82.00, 83.00
  19 , synapse2_Und_Tran_KNN3 ,    8100  ,   700 (               |     -- *-    ),71.00, 79.00, 81.00, 83.00, 89.00
  19 , cm1_Und_GL_Tran_KNN5 ,    8100  ,   400 (               |        *     ),75.00, 77.00, 81.00, 81.00, 86.00
  19 , pc3_Und_Tran_KNN5 ,    8100  ,   400 (               |        *     ),78.00, 79.00, 81.00, 82.00, 86.00
  19 , pc3_Und_Tran_KNN3 ,    8100  ,   400 (               |        *     ),78.00, 79.00, 81.00, 83.00, 86.00
  19 , arc2_GL_Tran_Log ,    8100  ,     0 (               |        *     ),81.00, 81.00, 81.00, 81.00, 81.00
  19 , ivy2_GL_Tran_KNN5 ,    8100  ,   600 (               |    --- *     ),70.00, 78.00, 81.00, 84.00, 86.00
  19 , poi2_Und_Tran_KNN3 ,    8100  ,   600 (               |     -  *     ),73.00, 77.00, 81.00, 83.00, 86.00
  19 , elearning2_GL_Tran_Log ,    8100  ,     0 (               |        *     ),81.00, 81.00, 81.00, 81.00, 81.00
  19 , pc3_GL_Tran_KNN10 ,    8100  ,   500 (               |        *     ),79.00, 80.00, 81.00, 83.00, 86.00
  19 , pc3_Tran_Log ,    8100  ,     0 (               |        *     ),81.00, 81.00, 81.00, 81.00, 81.00
  19 , arc2_Und_Tran_KNN3 ,    8100  ,  1100 (               |    --  *-    ),69.00, 75.00, 81.00, 86.00, 89.00
  19 , camel2_Und_GL_Tran_KNN1 ,    8100  ,   500 (               |      - *     ),76.00, 80.00, 81.00, 84.00, 85.00
  20 , pc1_Und_Gauss ,    8200  ,   700 (               |   ---- *-    ),67.00, 78.00, 82.00, 85.00, 88.00
  20 , pc3_Und_GL_Tran_KNN5 ,    8200  ,   600 (               |        *     ),78.00, 79.00, 82.00, 84.00, 86.00
  20 , arc2_Und_GL_Tran_KNN3 ,    8200  ,  1000 (               |      - *-    ),75.00, 78.00, 82.00, 85.00, 89.00
  20 , arc2_Und_GL_Tran_KNN5 ,    8200  ,   500 (               |       -*-    ),78.00, 82.00, 82.00, 85.00, 89.00
  20 , pc3_Tran_KNN5 ,    8200  ,   500 (               |      - *     ),77.00, 79.00, 82.00, 84.00, 86.00
  20 , pc4_Und_Tran_KNN3 ,    8200  ,   500 (               |      - *     ),76.00, 79.00, 82.00, 83.00, 85.00
  20 , jedit2_Tran_Log ,    8200  ,     0 (               |        *     ),82.00, 82.00, 82.00, 82.00, 82.00
  20 , camel2_Und_Tran_KNN1 ,    8200  ,   500 (               |        *     ),78.00, 80.00, 82.00, 85.00, 85.00
  20 , arc2_GL_Tran_KNN10 ,    8200  ,  1000 (               |      - *--   ),75.00, 78.00, 82.00, 85.00, 92.00
  20 , arc2_Und_GL_Tran_KNN10 ,    8200  ,   700 (               |      - *-    ),75.00, 78.00, 82.00, 85.00, 89.00
  20 , pc3_Tran_KNN10 ,    8200  ,   500 (               |       -*     ),80.00, 81.00, 82.00, 83.00, 86.00
  20 , pc3_GL_Tran_KNN5 ,    8200  ,   400 (               |        *     ),78.00, 80.00, 82.00, 83.00, 84.00
  20 , arc2_GL_Gauss ,    8200  ,   600 (               |      --*-    ),74.00, 82.00, 82.00, 86.00, 90.00
  20 , ivy2_Tran_KNN3 ,    8200  ,   700 (               |      - *     ),76.00, 78.00, 82.00, 85.00, 86.00
  20 , arc2_Tran_KNN5 ,    8200  ,  1000 (               |     -  *--   ),72.00, 75.00, 82.00, 82.00, 92.00
  20 , ivy2_Und_GL_Tran_KNN10 ,    8200  ,  1000 (               |      - *     ),76.00, 78.00, 82.00, 88.00, 89.00
  20 , arc2_Tran_KNN10 ,    8200  ,  1000 (               |     -  *     ),72.00, 75.00, 82.00, 85.00, 85.00
  20 , arc2_GL_Tran_KNN5 ,    8200  ,  1000 (               |      - *--   ),75.00, 79.00, 82.00, 86.00, 92.00
  20 , pc3_Und_GL_Tran_KNN1 ,    8300  ,   200 (               |      --*-    ),77.00, 82.00, 83.00, 84.00, 87.00
  20 , pc3_Und_GL_Tran_KNN10 ,    8300  ,   400 (               |      --*     ),77.00, 81.00, 83.00, 83.00, 86.00
  20 , pc4_Und_GL_Tran_KNN1 ,    8300  ,   400 (               |       -*     ),79.00, 81.00, 83.00, 85.00, 86.00
  20 , ant2_Und_GL_Gauss ,    8300  ,   600 (               |       -*-    ),79.00, 81.00, 83.00, 85.00, 87.00
  20 , berek2_GL_Tran_Log ,    8300  ,     0 (               |        *     ),83.00, 83.00, 83.00, 83.00, 83.00
  20 , ant2_Und_GL_Tran_KNN3 ,    8300  ,   600 (               |        *-    ),78.00, 80.00, 83.00, 84.00, 88.00
  20 , cm1_Und_Tran_KNN5 ,    8300  ,   700 (               |     -- *-    ),73.00, 79.00, 83.00, 86.00, 88.00
  20 , cm1_Und_Tran_KNN1 ,    8300  ,  1000 (               |      --* -   ),74.00, 82.00, 83.00, 88.00, 92.00
  20 , pc4_Und_Tran_KNN1 ,    8300  ,   500 (               |       -*-    ),78.00, 81.00, 83.00, 85.00, 87.00
  20 , camel2_Und_GL_Log ,    8300  ,   500 (               |      --*     ),77.00, 81.00, 83.00, 84.00, 86.00
  20 , cm1_Und_Tran_KNN10 ,    8300  ,   900 (               |     -- *-    ),73.00, 79.00, 83.00, 86.00, 88.00
  20 , ant2_Und_Tran_KNN10 ,    8300  ,   900 (               |     -- *-    ),73.00, 78.00, 83.00, 85.00, 87.00
  20 , pc3_Und_GL_Log ,    8300  ,   600 (               |        *-    ),79.00, 80.00, 83.00, 86.00, 89.00
  21 , arc2_Und_GL_Log ,    8400  ,  1000 (               |     --  *-   ),72.00, 79.00, 84.00, 86.00, 93.00
  21 , arc2_Und_GL_Tran_KNN1 ,    8400  ,  1000 (               |     --  *-   ),72.00, 78.00, 84.00, 86.00, 92.00
  21 , pc3_Und_GL_Gauss ,    8400  ,   200 (               |         *    ),81.00, 83.00, 84.00, 85.00, 87.00
  21 ,    pc4_Gauss ,    8400  ,   400 (               |      -- *    ),77.00, 81.00, 84.00, 85.00, 87.00
  21 ,     arc2_Log ,    8400  ,  1000 (               |      -- *    ),76.00, 82.00, 84.00, 88.00, 90.00
  21 , pc1_Tran_KNN3 ,    8400  ,   500 (               |       - *    ),78.00, 81.00, 84.00, 85.00, 86.00
  21 , jedit2_Und_Log ,    8600  ,  1400 (               |-------- *--  ),52.00, 82.00, 86.00, 86.00, 96.00
  21 ,  cm1_Und_Log ,    8400  ,   700 (               |      -- *    ),74.00, 81.00, 84.00, 87.00, 89.00
  21 , pc1_GL_Tran_KNN3 ,    8400  ,   500 (               |         *    ),81.00, 81.00, 84.00, 86.00, 90.00
  21 , ant2_Und_Tran_KNN5 ,    8400  ,   600 (               |      -- *    ),75.00, 81.00, 84.00, 85.00, 88.00
  21 , ant2_Und_Tran_KNN3 ,    8400  ,   600 (               |      -- *    ),77.00, 81.00, 84.00, 85.00, 88.00
  21 ,  pc3_Und_Log ,    8400  ,   400 (               |         *    ),82.00, 82.00, 84.00, 86.00, 87.00
  21 , pc3_Und_Tran_KNN1 ,    8400  ,   300 (               |         *    ),81.00, 83.00, 84.00, 86.00, 88.00
  21 , pc1_Und_Tran_KNN1 ,    8400  ,   500 (               |       - *    ),78.00, 82.00, 84.00, 87.00, 89.00
  21 , ivy2_Und_Tran_KNN10 ,    8500  ,   700 (               |      -  *    ),76.00, 80.00, 85.00, 85.00, 90.00
  21 , pc4_Und_GL_Gauss ,    8500  ,   300 (               |        -*    ),82.00, 84.00, 85.00, 86.00, 89.00
  21 , ivy2_Und_GL_Log ,    8500  ,   800 (               |         *-   ),78.00, 80.00, 85.00, 88.00, 91.00
  21 ,      pc3_Log ,    8500  ,   600 (               |       - *    ),79.00, 81.00, 85.00, 87.00, 89.00
  21 , elearning2_GL_Tran_KNN10 ,    8500  ,     0 (               |     ----*    ),71.00, 85.00, 85.00, 85.00, 85.00
  21 ,   pc1_GL_Log ,    8500  ,   500 (               |       - *    ),79.00, 83.00, 85.00, 87.00, 89.00
  21 , pc1_Und_GL_Log ,    8500  ,   500 (               |         *    ),82.00, 83.00, 85.00, 87.00, 89.00
  21 , pc1_Tran_KNN5 ,    8500  ,   400 (               |        -*    ),82.00, 84.00, 85.00, 87.00, 89.00
  21 , ivy2_Und_GL_Tran_KNN5 ,    8500  ,   500 (               |      -- *    ),74.00, 83.00, 85.00, 86.00, 90.00
  21 , ivy2_Und_GL_Tran_KNN3 ,    8500  ,   900 (               |      -- *-   ),74.00, 81.00, 85.00, 88.00, 91.00
  21 , elearning2_Tran_KNN1 ,    8500  ,  2900 (               |         * -- ),71.00, 71.00, 85.00, 91.00, 100.00
  21 , elearning2_Tran_KNN3 ,    8500  ,     0 (               |     ----*    ),71.00, 85.00, 85.00, 85.00, 85.00
  21 , elearning2_Tran_KNN5 ,    8500  ,     0 (               |         *    ),85.00, 85.00, 85.00, 85.00, 85.00
  21 , elearning2_Und_Tran_KNN3 ,    8500  ,     0 (               |         *--- ),85.00, 85.00, 85.00, 85.00, 100.00
  21 , elearning2_Und_Tran_KNN1 ,    8500  ,  1100 (               |     ----*    ),71.00, 85.00, 85.00, 100.00, 100.00
  21 , elearning2_Und_Tran_KNN5 ,    8500  ,     0 (               |         *    ),85.00, 85.00, 85.00, 85.00, 85.00
  21 , ivy2_Tran_KNN5 ,    8500  ,   600 (               |      -- *-   ),74.00, 82.00, 85.00, 86.00, 91.00
  21 , elearning2_Und_GL_Tran_KNN5 ,    8500  ,     0 (               |     ----*    ),71.00, 85.00, 85.00, 85.00, 85.00
  21 , elearning2_Und_GL_Tran_KNN1 ,    8500  ,   500 (               |     --  * -- ),71.00, 80.00, 85.00, 91.00, 100.00
  21 , elearning2_Und_GL_Tran_KNN3 ,    8500  ,     0 (               |     ----*    ),71.00, 85.00, 85.00, 85.00, 85.00
  21 , elearning2_GL_Tran_KNN3 ,    8500  ,  1400 (               |         *-   ),71.00, 71.00, 85.00, 85.00, 91.00
  21 , elearning2_GL_Tran_KNN1 ,    8500  ,  2000 (               |         * -- ),71.00, 71.00, 85.00, 91.00, 100.00
  21 , elearning2_GL_Tran_KNN5 ,    8500  ,     0 (               |     ----*    ),71.00, 85.00, 85.00, 85.00, 85.00
  21 , elearning2_Und_Tran_KNN10 ,    8500  ,     0 (               |         *    ),85.00, 85.00, 85.00, 85.00, 85.00
  21 ,    pc1_Gauss ,    8500  ,   500 (               |         *    ),82.00, 83.00, 85.00, 87.00, 90.00
  21 , elearning2_Tran_KNN10 ,    8500  ,     0 (               |     ----*    ),71.00, 85.00, 85.00, 85.00, 85.00
  21 , elearning2_Und_GL_Tran_KNN10 ,    8500  ,     0 (               |     ----*    ),71.00, 85.00, 85.00, 85.00, 85.00
  21 , ivy2_Tran_KNN10 ,    8500  ,   800 (               |      -  *-   ),76.00, 80.00, 85.00, 86.00, 91.00
  21 ,   pc4_GL_Log ,    8500  ,   400 (               |         *    ),82.00, 83.00, 85.00, 86.00, 89.00
  22 , berek2_GL_Log ,    8600  ,  1400 (               |         *--- ),74.00, 75.00, 86.00, 89.00, 100.00
  22 , elearning2_GL_Gauss ,    8600  ,  1300 (               |         *    ),73.00, 73.00, 86.00, 86.00, 86.00
  22 , ivy2_Und_Log ,    8600  ,   700 (               |      -- *    ),77.00, 81.00, 86.00, 88.00, 90.00
  22 , pc4_Und_GL_Log ,    8600  ,   300 (               |        -*-   ),83.00, 85.00, 86.00, 88.00, 91.00
  22 ,     ivy2_Log ,    8600  ,   900 (               |      -  *-   ),74.00, 80.00, 86.00, 87.00, 92.00
  22 , elearning2_Und_Gauss ,    8600  ,     0 (               |     ----* -- ),73.00, 86.00, 86.00, 92.00, 100.00
  22 , elearning2_Und_GL_Log ,    8600  ,  1900 (               |    -    * -- ),70.00, 73.00, 86.00, 92.00, 100.00
  22 , ivy2_Und_GL_Tran_KNN1 ,    8600  ,   600 (               |      ---*-   ),76.00, 85.00, 86.00, 90.00, 92.00
  22 , berek2_Tran_KNN1 ,    8600  ,  2800 (               |    ---- *    ),70.00, 81.00, 86.00, 100.00, 100.00
  22 , pc1_Tran_KNN10 ,    8600  ,   300 (               |        -*    ),82.00, 84.00, 86.00, 87.00, 89.00
  22 , pc1_Und_GL_Tran_KNN3 ,    8600  ,   500 (               |        -*    ),82.00, 85.00, 86.00, 88.00, 90.00
  22 , pc1_Und_GL_Tran_KNN1 ,    8600  ,   500 (               |       - *    ),79.00, 83.00, 86.00, 87.00, 90.00
  22 , elearning2_Tran_Log ,    8600  ,     0 (               |         *    ),86.00, 86.00, 86.00, 86.00, 86.00
  22 , bookkeeper_Und_Tran_KNN5 ,    8600  ,   300 (               |        -*-   ),81.00, 86.00, 86.00, 89.00, 93.00
  22 , berek2_Und_GL_Tran_KNN10 ,    8600  ,  1500 (               |    -     *-- ),69.00, 72.00, 87.00, 87.00, 100.00
  22 , elearning2_Und_Tran_Log ,    8600  ,     0 (               |         *    ),86.00, 86.00, 86.00, 86.00, 86.00
  22 , bookkeeper_Und_GL_Tran_KNN10 ,    8600  ,   800 (               |        -*--  ),81.00, 86.00, 86.00, 89.00, 94.00
  22 , bookkeeper_Und_Tran_KNN10 ,    8600  ,   300 (               |       --*-   ),78.00, 86.00, 86.00, 89.00, 91.00
  22 , pc1_GL_Tran_KNN5 ,    8600  ,   500 (               |         *-   ),81.00, 83.00, 86.00, 87.00, 91.00
  22 , ivy2_Und_Tran_KNN5 ,    8600  ,   500 (               |        -*-   ),82.00, 84.00, 86.00, 89.00, 91.00
  22 , pc1_GL_Tran_KNN10 ,    8700  ,   500 (               |        - *   ),83.00, 84.00, 87.00, 89.00, 91.00
  22 , berek2_GL_Tran_KNN5 ,    8700  ,  1400 (               |       ---*   ),78.00, 87.00, 87.00, 100.00, 100.00
  22 , berek2_GL_Tran_KNN3 ,    8700  ,  1400 (               |       -- *   ),78.00, 86.00, 87.00, 100.00, 100.00
  22 , berek2_GL_Tran_KNN1 ,    8700  ,  1400 (               |     ---- *   ),71.00, 86.00, 87.00, 100.00, 100.00
  22 ,  pc1_Und_Log ,    8700  ,   500 (               |       -- *   ),80.00, 85.00, 87.00, 90.00, 92.00
  22 , berek2_Und_Tran_KNN10 ,    8700  ,  2200 (               |     --   *   ),72.00, 78.00, 87.00, 100.00, 100.00
  22 , berek2_Tran_KNN5 ,    8700  ,  1400 (               |     ---- *   ),71.00, 86.00, 87.00, 100.00, 100.00
  22 , berek2_Tran_KNN3 ,    8700  ,  1400 (               |     ---- *   ),71.00, 86.00, 87.00, 100.00, 100.00
  22 , ant2_Und_Tran_KNN1 ,    8700  ,   200 (               |         -*   ),86.00, 87.00, 87.00, 89.00, 92.00
  22 , derby_Und_Tran_KNN10 ,    8700  ,   400 (               |          *   ),84.00, 86.00, 87.00, 89.00, 91.00
  22 , pc1_Und_Tran_KNN5 ,    8700  ,   300 (               |        - *   ),82.00, 86.00, 87.00, 89.00, 92.00
  22 , pc1_Und_GL_Tran_KNN5 ,    8700  ,   400 (               |        - *   ),83.00, 86.00, 87.00, 90.00, 91.00
  22 , derby_Und_GL_Tran_KNN10 ,    8700  ,   500 (               |        - *   ),82.00, 85.00, 87.00, 90.00, 91.00
  22 , ant2_Und_GL_Log ,    8800  ,   500 (               |        - *   ),83.00, 86.00, 88.00, 89.00, 92.00
  22 ,   berek2_Log ,    8800  ,  1400 (              -|------    *-- ),48.00, 75.00, 88.00, 89.00, 100.00
  22 , pc1_Und_Tran_KNN10 ,    8800  ,   200 (               |         -*   ),85.00, 87.00, 88.00, 89.00, 91.00
  22 ,      pc1_Log ,    8800  ,   400 (               |          *   ),85.00, 86.00, 88.00, 89.00, 91.00
  22 , ant2_Und_GL_Tran_KNN1 ,    8800  ,   400 (               |         -*   ),85.00, 87.00, 88.00, 89.00, 91.00
  22 , accumulo_Und_Tran_KNN10 ,    8800  ,   300 (               |          *   ),85.00, 86.00, 88.00, 89.00, 91.00
  22 , pc1_GL_Tran_Log ,    8800  ,     0 (               |          *   ),88.00, 88.00, 88.00, 88.00, 88.00
  22 , cm1_Und_GL_Gauss ,    8800  ,   600 (               |        - *-  ),81.00, 86.00, 88.00, 92.00, 95.00
  22 , berek2_GL_Gauss ,    8800  ,  1400 (               |      ----*   ),74.00, 88.00, 88.00, 100.00, 100.00
  22 , ivy2_Und_Tran_KNN3 ,    8800  ,   700 (               |        - *   ),81.00, 85.00, 88.00, 91.00, 93.00
  22 , ivy2_Und_GL_Gauss ,    8800  ,   600 (               |       -- *-  ),78.00, 86.00, 88.00, 91.00, 94.00
  22 , arc2_Und_GL_Gauss ,    8800  ,   900 (               |       -- *-  ),79.00, 86.00, 88.00, 93.00, 96.00
  22 , accumulo_Und_GL_Tran_KNN10 ,    8800  ,   300 (               |          *   ),85.00, 86.00, 88.00, 89.00, 90.00
  22 , log4j2_GL_Tran_KNN1 ,    8900  ,  5300 (         ---   |          *   ),34.00, 44.00, 89.00, 90.00, 93.00
  22 , synapse2_Und_GL_Gauss ,    8900  ,   700 (               |        - *   ),83.00, 85.00, 89.00, 91.00, 93.00
  22 , log4j2_GL_Log ,    8900  ,  5800 (         -     |          *-  ),33.00, 35.00, 89.00, 93.00, 95.00
  22 , pc1_Und_GL_Tran_KNN10 ,    8900  ,   400 (               |        - *   ),83.00, 86.00, 89.00, 90.00, 91.00
  22 , log4j2_Tran_KNN1 ,    8900  ,  2200 (  -------------|--------- *   ),11.00, 84.00, 89.00, 90.00, 92.00
  22 ,      pc4_Log ,    8900  ,   200 (               |         -*   ),86.00, 88.00, 89.00, 90.00, 91.00
  22 , pc1_Und_Tran_KNN3 ,    8900  ,   200 (               |       ---*   ),79.00, 87.00, 89.00, 89.00, 91.00
  22 , bookkeeper_Und_GL_Tran_KNN5 ,    8900  ,   500 (               |        - *-  ),81.00, 86.00, 89.00, 91.00, 94.00
  22 , bookkeeper_Und_Tran_KNN3 ,    8900  ,   600 (               |        - *-  ),83.00, 86.00, 89.00, 91.00, 94.00
  22 , pc1_Tran_Log ,    8900  ,     0 (               |          *   ),89.00, 89.00, 89.00, 89.00, 89.00
  22 , synapse2_Und_GL_Log ,    8900  ,   400 (               |         -*-  ),85.00, 89.00, 89.00, 92.00, 95.00
  22 , ivy2_Und_Tran_KNN1 ,    8900  ,   900 (               |       -- *-  ),80.00, 84.00, 89.00, 92.00, 95.00
  22 , berek2_Gauss ,    8800  ,  2400 (               |    --    *   ),70.00, 76.00, 89.00, 100.00, 100.00
  22 , jedit2_Und_GL_Log ,    8700  ,  1400 (               |      ----* - ),74.00, 87.00, 90.00, 94.00, 97.00
  22 , log4j2_Tran_KNN3 ,    1600  ,  8600 (--             |          *   ), 4.00, 11.00, 90.00, 95.00, 96.00
  22 , bookkeeper_Tran_KNN3 ,    9000  ,   600 (               |        --*-  ),83.00, 88.00, 90.00, 92.00, 94.00
  22 , bookkeeper_Tran_KNN5 ,    9000  ,   800 (               |          *-  ),85.00, 86.00, 90.00, 93.00, 96.00
  22 , pc1_Und_GL_Gauss ,    9000  ,   500 (               |         -*-  ),84.00, 87.00, 90.00, 92.00, 94.00
  23 , jedit2_Gauss ,    9100  ,   400 (               |         - *  ),84.00, 88.00, 91.00, 92.00, 96.00
  23 , bookkeeper_GL_Tran_KNN10 ,    9100  ,  1000 (               |        -  *- ),83.00, 86.00, 91.00, 96.00, 98.00
  23 , pig_Und_GL_Tran_KNN10 ,    9100  ,   500 (               |           *  ),87.00, 90.00, 91.00, 93.00, 93.00
  23 , pig_Und_Tran_KNN10 ,    9100  ,   500 (               |           *  ),88.00, 90.00, 91.00, 91.00, 95.00
  23 , bookkeeper_Tran_KNN10 ,    9100  ,   800 (               |         - *  ),84.00, 89.00, 91.00, 94.00, 96.00
  23 , bookkeeper_GL_Tran_KNN5 ,    9100  ,   500 (               |        -- *  ),83.00, 89.00, 91.00, 93.00, 96.00
  23 , synapse2_Und_GL_Tran_KNN1 ,    9100  ,   600 (               |         - *  ),86.00, 89.00, 91.00, 93.00, 95.00
  23 ,  pc4_Und_Log ,    9100  ,   400 (               |         - *  ),86.00, 89.00, 91.00, 92.00, 94.00
  23 , bookkeeper_GL_Tran_KNN3 ,    9100  ,   700 (               |        -  *  ),83.00, 86.00, 91.00, 91.00, 96.00
  23 , derby_Und_GL_Tran_KNN5 ,    9100  ,   400 (               |           *  ),88.00, 89.00, 91.00, 92.00, 93.00
  23 , bookkeeper_Und_Tran_KNN1 ,    9200  ,   500 (               |         - *  ),84.00, 89.00, 92.00, 93.00, 94.00
  23 , felix_Und_GL_Tran_KNN10 ,    9100  ,   400 (               |           *  ),88.00, 89.00, 91.00, 92.00, 94.00
  23 , jedit2_Und_Tran_KNN1 ,    9400  ,   400 (               |            * ),87.00, 90.00, 94.00, 94.00, 94.00
  23 , derby_Und_Tran_KNN5 ,    9200  ,   300 (               |           *  ),89.00, 90.00, 92.00, 92.00, 93.00
  23 , synapse2_Und_Tran_KNN1 ,    9200  ,   700 (               |         - *  ),84.00, 88.00, 92.00, 93.00, 94.00
  23 , accumulo_Und_GL_Tran_KNN5 ,    9200  ,   500 (               |         - *  ),86.00, 89.00, 92.00, 93.00, 96.00
  23 , derby_GL_Tran_KNN10 ,    9200  ,   200 (               |          -*  ),88.00, 92.00, 92.00, 94.00, 94.00
  23 , derby_Und_GL_Tran_KNN3 ,    9200  ,   300 (               |           *  ),91.00, 92.00, 92.00, 93.00, 94.00
  23 , bookkeeper_Und_GL_Tran_KNN3 ,    9200  ,   500 (               |         - *  ),86.00, 90.00, 92.00, 93.00, 96.00
  23 , bookkeeper_Und_GL_Tran_KNN1 ,    9200  ,   500 (               |         - *  ),84.00, 90.00, 92.00, 94.00, 96.00
  23 , derby_Tran_KNN10 ,    9200  ,   200 (               |          -*  ),90.00, 91.00, 92.00, 93.00, 94.00
  23 , elearning2_Und_GL_Gauss ,    9200  ,  2700 (           ----|-----      *  ),38.00, 73.00, 92.00, 100.00, 100.00
  24 , derby_Und_Tran_KNN3 ,    9300  ,   200 (               |           *  ),91.00, 92.00, 93.00, 94.00, 95.00
  24 , pig_Und_GL_Tran_KNN3 ,    9300  ,   400 (               |          -*- ),89.00, 91.00, 93.00, 95.00, 97.00
  24 , pig_Und_GL_Tran_KNN5 ,    9300  ,   400 (               |          -*  ),88.00, 91.00, 93.00, 94.00, 96.00
  24 , felix_Und_Tran_KNN10 ,    9300  ,   400 (               |          -*  ),89.00, 92.00, 93.00, 95.00, 96.00
  24 , cassandra_Und_Tran_KNN10 ,    9300  ,   200 (               |          -*  ),90.00, 93.00, 93.00, 94.00, 95.00
  24 , pig_Und_Tran_KNN5 ,    9300  ,   500 (               |          -*  ),88.00, 91.00, 93.00, 95.00, 96.00
  24 , accumulo_Und_Tran_KNN5 ,    9300  ,   500 (               |           *  ),88.00, 90.00, 93.00, 94.00, 96.00
  25 , openjpa_Und_Tran_KNN3 ,    9400  ,   300 (               |           -* ),93.00, 94.00, 94.00, 96.00, 96.00
  25 , openjpa_Und_Tran_KNN1 ,    9400  ,   200 (               |            * ),92.00, 93.00, 94.00, 95.00, 97.00
  25 , openjpa_Und_Tran_KNN10 ,    9400  ,   200 (               |           -* ),93.00, 94.00, 94.00, 96.00, 96.00
  25 , openjpa_Tran_KNN10 ,    9400  ,   300 (               |            * ),93.00, 93.00, 94.00, 94.00, 97.00
  25 , jedit2_GL_Log ,    9400  ,   400 (               |          - * ),90.00, 93.00, 94.00, 94.00, 96.00
  25 , openjpa_Und_Tran_KNN5 ,    9400  ,   200 (               |           -* ),93.00, 94.00, 94.00, 96.00, 96.00
  25 , derby_GL_Tran_KNN5 ,    9400  ,   200 (               |           -* ),92.00, 94.00, 94.00, 95.00, 96.00
  25 , cassandra_Und_GL_Tran_KNN10 ,    9400  ,   300 (               |           -* ),91.00, 94.00, 94.00, 96.00, 96.00
  25 , bookkeeper_GL_Tran_KNN1 ,    9400  ,   400 (               |          - * ),90.00, 93.00, 94.00, 95.00, 97.00
  25 , wicket_Und_GL_Tran_KNN10 ,    9400  ,   300 (               |          - * ),90.00, 93.00, 94.00, 95.00, 98.00
  25 , cxf_Und_GL_Tran_KNN10 ,    9400  ,   200 (               |          - * ),89.00, 93.00, 94.00, 95.00, 95.00
  25 , jedit2_GL_Tran_KNN1 ,    9400  ,   300 (               |            * ),91.00, 93.00, 94.00, 94.00, 97.00
  25 , accumulo_Und_GL_Tran_KNN3 ,    9400  ,   300 (               |          - * ),90.00, 93.00, 94.00, 96.00, 96.00
  25 , openjpa_Und_GL_Tran_KNN10 ,    9400  ,   100 (               |           -* ),91.00, 94.00, 94.00, 94.00, 97.00
  25 , pig_Und_GL_Tran_KNN1 ,    9400  ,   300 (               |            * ),91.00, 93.00, 94.00, 95.00, 98.00
  25 , jedit2_Tran_KNN1 ,    9400  ,   300 (               |            * ),91.00, 93.00, 94.00, 96.00, 97.00
  25 , openjpa_Und_GL_Tran_KNN3 ,    9400  ,   300 (               |          - * ),90.00, 92.00, 94.00, 94.00, 97.00
  25 , openjpa_Und_GL_Tran_KNN1 ,    9400  ,   400 (               |          - * ),90.00, 91.00, 94.00, 95.00, 97.00
  25 , openjpa_Und_GL_Tran_KNN5 ,    9400  ,   100 (               |           -* ),91.00, 94.00, 94.00, 95.00, 97.00
  25 , pig_Und_Tran_KNN1 ,    9400  ,   400 (               |          - * ),90.00, 93.00, 94.00, 96.00, 96.00
  25 , pig_Und_Tran_KNN3 ,    9400  ,   400 (               |          - * ),88.00, 92.00, 94.00, 95.00, 97.00
  25 , openjpa_GL_Tran_KNN10 ,    9400  ,   300 (               |           -* ),93.00, 94.00, 94.00, 96.00, 97.00
  26 , pig_GL_Tran_KNN10 ,    9500  ,   300 (               |           -* ),93.00, 94.00, 95.00, 96.00, 96.00
  26 , cassandra_GL_Tran_KNN10 ,    9500  ,   200 (               |           -* ),92.00, 94.00, 95.00, 96.00, 97.00
  26 , accumulo_Tran_KNN10 ,    9500  ,   200 (               |           -* ),93.00, 94.00, 95.00, 96.00, 97.00
  26 , openjpa_GL_Tran_KNN5 ,    9500  ,   300 (               |           -* ),93.00, 95.00, 95.00, 96.00, 98.00
  26 , cassandra_Und_Tran_KNN5 ,    9500  ,   200 (               |           -* ),93.00, 94.00, 95.00, 96.00, 97.00
  26 , derby_GL_Tran_KNN3 ,    9500  ,     0 (               |           -* ),93.00, 95.00, 95.00, 95.00, 97.00
  26 , accumulo_GL_Tran_KNN10 ,    9500  ,   300 (               |           -* ),92.00, 94.00, 95.00, 96.00, 97.00
  26 , derby_Und_Tran_KNN1 ,    9500  ,     0 (               |            * ),94.00, 95.00, 95.00, 95.00, 96.00
  26 , xerces2_Und_GL_Log ,    9500  ,   400 (               |          --* ),90.00, 94.00, 95.00, 96.00, 98.00
  26 , cassandra_Tran_KNN10 ,    9500  ,   200 (               |           -* ),93.00, 94.00, 95.00, 96.00, 96.00
  26 , hive_Und_Tran_KNN10 ,    9500  ,   100 (               |           -* ),93.00, 95.00, 95.00, 96.00, 97.00
  26 , cxf_Und_Tran_KNN10 ,    9500  ,   100 (               |           -* ),93.00, 95.00, 95.00, 95.00, 97.00
  26 , accumulo_Und_GL_Tran_KNN1 ,    9500  ,   300 (               |           -* ),92.00, 94.00, 95.00, 96.00, 97.00
  26 , pig_Tran_KNN10 ,    9500  ,   300 (               |            * ),91.00, 93.00, 95.00, 96.00, 96.00
  26 , derby_Und_GL_Tran_KNN1 ,    9500  ,   200 (               |           -* ),92.00, 94.00, 95.00, 95.00, 97.00
  26 , derby_Tran_KNN3 ,    9500  ,   200 (               |           -* ),93.00, 94.00, 95.00, 95.00, 96.00
  26 , derby_Tran_KNN5 ,    9500  ,   200 (               |            * ),92.00, 93.00, 95.00, 95.00, 96.00
  26 , bookkeeper_Tran_KNN1 ,    9500  ,   400 (               |           -* ),91.00, 94.00, 95.00, 97.00, 100.00
  26 , openjpa_Tran_KNN5 ,    9500  ,   100 (               |            * ),94.00, 95.00, 95.00, 96.00, 97.00
  26 , accumulo_Und_Tran_KNN3 ,    9500  ,   200 (               |           -* ),91.00, 94.00, 95.00, 96.00, 96.00
  26 , accumulo_Und_Tran_KNN1 ,    9500  ,   200 (               |           -* ),93.00, 95.00, 95.00, 96.00, 97.00
  26 , felix_Und_GL_Tran_KNN5 ,    9500  ,   300 (               |           -* ),92.00, 94.00, 95.00, 96.00, 97.00
  26 , hive_Und_GL_Tran_KNN10 ,    9500  ,   200 (               |           -* ),93.00, 95.00, 95.00, 95.00, 97.00
  27 , jedit2_GL_Tran_KNN10 ,    9600  ,   300 (               |            * ),94.00, 94.00, 96.00, 97.00, 97.00
  27 , pig_Tran_KNN5 ,    9600  ,   300 (               |           -* ),93.00, 94.00, 96.00, 96.00, 98.00
  27 , pig_Tran_KNN3 ,    9600  ,   200 (               |            * ),94.00, 95.00, 96.00, 96.00, 98.00
  27 , pig_Tran_KNN1 ,    9600  ,   300 (               |            * ),94.00, 95.00, 96.00, 97.00, 98.00
  27 , jedit2_Und_GL_Gauss ,    8200  ,     0 (               |            * ),82.00, 82.00, 96.00, 96.00, 96.00
  27 , bookkeeper_Und_GL_Gauss ,    9600  ,   600 (               |          --* ),90.00, 94.00, 96.00, 97.00, 98.00
  27 , jedit2_Und_Tran_KNN5 ,    9600  ,     0 (               |            * ),96.00, 96.00, 96.00, 97.00, 97.00
  27 , jedit2_Und_Tran_KNN3 ,    9600  ,     0 (               |            * ),96.00, 96.00, 96.00, 97.00, 97.00
  27 , openjpa_GL_Tran_KNN3 ,    9600  ,   200 (               |            * ),94.00, 95.00, 96.00, 97.00, 98.00
  27 , cassandra_Und_Tran_KNN3 ,    9600  ,   100 (               |            * ),94.00, 95.00, 96.00, 96.00, 97.00
  27 , derby_GL_Tran_KNN1 ,    9600  ,   200 (               |            * ),95.00, 95.00, 96.00, 97.00, 97.00
  27 , jedit2_GL_Gauss ,    9600  ,   200 (               |           -* ),93.00, 96.00, 96.00, 96.00, 97.00
  27 , pig_Und_GL_Tran_Gauss ,    9600  ,     0 (               |            * ),96.00, 96.00, 96.00, 96.00, 96.00
  27 , cassandra_Tran_KNN5 ,    9600  ,   100 (               |            * ),94.00, 96.00, 96.00, 96.00, 97.00
  27 , cassandra_Und_GL_Tran_KNN3 ,    9600  ,   200 (               |           -* ),93.00, 96.00, 96.00, 97.00, 98.00
  27 , cassandra_Und_GL_Tran_KNN5 ,    9600  ,   200 (               |           -* ),93.00, 95.00, 96.00, 97.00, 97.00
  27 , accumulo_Tran_KNN5 ,    9600  ,   200 (               |            * ),94.00, 95.00, 96.00, 97.00, 98.00
  27 , accumulo_Tran_KNN3 ,    9600  ,   200 (               |            * ),95.00, 95.00, 96.00, 97.00, 97.00
  27 , cassandra_GL_Tran_KNN5 ,    9600  ,   100 (               |            * ),94.00, 96.00, 96.00, 97.00, 97.00
  27 , cassandra_GL_Tran_KNN1 ,    9600  ,   100 (               |            * ),95.00, 96.00, 96.00, 97.00, 97.00
  27 , cassandra_GL_Tran_KNN3 ,    9600  ,   100 (               |            * ),95.00, 96.00, 96.00, 97.00, 97.00
  27 , cxf_Und_Tran_KNN5 ,    9600  ,   200 (               |            * ),95.00, 95.00, 96.00, 97.00, 97.00
  27 , cxf_Und_GL_Tran_KNN5 ,    9600  ,   200 (               |           -* ),93.00, 95.00, 96.00, 97.00, 98.00
  27 , jedit2_GL_Tran_KNN5 ,    9600  ,   300 (               |            * ),94.00, 94.00, 96.00, 97.00, 97.00
  27 , jedit2_GL_Tran_KNN3 ,    9600  ,   300 (               |            * ),94.00, 94.00, 96.00, 97.00, 97.00
  27 , pig_GL_Tran_KNN5 ,    9600  ,   200 (               |            * ),94.00, 95.00, 96.00, 97.00, 98.00
  27 , jedit2_Tran_KNN3 ,    9600  ,   300 (               |            * ),94.00, 96.00, 96.00, 97.00, 97.00
  27 , felix_Und_Tran_KNN3 ,    9600  ,   200 (               |            * ),95.00, 96.00, 96.00, 98.00, 98.00
  27 , felix_Und_Tran_KNN5 ,    9600  ,   200 (               |            * ),94.00, 96.00, 96.00, 97.00, 98.00
  27 , bookkeeper_Und_GL_Log ,    9600  ,   300 (               |           -* ),91.00, 95.00, 96.00, 97.00, 98.00
  27 , accumulo_GL_Tran_KNN3 ,    9600  ,   200 (               |            * ),95.00, 96.00, 96.00, 97.00, 98.00
  27 , accumulo_GL_Tran_KNN1 ,    9600  ,   200 (               |            * ),94.00, 95.00, 96.00, 97.00, 97.00
  27 , cassandra_Tran_KNN1 ,    9600  ,   200 (               |            * ),95.00, 96.00, 96.00, 97.00, 97.00
  27 , derby_Tran_KNN1 ,    9600  ,   200 (               |            * ),95.00, 95.00, 96.00, 96.00, 97.00
  27 , openjpa_Tran_KNN1 ,    9600  ,   300 (               |            * ),95.00, 95.00, 96.00, 97.00, 98.00
  27 , openjpa_Tran_KNN3 ,    9600  ,   200 (               |            * ),94.00, 95.00, 96.00, 97.00, 97.00
  27 , accumulo_GL_Tran_KNN5 ,    9600  ,   200 (               |            * ),95.00, 95.00, 96.00, 97.00, 98.00
  27 , felix_Und_GL_Tran_KNN3 ,    9600  ,   300 (               |            * ),94.00, 95.00, 96.00, 97.00, 98.00
  27 , jedit2_Und_Tran_KNN10 ,    9600  ,     0 (               |            * ),96.00, 96.00, 96.00, 97.00, 97.00
  27 ,   jedit2_Log ,    9600  ,   300 (               |           -* ),91.00, 94.00, 96.00, 96.00, 97.00
  27 , accumulo_Tran_KNN1 ,    9600  ,   200 (               |            * ),94.00, 95.00, 96.00, 97.00, 97.00
  28 , pig_Und_GL_Gauss ,    9700  ,   200 (               |             *),94.00, 96.00, 97.00, 97.00, 98.00
  28 , openjpa_Und_GL_Gauss ,    9700  ,   100 (               |             *),94.00, 96.00, 97.00, 97.00, 99.00
  28 , cxf_GL_Tran_KNN3 ,    9700  ,   100 (               |             *),97.00, 97.00, 97.00, 98.00, 98.00
  28 , cxf_GL_Tran_KNN1 ,    9700  ,   100 (               |             *),97.00, 97.00, 97.00, 98.00, 98.00
  28 , cxf_GL_Tran_KNN5 ,    9700  ,   100 (               |             *),97.00, 97.00, 97.00, 98.00, 98.00
  28 , accumulo_Und_GL_Gauss ,    9700  ,   300 (               |             *),94.00, 95.00, 97.00, 98.00, 98.00
  28 , openjpa_GL_Tran_KNN1 ,    9700  ,   200 (               |             *),95.00, 96.00, 97.00, 98.00, 98.00
  28 , accumulo_Und_GL_Tran_Gauss ,    9700  ,     0 (               |             *),97.00, 97.00, 97.00, 97.00, 97.00
  28 , cxf_Tran_KNN10 ,    9700  ,   200 (               |            -*),96.00, 97.00, 97.00, 98.00, 98.00
  28 , cassandra_Tran_KNN3 ,    9700  ,   100 (               |             *),95.00, 96.00, 97.00, 97.00, 97.00
  28 , cassandra_Und_GL_Tran_KNN1 ,    9700  ,   200 (               |            -*),95.00, 97.00, 97.00, 98.00, 98.00
  28 , hive_Und_GL_Tran_KNN3 ,    9700  ,     0 (               |            -*),96.00, 97.00, 97.00, 97.00, 98.00
  28 , hive_Und_GL_Tran_KNN5 ,    9700  ,   100 (               |             *),95.00, 96.00, 97.00, 97.00, 97.00
  28 , hive_Und_Tran_KNN5 ,    9700  ,   100 (               |             *),95.00, 96.00, 97.00, 97.00, 97.00
  28 , hive_Und_Tran_KNN3 ,    9700  ,   100 (               |            -*),96.00, 97.00, 97.00, 97.00, 98.00
  28 , cxf_Und_GL_Tran_KNN1 ,    9700  ,   100 (               |            -*),96.00, 97.00, 97.00, 97.00, 98.00
  28 , cxf_Und_GL_Tran_KNN3 ,    9700  ,   200 (               |             *),94.00, 95.00, 97.00, 97.00, 98.00
  28 , cxf_Und_Tran_KNN1 ,    9700  ,   100 (               |             *),97.00, 97.00, 97.00, 98.00, 98.00
  28 , cxf_Und_Tran_KNN3 ,    9700  ,   100 (               |            -*),95.00, 97.00, 97.00, 97.00, 97.00
  28 , hive_GL_Tran_KNN10 ,    9700  ,   100 (               |             *),95.00, 96.00, 97.00, 97.00, 98.00
  28 , accumulo_Und_GL_Log ,    9700  ,   200 (               |             *),95.00, 96.00, 97.00, 98.00, 98.00
  28 , wicket_Und_Tran_KNN10 ,    9700  ,   100 (               |            -*),95.00, 97.00, 97.00, 98.00, 98.00
  28 , camel_Und_GL_Tran_KNN10 ,    9700  ,   100 (               |            -*),94.00, 97.00, 97.00, 98.00, 98.00
  28 , jedit2_Und_Gauss ,    9700  ,   300 (               |            -*),96.00, 97.00, 97.00, 97.00, 100.00
  28 , jedit2_Tran_KNN10 ,    9700  ,   100 (               |             *),94.00, 96.00, 97.00, 97.00, 97.00
  28 , hive_GL_Tran_KNN3 ,    9700  ,   100 (               |             *),97.00, 97.00, 97.00, 98.00, 98.00
  28 , cxf_Tran_KNN3 ,    9700  ,   100 (               |             *),97.00, 97.00, 97.00, 98.00, 98.00
  28 , cxf_Tran_KNN1 ,    9700  ,   100 (               |             *),97.00, 97.00, 97.00, 98.00, 98.00
  28 , cxf_Tran_KNN5 ,    9700  ,   100 (               |             *),97.00, 97.00, 97.00, 98.00, 98.00
  28 , pig_GL_Tran_KNN1 ,    9700  ,   200 (               |             *),95.00, 96.00, 97.00, 98.00, 98.00
  28 , jedit2_Tran_KNN5 ,    9700  ,   100 (               |             *),94.00, 96.00, 97.00, 97.00, 97.00
  28 , felix_Und_Tran_KNN1 ,    9700  ,   100 (               |            -*),96.00, 97.00, 97.00, 98.00, 98.00
  28 , pig_GL_Tran_KNN3 ,    9700  ,   200 (               |             *),95.00, 96.00, 97.00, 98.00, 98.00
  28 , cxf_GL_Tran_KNN10 ,    9700  ,   100 (               |            -*),96.00, 97.00, 97.00, 97.00, 98.00
  28 , bookkeeper_Und_Log ,    9700  ,   300 (               |          -- *),89.00, 95.00, 97.00, 98.00, 98.00
  28 , jedit2_Und_GL_Tran_KNN5 ,    9700  ,     0 (               |             *),97.00, 97.00, 97.00, 97.00, 97.00
  28 , jedit2_Und_GL_Tran_KNN3 ,    9700  ,     0 (               |             *),97.00, 97.00, 97.00, 97.00, 97.00
  28 , hive_GL_Tran_KNN5 ,    9700  ,   100 (               |             *),97.00, 97.00, 97.00, 98.00, 98.00
  28 , hive_GL_Tran_KNN1 ,    9700  ,   100 (               |             *),97.00, 97.00, 97.00, 98.00, 98.00
  28 , cassandra_Und_Tran_KNN1 ,    9700  ,   100 (               |            -*),95.00, 97.00, 97.00, 97.00, 98.00
  28 , hive_Tran_KNN10 ,    9700  ,   100 (               |            -*),95.00, 97.00, 97.00, 97.00, 98.00
  28 , wicket_Und_Tran_Gauss ,    9700  ,     0 (               |             *),97.00, 97.00, 97.00, 97.00, 97.00
  28 , hive_Tran_KNN3 ,    9700  ,   100 (               |             *),97.00, 97.00, 97.00, 98.00, 98.00
  28 , hive_Tran_KNN1 ,    9700  ,   100 (               |             *),97.00, 97.00, 97.00, 98.00, 98.00
  28 , hive_Tran_KNN5 ,    9700  ,   100 (               |            -*),96.00, 97.00, 97.00, 98.00, 98.00
  28 , felix_Und_GL_Tran_KNN1 ,    9700  ,   100 (               |            -*),96.00, 97.00, 97.00, 98.00, 98.00
  28 , felix_GL_Tran_KNN10 ,    9700  ,   200 (               |            -*),96.00, 97.00, 97.00, 98.00, 98.00
  28 , jedit2_Und_GL_Tran_KNN10 ,    9700  ,     0 (               |             *),97.00, 97.00, 97.00, 97.00, 97.00
  29 , felix_Und_GL_Log ,    9800  ,     0 (               |             *),97.00, 98.00, 98.00, 98.00, 99.00
  29 , camel_Und_Tran_KNN10 ,    9800  ,     0 (               |             *),97.00, 98.00, 98.00, 98.00, 99.00
  29 , camel_Und_GL_Tran_Gauss ,    9800  ,     0 (               |             *),98.00, 98.00, 98.00, 98.00, 98.00
  29 , felix_Und_Tran_Gauss ,    9800  ,     0 (               |             *),98.00, 98.00, 98.00, 98.00, 98.00
  29 , camel_Tran_KNN10 ,    9800  ,   100 (               |             *),98.00, 98.00, 98.00, 99.00, 99.00
  29 , accumulo_Und_Log ,    9800  ,   100 (               |             *),98.00, 98.00, 98.00, 99.00, 99.00
  29 , derby_Und_GL_Tran_Gauss ,    9800  ,     0 (               |             *),98.00, 98.00, 98.00, 98.00, 98.00
  29 , pig_Und_GL_Log ,    9800  ,   200 (               |             *),95.00, 96.00, 98.00, 98.00, 98.00
  29 , bookkeeper_Und_GL_Tran_Gauss ,    9800  ,     0 (               |             *),98.00, 98.00, 98.00, 98.00, 98.00
  29 , wicket_GL_Tran_KNN5 ,    9800  ,     0 (               |             *),97.00, 98.00, 98.00, 98.00, 99.00
  29 , wicket_GL_Tran_KNN1 ,    9800  ,     0 (               |             *),98.00, 98.00, 98.00, 98.00, 99.00
  29 , felix_Tran_KNN10 ,    9800  ,   100 (               |            -*),96.00, 97.00, 98.00, 98.00, 98.00
  29 , derby_Tran_Gauss ,    9800  ,     0 (               |             *),98.00, 98.00, 98.00, 98.00, 98.00
  29 , camel_Und_GL_Log ,    9800  ,   100 (               |             *),98.00, 98.00, 98.00, 99.00, 99.00
  29 , wicket_Und_GL_Log ,    9800  ,     0 (               |             *),97.00, 98.00, 98.00, 98.00, 99.00
  29 , cassandra_Und_GL_Gauss ,    9800  ,   100 (               |             *),98.00, 98.00, 98.00, 99.00, 100.00
  29 , hive_Und_Tran_Gauss ,    9800  ,     0 (               |             *),98.00, 98.00, 98.00, 98.00, 98.00
  29 ,  felix_Gauss ,    9800  ,     0 (               |             *),97.00, 98.00, 98.00, 98.00, 99.00
  29 , cxf_Und_GL_Tran_Gauss ,    9800  ,     0 (               |             *),98.00, 98.00, 98.00, 98.00, 98.00
  29 , openjpa_Und_Log ,    9800  ,   100 (               |            -*),96.00, 98.00, 98.00, 98.00, 99.00
  29 , accumulo_Tran_Gauss ,    9800  ,     0 (               |             *),98.00, 98.00, 98.00, 98.00, 98.00
  29 , hive_Und_GL_Gauss ,    9800  ,   100 (               |             *),98.00, 98.00, 98.00, 99.00, 99.00
  29 , hive_Und_Tran_KNN1 ,    9800  ,   100 (               |             *),97.00, 97.00, 98.00, 98.00, 98.00
  29 , derby_Und_GL_Gauss ,    9800  ,   100 (               |             *),97.00, 98.00, 98.00, 99.00, 99.00
  29 ,  pig_Und_Log ,    9800  ,   200 (               |            -*),94.00, 97.00, 98.00, 98.00, 99.00
  29 , derby_Und_Gauss ,    9800  ,   100 (               |             *),97.00, 98.00, 98.00, 99.00, 100.00
  29 , cassandra_Und_GL_Log ,    9800  ,     0 (               |             *),97.00, 98.00, 98.00, 98.00, 99.00
  29 , camel_GL_Tran_KNN10 ,    9800  ,   100 (               |             *),98.00, 98.00, 98.00, 99.00, 99.00
  29 , cxf_Und_GL_Log ,    9800  ,     0 (               |             *),97.00, 98.00, 98.00, 98.00, 98.00
  29 , bookkeeper_GL_Log ,    9800  ,   300 (               |           --*),93.00, 97.00, 98.00, 98.00, 100.00
  29 , felix_Und_GL_Tran_Gauss ,    9800  ,     0 (               |             *),98.00, 98.00, 98.00, 98.00, 98.00
  29 , bookkeeper_Tran_Gauss ,    9800  ,     0 (               |             *),98.00, 98.00, 98.00, 98.00, 98.00
  29 , cassandra_Und_Gauss ,    9800  ,   100 (               |             *),98.00, 98.00, 98.00, 99.00, 100.00
  29 ,  derby_Gauss ,    9800  ,   100 (               |             *),98.00, 98.00, 98.00, 99.00, 99.00
  29 , pig_GL_Gauss ,    9800  ,   200 (               |             *),98.00, 98.00, 98.00, 100.00, 100.00
  29 , wicket_GL_Tran_KNN10 ,    9800  ,     0 (               |             *),97.00, 98.00, 98.00, 98.00, 98.00
  29 , wicket_Tran_KNN10 ,    9800  ,     0 (               |             *),97.00, 98.00, 98.00, 98.00, 99.00
  29 , felix_Tran_KNN5 ,    9800  ,     0 (               |             *),97.00, 98.00, 98.00, 98.00, 98.00
  29 , felix_Tran_KNN3 ,    9800  ,     0 (               |             *),98.00, 98.00, 98.00, 98.00, 99.00
  29 , felix_Tran_KNN1 ,    9800  ,     0 (               |             *),98.00, 98.00, 98.00, 98.00, 99.00
  29 , camel_GL_Tran_KNN5 ,    9800  ,   100 (               |             *),98.00, 98.00, 98.00, 99.00, 99.00
  29 , felix_GL_Tran_KNN3 ,    9800  ,     0 (               |             *),98.00, 98.00, 98.00, 98.00, 98.00
  29 , felix_GL_Tran_KNN5 ,    9800  ,     0 (               |             *),97.00, 98.00, 98.00, 98.00, 98.00
  29 , derby_GL_Log ,    9800  ,   100 (               |             *),98.00, 98.00, 98.00, 99.00, 99.00
  29 , bookkeeper_Und_Tran_Gauss ,    9800  ,     0 (               |             *),98.00, 98.00, 98.00, 98.00, 98.00
  29 , wicket_Tran_KNN3 ,    9800  ,   100 (               |             *),98.00, 98.00, 98.00, 99.00, 99.00
  29 , wicket_Tran_KNN1 ,    9800  ,   100 (               |             *),98.00, 98.00, 98.00, 99.00, 99.00
  29 , wicket_Tran_KNN5 ,    9800  ,   100 (               |             *),98.00, 98.00, 98.00, 99.00, 99.00
  29 , camel_Tran_KNN1 ,    9800  ,   100 (               |             *),98.00, 98.00, 98.00, 99.00, 99.00
  29 , wicket_Und_GL_Tran_KNN5 ,    9800  ,   100 (               |            -*),95.00, 97.00, 98.00, 98.00, 98.00
  29 , wicket_Und_GL_Tran_KNN3 ,    9800  ,   100 (               |             *),97.00, 97.00, 98.00, 98.00, 99.00
  29 , camel_Tran_KNN5 ,    9800  ,   100 (               |             *),98.00, 98.00, 98.00, 99.00, 99.00
  29 , wicket_Und_GL_Tran_KNN1 ,    9800  ,   100 (               |             *),97.00, 98.00, 98.00, 98.00, 99.00
  29 , wicket_Und_GL_Tran_Gauss ,    9800  ,     0 (               |             *),98.00, 98.00, 98.00, 98.00, 98.00
  29 ,  camel_Gauss ,    9800  ,   100 (               |             *),98.00, 98.00, 98.00, 99.00, 99.00
  29 , cassandra_Tran_Gauss ,    9800  ,     0 (               |             *),98.00, 98.00, 98.00, 98.00, 98.00
  29 , camel_Und_GL_Tran_KNN3 ,    9800  ,   100 (               |             *),98.00, 98.00, 98.00, 98.00, 99.00
  29 , camel_Und_GL_Tran_KNN1 ,    9800  ,   100 (               |             *),98.00, 98.00, 98.00, 99.00, 99.00
  29 , camel_Und_GL_Tran_KNN5 ,    9800  ,     0 (               |             *),97.00, 98.00, 98.00, 98.00, 99.00
  29 , felix_Und_GL_Gauss ,    9800  ,   100 (               |             *),98.00, 98.00, 98.00, 99.00, 99.00
  29 , derby_Und_Tran_Gauss ,    9800  ,     0 (               |             *),98.00, 98.00, 98.00, 98.00, 98.00
  29 , openjpa_Und_Tran_Gauss ,    9800  ,     0 (               |             *),98.00, 98.00, 98.00, 98.00, 98.00
  29 , derby_Und_GL_Log ,    9800  ,   100 (               |             *),97.00, 97.00, 98.00, 98.00, 98.00
  29 , camel_Und_Tran_KNN5 ,    9800  ,     0 (               |             *),98.00, 98.00, 98.00, 98.00, 99.00
  29 , camel_Und_Tran_KNN1 ,    9800  ,   100 (               |             *),98.00, 98.00, 98.00, 98.00, 99.00
  29 , camel_Und_Tran_KNN3 ,    9800  ,     0 (               |             *),98.00, 98.00, 98.00, 98.00, 99.00
  29 , wicket_GL_Tran_KNN3 ,    9800  ,     0 (               |             *),97.00, 98.00, 98.00, 98.00, 99.00
  29 , openjpa_Und_Gauss ,    9800  ,   300 (               |           --*),93.00, 97.00, 98.00, 99.00, 100.00
  29 ,   cxf_GL_Log ,    9800  ,   100 (               |             *),98.00, 98.00, 98.00, 99.00, 100.00
  29 , hive_Und_GL_Log ,    9800  ,     0 (               |             *),98.00, 98.00, 98.00, 98.00, 98.00
  29 , wicket_Und_Tran_KNN5 ,    9800  ,     0 (               |             *),97.00, 98.00, 98.00, 98.00, 99.00
  29 , wicket_Und_Tran_KNN1 ,    9800  ,     0 (               |             *),97.00, 98.00, 98.00, 98.00, 99.00
  29 , wicket_Und_Tran_KNN3 ,    9800  ,     0 (               |             *),97.00, 98.00, 98.00, 98.00, 99.00
  29 , accumulo_GL_Log ,    9800  ,     0 (               |             *),98.00, 98.00, 98.00, 98.00, 99.00
  29 , cxf_Und_GL_Gauss ,    9800  ,     0 (               |             *),97.00, 98.00, 98.00, 98.00, 99.00
  29 , felix_Und_Gauss ,    9800  ,     0 (               |             *),98.00, 98.00, 98.00, 98.00, 100.00
  29 , felix_GL_Tran_KNN1 ,    9800  ,     0 (               |             *),98.00, 98.00, 98.00, 98.00, 98.00
  29 , openjpa_Und_GL_Log ,    9800  ,   200 (               |             *),95.00, 96.00, 98.00, 98.00, 99.00
  29 ,    pig_Gauss ,    9800  ,   100 (               |             *),97.00, 98.00, 98.00, 99.00, 100.00
  29 , accumulo_Und_Tran_Gauss ,    9800  ,     0 (               |             *),98.00, 98.00, 98.00, 98.00, 98.00
  29 , hive_Und_GL_Tran_KNN1 ,    9800  ,   100 (               |             *),97.00, 97.00, 98.00, 98.00, 98.00
  29 , wicket_Tran_Gauss ,    9800  ,     0 (               |             *),98.00, 98.00, 98.00, 98.00, 98.00
  30 , cassandra_Und_GL_Tran_Gauss ,    9900  ,     0 (               |             *),99.00, 99.00, 99.00, 99.00, 99.00
  30 , hive_Und_GL_Tran_Log ,    9900  ,     0 (               |             *),99.00, 99.00, 99.00, 99.00, 99.00
  30 , felix_GL_Gauss ,    9900  ,     0 (               |             *),99.00, 99.00, 99.00, 99.00, 100.00
  30 ,   pig_GL_Log ,    9900  ,   100 (               |             *),98.00, 98.00, 99.00, 99.00, 100.00
  30 , camel_Und_GL_Tran_Log ,    9900  ,     0 (               |             *),99.00, 99.00, 99.00, 99.00, 99.00
  30 , camel_GL_Log ,    9900  ,   100 (               |             *),98.00, 99.00, 99.00, 100.00, 100.00
  30 , felix_GL_Log ,    9900  ,     0 (               |             *),98.00, 99.00, 99.00, 99.00, 100.00
  30 , wicket_Und_GL_Gauss ,    9900  ,   100 (               |             *),98.00, 98.00, 99.00, 99.00, 100.00
  30 , camel_Und_GL_Gauss ,    9900  ,   100 (               |             *),98.00, 98.00, 99.00, 99.00, 100.00
  30 , derby_Und_Log ,    9900  ,     0 (               |             *),98.00, 99.00, 99.00, 99.00, 100.00
  30 , pig_Und_Tran_Log ,    9900  ,     0 (               |             *),99.00, 99.00, 99.00, 99.00, 99.00
  30 , accumulo_Und_GL_Tran_Log ,    9900  ,     0 (               |             *),99.00, 99.00, 99.00, 99.00, 99.00
  30 , cxf_Tran_Gauss ,    9900  ,     0 (               |             *),99.00, 99.00, 99.00, 99.00, 99.00
  30 ,    cxf_Gauss ,    9900  ,   100 (               |             *),98.00, 98.00, 99.00, 99.00, 100.00
  30 , pig_Und_GL_Tran_Log ,    9900  ,     0 (               |             *),99.00, 99.00, 99.00, 99.00, 99.00
  30 , wicket_Und_Log ,    9900  ,   100 (               |             *),98.00, 99.00, 99.00, 100.00, 100.00
  30 , cassandra_GL_Gauss ,    9900  ,   200 (               |             *),98.00, 98.00, 99.00, 99.00, 100.00
  30 , camel_Tran_KNN3 ,    9900  ,   100 (               |             *),98.00, 98.00, 99.00, 99.00, 100.00
  30 , felix_GL_Tran_Gauss ,    9900  ,     0 (               |             *),99.00, 99.00, 99.00, 99.00, 99.00
  30 , camel_GL_Gauss ,    9900  ,   100 (               |             *),99.00, 99.00, 99.00, 100.00, 100.00
  30 , accumulo_GL_Gauss ,    9900  ,   100 (               |             *),98.00, 98.00, 99.00, 99.00, 100.00
  30 , hive_Tran_Gauss ,    9900  ,     0 (               |             *),99.00, 99.00, 99.00, 99.00, 99.00
  30 , cxf_Und_Tran_Gauss ,    9900  ,     0 (               |             *),99.00, 99.00, 99.00, 99.00, 99.00
  30 , openjpa_GL_Tran_Gauss ,    9900  ,     0 (               |             *),99.00, 99.00, 99.00, 99.00, 99.00
  30 , cassandra_GL_Log ,    9900  ,   100 (               |             *),98.00, 98.00, 99.00, 99.00, 100.00
  30 , accumulo_Tran_Log ,    9900  ,     0 (               |             *),99.00, 99.00, 99.00, 99.00, 99.00
  30 , derby_Und_Tran_Log ,    9900  ,     0 (               |             *),99.00, 99.00, 99.00, 99.00, 99.00
  30 , bookkeeper_GL_Tran_Gauss ,    9900  ,     0 (               |             *),99.00, 99.00, 99.00, 99.00, 99.00
  30 , cassandra_Gauss ,    9900  ,   200 (               |             *),98.00, 98.00, 99.00, 100.00, 100.00
  30 ,    felix_Log ,    9900  ,   100 (               |             *),99.00, 99.00, 99.00, 100.00, 100.00
  30 , felix_Tran_Gauss ,    9900  ,     0 (               |             *),99.00, 99.00, 99.00, 99.00, 99.00
  30 , pig_GL_Tran_Log ,    9900  ,     0 (               |             *),99.00, 99.00, 99.00, 99.00, 99.00
  30 , hive_Und_Gauss ,    9900  ,   200 (               |             *),98.00, 98.00, 99.00, 100.00, 100.00
  30 , accumulo_Gauss ,    9900  ,   200 (               |             *),98.00, 98.00, 99.00, 100.00, 100.00
  30 , derby_GL_Tran_Log ,    9900  ,     0 (               |             *),99.00, 99.00, 99.00, 99.00, 99.00
  30 , pig_Tran_Log ,    9900  ,     0 (               |             *),99.00, 99.00, 99.00, 99.00, 99.00
  30 , bookkeeper_GL_Tran_Log ,    9900  ,     0 (               |             *),99.00, 99.00, 99.00, 99.00, 99.00
  30 , camel_Und_Log ,    9900  ,   200 (               |             *),98.00, 98.00, 99.00, 99.00, 100.00
  30 , wicket_Und_GL_Tran_Log ,    9900  ,     0 (               |             *),99.00, 99.00, 99.00, 99.00, 99.00
  30 , accumulo_GL_Tran_Gauss ,    9900  ,     0 (               |             *),99.00, 99.00, 99.00, 99.00, 99.00
  30 , hive_Und_Log ,    9900  ,   100 (               |             *),98.00, 99.00, 99.00, 99.00, 100.00
  30 , camel_Und_Gauss ,    9900  ,   100 (               |             *),98.00, 99.00, 99.00, 100.00, 100.00
  30 , camel_GL_Tran_KNN3 ,    9900  ,   100 (               |             *),98.00, 98.00, 99.00, 99.00, 99.00
  30 ,      pig_Log ,    9900  ,   200 (               |             *),98.00, 99.00, 99.00, 100.00, 100.00
  30 , felix_Und_Log ,    9900  ,   100 (               |             *),98.00, 98.00, 99.00, 99.00, 100.00
  30 , accumulo_GL_Tran_Log ,    9900  ,     0 (               |             *),99.00, 99.00, 99.00, 99.00, 99.00
  30 , openjpa_GL_Log ,    9900  ,   100 (               |             *),99.00, 99.00, 99.00, 100.00, 100.00
  30 , hive_GL_Gauss ,    9900  ,   100 (               |             *),98.00, 98.00, 99.00, 99.00, 100.00
  30 , wicket_GL_Gauss ,    9900  ,   100 (               |             *),98.00, 99.00, 99.00, 100.00, 100.00
  30 , openjpa_Und_GL_Tran_Gauss ,    9900  ,     0 (               |             *),99.00, 99.00, 99.00, 99.00, 99.00
  30 , wicket_Gauss ,    9900  ,   100 (               |             *),98.00, 98.00, 99.00, 99.00, 99.00
  30 , camel_Und_Tran_Gauss ,    9900  ,     0 (               |             *),99.00, 99.00, 99.00, 99.00, 99.00
  30 , openjpa_Tran_Gauss ,    9900  ,     0 (               |             *),99.00, 99.00, 99.00, 99.00, 99.00
  30 , wicket_GL_Log ,    9900  ,   100 (               |             *),99.00, 99.00, 99.00, 100.00, 100.00
  30 , cassandra_Log ,    9900  ,   100 (               |             *),98.00, 99.00, 99.00, 100.00, 100.00
  30 , wicket_GL_Tran_Gauss ,    9900  ,     0 (               |             *),99.00, 99.00, 99.00, 99.00, 99.00
  30 , hive_GL_Tran_Gauss ,    9900  ,     0 (               |             *),99.00, 99.00, 99.00, 99.00, 99.00
  30 ,  hive_GL_Log ,    9900  ,   100 (               |             *),98.00, 98.00, 99.00, 99.00, 100.00
  30 , wicket_Und_Gauss ,    9900  ,   200 (               |             *),98.00, 99.00, 99.00, 100.00, 100.00
  30 , cxf_GL_Gauss ,    9900  ,   100 (               |             *),98.00, 98.00, 99.00, 99.00, 99.00
  30 , accumulo_Und_Tran_Log ,    9900  ,     0 (               |             *),99.00, 99.00, 99.00, 99.00, 99.00
  30 ,   hive_Gauss ,    9900  ,   100 (               |             *),98.00, 98.00, 99.00, 99.00, 99.00
  30 , cxf_Und_Gauss ,    9900  ,   100 (               |             *),97.00, 98.00, 99.00, 99.00, 100.00
  30 , derby_GL_Tran_Gauss ,    9900  ,     0 (               |             *),99.00, 99.00, 99.00, 99.00, 99.00
  30 , derby_Und_GL_Tran_Log ,    9900  ,     0 (               |             *),99.00, 99.00, 99.00, 99.00, 99.00
  30 , openjpa_Gauss ,    9900  ,     0 (               |             *),98.00, 99.00, 99.00, 99.00, 100.00
  30 , camel_GL_Tran_KNN1 ,    9900  ,   100 (               |             *),98.00, 98.00, 99.00, 99.00, 99.00
  30 , derby_GL_Gauss ,    9900  ,     0 (               |             *),98.00, 99.00, 99.00, 99.00, 100.00
  30 , cassandra_Und_Tran_Gauss ,    9900  ,     0 (               |             *),99.00, 99.00, 99.00, 99.00, 99.00
  30 , bookkeeper_Und_GL_Tran_Log ,    9900  ,     0 (               |             *),99.00, 99.00, 99.00, 99.00, 99.00
  30 ,  cxf_Und_Log ,    9900  ,   100 (               |             *),98.00, 99.00, 99.00, 100.00, 100.00
  30 ,     hive_Log ,    10000  ,   100 (               |             *),99.00, 100.00, 100.00, 100.00, 100.00
  30 , openjpa_GL_Gauss ,    10000  ,   100 (               |             *),99.00, 99.00, 100.00, 100.00, 100.00
  30 , bookkeeper_Gauss ,    10000  ,     0 (               |             *),100.00, 100.00, 100.00, 100.00, 100.00
  30 , xerces2_Und_Tran_KNN1 ,    10000  ,     0 (               |             *),98.00, 100.00, 100.00, 100.00, 100.00
  30 , wicket_Tran_Log ,    10000  ,     0 (               |             *),100.00, 100.00, 100.00, 100.00, 100.00
  30 , camel_Tran_Gauss ,    10000  ,     0 (               |             *),100.00, 100.00, 100.00, 100.00, 100.00
  30 , pig_Und_Tran_Gauss ,    10000  ,     0 (               |             *),100.00, 100.00, 100.00, 100.00, 100.00
  30 ,    derby_Log ,    10000  ,   100 (               |             *),99.00, 99.00, 100.00, 100.00, 100.00
  30 , bookkeeper_Und_Gauss ,    10000  ,   200 (               |             *),97.00, 100.00, 100.00, 100.00, 100.00
  30 , felix_Und_Tran_Log ,    10000  ,     0 (               |             *),100.00, 100.00, 100.00, 100.00, 100.00
  30 , poi2_Und_GL_Log ,    10000  ,     0 (               |             *),98.00, 100.00, 100.00, 100.00, 100.00
  30 , felix_Tran_Log ,    10000  ,     0 (               |             *),100.00, 100.00, 100.00, 100.00, 100.00
  30 , cassandra_Tran_Log ,    10000  ,     0 (               |             *),100.00, 100.00, 100.00, 100.00, 100.00
  30 , hive_GL_Tran_Log ,    10000  ,     0 (               |             *),100.00, 100.00, 100.00, 100.00, 100.00
  30 , cxf_Tran_Log ,    10000  ,     0 (               |             *),100.00, 100.00, 100.00, 100.00, 100.00
  30 , derby_Tran_Log ,    10000  ,     0 (               |             *),100.00, 100.00, 100.00, 100.00, 100.00
  30 ,      cxf_Log ,    10000  ,   100 (               |             *),99.00, 99.00, 100.00, 100.00, 100.00
  30 , camel_Tran_Log ,    10000  ,     0 (               |             *),100.00, 100.00, 100.00, 100.00, 100.00
  30 , pig_Tran_Gauss ,    10000  ,     0 (               |             *),100.00, 100.00, 100.00, 100.00, 100.00
  30 , cassandra_Und_Tran_Log ,    10000  ,     0 (               |             *),100.00, 100.00, 100.00, 100.00, 100.00
  30 , camel_GL_Tran_Log ,    10000  ,     0 (               |             *),100.00, 100.00, 100.00, 100.00, 100.00
  30 , cassandra_Und_GL_Tran_Log ,    10000  ,     0 (               |             *),100.00, 100.00, 100.00, 100.00, 100.00
  30 , hive_Und_Tran_Log ,    10000  ,     0 (               |             *),100.00, 100.00, 100.00, 100.00, 100.00
  30 , bookkeeper_Tran_Log ,    10000  ,     0 (               |             *),100.00, 100.00, 100.00, 100.00, 100.00
  30 , openjpa_Und_Tran_Log ,    10000  ,     0 (               |             *),100.00, 100.00, 100.00, 100.00, 100.00
  30 , berek2_Und_Gauss ,    10000  ,     0 (               |          ---*),88.00, 100.00, 100.00, 100.00, 100.00
  30 ,    camel_Log ,    10000  ,     0 (               |             *),99.00, 100.00, 100.00, 100.00, 100.00
  30 , accumulo_Und_Gauss ,    10000  ,   100 (               |             *),98.00, 99.00, 100.00, 100.00, 100.00
  30 , berek2_Und_GL_Log ,    10000  ,  1200 (               |        --   *),81.00, 88.00, 100.00, 100.00, 100.00
  30 , wicket_GL_Tran_Log ,    10000  ,     0 (               |             *),100.00, 100.00, 100.00, 100.00, 100.00
  30 , hive_Tran_Log ,    10000  ,     0 (               |             *),100.00, 100.00, 100.00, 100.00, 100.00
  30 ,  openjpa_Log ,    10000  ,   100 (               |             *),99.00, 99.00, 100.00, 100.00, 100.00
  30 , bookkeeper_Log ,    10000  ,     0 (               |             *),97.00, 100.00, 100.00, 100.00, 100.00
  30 , berek2_Und_GL_Gauss ,    10000  ,  1200 (               |             *),88.00, 89.00, 100.00, 100.00, 100.00
  30 , xerces2_Und_GL_Tran_KNN1 ,    10000  ,     0 (               |             *),98.00, 100.00, 100.00, 100.00, 100.00
  30 , berek2_Und_Tran_KNN5 ,    10000  ,  1300 (               |       ------*),78.00, 100.00, 100.00, 100.00, 100.00
  30 , berek2_Und_Tran_KNN3 ,    10000  ,     0 (               |       ------*),78.00, 100.00, 100.00, 100.00, 100.00
  30 , berek2_Und_Tran_KNN1 ,    10000  ,     0 (               |         ----*),86.00, 100.00, 100.00, 100.00, 100.00
  30 , openjpa_Und_GL_Tran_Log ,    10000  ,     0 (               |             *),100.00, 100.00, 100.00, 100.00, 100.00
  30 , bookkeeper_GL_Gauss ,    10000  ,     0 (               |             *),98.00, 100.00, 100.00, 100.00, 100.00
  30 , felix_Und_GL_Tran_Log ,    10000  ,     0 (               |             *),100.00, 100.00, 100.00, 100.00, 100.00
  30 , camel_GL_Tran_Gauss ,    10000  ,     0 (               |             *),100.00, 100.00, 100.00, 100.00, 100.00
  30 , berek2_GL_Tran_KNN10 ,    10000  ,  1300 (               |         -   *),86.00, 87.00, 100.00, 100.00, 100.00
  30 , berek2_Und_GL_Tran_KNN1 ,    10000  ,  1300 (               |         ----*),86.00, 100.00, 100.00, 100.00, 100.00
  30 , berek2_Und_GL_Tran_KNN3 ,    10000  ,  1900 (               |     --------*),72.00, 100.00, 100.00, 100.00, 100.00
  30 , berek2_Und_GL_Tran_KNN5 ,    10000  ,  1900 (               |     ----    *),71.00, 86.00, 100.00, 100.00, 100.00
  30 , felix_GL_Tran_Log ,    10000  ,     0 (               |             *),100.00, 100.00, 100.00, 100.00, 100.00
  30 , openjpa_GL_Tran_Log ,    10000  ,     0 (               |             *),100.00, 100.00, 100.00, 100.00, 100.00
  30 , poi2_Und_GL_Tran_KNN1 ,    10000  ,     0 (               |             *),98.00, 100.00, 100.00, 100.00, 100.00
  30 , log4j2_Und_GL_Gauss ,    10000  ,     0 (               |         ----*),86.00, 100.00, 100.00, 100.00, 100.00
  30 , cxf_GL_Tran_Gauss ,    10000  ,     0 (               |             *),100.00, 100.00, 100.00, 100.00, 100.00
  30 , log4j2_Und_GL_Tran_KNN1 ,    10000  ,     0 (               |             *),100.00, 100.00, 100.00, 100.00, 100.00
  30 , poi2_Und_Tran_KNN1 ,    10000  ,     0 (               |             *),98.00, 100.00, 100.00, 100.00, 100.00
  30 , cxf_GL_Tran_Log ,    10000  ,     0 (               |             *),100.00, 100.00, 100.00, 100.00, 100.00
  30 ,   wicket_Log ,    10000  ,   100 (               |             *),99.00, 100.00, 100.00, 100.00, 100.00
  30 , cassandra_GL_Tran_Log ,    10000  ,     0 (               |             *),100.00, 100.00, 100.00, 100.00, 100.00
  30 , cassandra_GL_Tran_Gauss ,    10000  ,     0 (               |             *),100.00, 100.00, 100.00, 100.00, 100.00
  30 , accumulo_Log ,    10000  ,     0 (               |             *),99.00, 100.00, 100.00, 100.00, 100.00
  30 , berek2_Und_Log ,    10000  ,  1100 (               |        -----*),81.00, 100.00, 100.00, 100.00, 100.00
  30 , cxf_Und_GL_Tran_Log ,    10000  ,     0 (               |             *),100.00, 100.00, 100.00, 100.00, 100.00
  30 , cxf_Und_Tran_Log ,    10000  ,     0 (               |             *),100.00, 100.00, 100.00, 100.00, 100.00
  30 , cassandra_Und_Log ,    10000  ,   100 (               |             *),98.00, 99.00, 100.00, 100.00, 100.00
  30 , log4j2_Und_GL_Log ,    10000  ,     0 (               |             *),100.00, 100.00, 100.00, 100.00, 100.00
  30 , openjpa_Tran_Log ,    10000  ,     0 (               |             *),100.00, 100.00, 100.00, 100.00, 100.00
  30 , lucene2_Und_GL_Tran_KNN1 ,    10000  ,     0 (               |             *),100.00, 100.00, 100.00, 100.00, 100.00
  30 , pig_Und_Gauss ,    10000  ,   300 (               |           --*),93.00, 98.00, 100.00, 100.00, 100.00
  30 , lucene2_Und_GL_Log ,    10000  ,     0 (               |             *),100.00, 100.00, 100.00, 100.00, 100.00
  30 , wicket_Und_Tran_Log ,    10000  ,     0 (               |             *),100.00, 100.00, 100.00, 100.00, 100.00
  30 , lucene2_Und_Tran_KNN1 ,    10000  ,     0 (               |             *),100.00, 100.00, 100.00, 100.00, 100.00
  30 , hive_Und_GL_Tran_Gauss ,    10000  ,     0 (               |             *),100.00, 100.00, 100.00, 100.00, 100.00
  30 , pig_GL_Tran_Gauss ,    10000  ,     0 (               |             *),100.00, 100.00, 100.00, 100.00, 100.00
  30 , camel_Und_Tran_Log ,    10000  ,     0 (               |             *),100.00, 100.00, 100.00, 100.00, 100.00
  30 , bookkeeper_Und_Tran_Log ,    10000  ,     0 (               |             *),100.00, 100.00, 100.00, 100.00, 100.00
  30 , berek2_Tran_KNN10 ,    10000  ,  1300 (               |        --   *),81.00, 87.00, 100.00, 100.00, 100.00
  30 , log4j2_Und_Tran_KNN1 ,    10000  ,     0 (               |             *),100.00, 100.00, 100.00, 100.00, 100.00
