rank ,         name ,    med   ,  iqr 
----------------------------------------------------
   1 , log4j2_Und_GL_Tran_KNN5 ,       0  ,     0 (*----------    |              ), 0.00,  0.00,  0.00,  0.00, 40.00
   1 , log4j2_GL_Tran_KNN5 ,       0  ,     0 (*              |              ), 0.00,  0.00,  0.00,  0.00,  0.00
   1 , log4j2_GL_Tran_KNN1 ,       0  ,     0 (*----------    |              ), 0.00,  0.00,  0.00,  0.00, 40.00
   1 , log4j2_GL_Tran_KNN3 ,       0  ,     0 (*              |              ), 0.00,  0.00,  0.00,  0.00,  0.00
   1 , jedit2_GL_Tran_KNN10 ,       0  ,     0 (*              |              ), 0.00,  0.00,  0.00,  0.00,  0.00
   1 , ivy2_Und_Tran_KNN10 ,       0  ,     0 (*              |              ), 0.00,  0.00,  0.00,  0.00,  0.00
   1 , pc1_GL_Tran_KNN10 ,       0  ,     0 (*              |              ), 0.00,  0.00,  0.00,  0.00,  0.00
   1 , jedit2_Und_GL_Gauss ,       0  ,     0 (*              |              ), 0.00,  0.00,  0.00, 48.00, 48.00
   1 , log4j2_GL_Log ,       0  ,  3900 (*          --- |              ), 0.00,  0.00,  0.00, 39.00, 50.00
   1 , openjpa_Und_Tran_KNN3 ,       0  ,  3300 (*       -------|---           ), 0.00,  0.00,  0.00, 29.00, 65.00
   1 , elearning2_GL_Gauss ,       0  ,     0 (*--------------|--------      ), 0.00,  0.00,  0.00,  0.00, 82.00
   1 , arc2_Und_GL_Tran_KNN3 ,       0  ,     0 (*---------     |              ), 0.00,  0.00,  0.00,  0.00, 35.00
   1 , arc2_Und_GL_Tran_KNN5 ,       0  ,     0 (*------        |              ), 0.00,  0.00,  0.00,  0.00, 25.00
   1 , openjpa_Und_Tran_KNN10 ,       0  ,     0 (*              |              ), 0.00,  0.00,  0.00,  0.00,  0.00
   1 , openjpa_Tran_KNN10 ,       0  ,     0 (*              |              ), 0.00,  0.00,  0.00,  0.00,  0.00
   1 , jedit2_GL_Log ,       0  ,  5000 (*--------------|-----------   ), 0.00,  0.00,  0.00,  0.00, 93.00
   1 , jedit2_Und_Tran_KNN5 ,       0  ,     0 (*              |              ), 0.00,  0.00,  0.00,  0.00,  0.00
   1 , jedit2_Und_Tran_KNN3 ,       0  ,     0 (*              |              ), 0.00,  0.00,  0.00,  0.00,  0.00
   1 , cm1_Und_GL_Tran_KNN10 ,       0  ,     0 (*              |              ), 0.00,  0.00,  0.00,  0.00,  0.00
   1 , openjpa_Und_Tran_KNN5 ,       0  ,     0 (*              |              ), 0.00,  0.00,  0.00,  0.00,  0.00
   1 , pc4_Tran_KNN10 ,       0  ,     0 (*              |              ), 0.00,  0.00,  0.00,  0.00,  6.00
   1 , cm1_GL_Tran_KNN3 ,       0  ,     0 (*------        |              ), 0.00,  0.00,  0.00,  0.00, 25.00
   1 , cm1_GL_Tran_KNN5 ,       0  ,     0 (*              |              ), 0.00,  0.00,  0.00,  0.00,  0.00
   1 , pc3_Und_GL_Tran_KNN10 ,       0  ,     0 (*              |              ), 0.00,  0.00,  0.00,  0.00,  0.00
   1 , log4j2_GL_Gauss ,       0  ,     0 (*--------------|---           ), 0.00,  0.00,  0.00,  0.00, 65.00
   1 , pig_Und_GL_Tran_KNN10 ,       0  ,     0 (*              |              ), 0.00,  0.00,  0.00,  0.00,  0.00
   1 , jedit2_GL_Gauss ,       0  ,     0 (*--------------|------------  ), 0.00,  0.00,  0.00,  0.00, 95.00
   1 , elearning2_GL_Tran_KNN10 ,       0  ,     0 (*              |              ), 0.00,  0.00,  0.00,  0.00,  0.00
   1 , pig_Und_Tran_KNN10 ,       0  ,     0 (*              |              ), 0.00,  0.00,  0.00,  0.00,  0.00
   1 , pc1_Und_Tran_KNN10 ,       0  ,     0 (*              |              ), 0.00,  0.00,  0.00,  0.00,  0.00
   1 , elearning2_Und_Gauss ,       0  ,  6100 (*              |    --------- ), 0.00,  0.00,  0.00, 67.00, 100.00
   1 , cm1_GL_Tran_KNN10 ,       0  ,     0 (*              |              ), 0.00,  0.00,  0.00,  0.00,  0.00
   1 , arc2_Und_Tran_KNN10 ,       0  ,     0 (*              |              ), 0.00,  0.00,  0.00,  0.00,  0.00
   1 , pc1_Tran_KNN3 ,       0  ,  1200 (*  -           |              ), 0.00,  0.00,  0.00, 12.00, 14.00
   1 , pc1_Tran_KNN5 ,       0  ,     0 (*---           |              ), 0.00,  0.00,  0.00,  0.00, 15.00
   1 , pc3_Und_Tran_KNN10 ,       0  ,     0 (*              |              ), 0.00,  0.00,  0.00,  0.00,  6.00
   1 , log4j2_Und_GL_Tran_KNN10 ,       0  ,     0 (*              |              ), 0.00,  0.00,  0.00,  0.00,  0.00
   1 ,   log4j2_Log ,       0  ,  4000 (*          --- |              ), 0.00,  0.00,  0.00, 39.00, 49.00
   1 , pc1_Und_GL_Tran_KNN10 ,       0  ,     0 (*              |              ), 0.00,  0.00,  0.00,  0.00,  0.00
   1 , arc2_GL_Tran_KNN10 ,       0  ,     0 (*              |              ), 0.00,  0.00,  0.00,  0.00,  0.00
   1 , pc1_GL_Tran_KNN3 ,       0  ,     0 (*----          |              ), 0.00,  0.00,  0.00,  0.00, 20.00
   1 , arc2_Tran_Log ,       0  ,     0 (*              |              ), 0.00,  0.00,  0.00,  0.00,  0.00
   1 , accumulo_Und_Tran_KNN10 ,       0  ,     0 (*--            |              ), 0.00,  0.00,  0.00,  0.00, 12.00
   1 , log4j2_Tran_KNN1 ,       0  ,  2800 (*--------------|----------    ), 0.00,  0.00,  0.00,  0.00, 90.00
   1 , arc2_Und_GL_Tran_KNN10 ,       0  ,     0 (*              |              ), 0.00,  0.00,  0.00,  0.00,  0.00
   1 , pc3_Tran_KNN10 ,       0  ,     0 (*-             |              ), 0.00,  0.00,  0.00,  0.00,  7.00
   1 , cm1_Und_Tran_KNN5 ,       0  ,     0 (*--------      |              ), 0.00,  0.00,  0.00,  0.00, 33.00
   1 , pc4_Und_GL_Tran_KNN10 ,       0  ,   600 (*--            |              ), 0.00,  0.00,  0.00,  5.00, 11.00
   1 , cm1_Und_GL_Tran_KNN5 ,       0  ,  2000 (*    ---       |              ), 0.00,  0.00,  0.00, 18.00, 30.00
   1 , jedit2_GL_Tran_KNN5 ,       0  ,     0 (*              |              ), 0.00,  0.00,  0.00,  0.00,  0.00
   1 , jedit2_GL_Tran_KNN3 ,       0  ,     0 (*              |              ), 0.00,  0.00,  0.00,  0.00,  0.00
   1 , jedit2_GL_Tran_KNN1 ,       0  ,     0 (*--------------|----------    ), 0.00,  0.00,  0.00,  0.00, 88.00
   1 , openjpa_Und_GL_Tran_KNN10 ,       0  ,     0 (*              |              ), 0.00,  0.00,  0.00,  0.00,  0.00
   1 , pc1_Tran_KNN10 ,       0  ,     0 (*              |              ), 0.00,  0.00,  0.00,  0.00,  0.00
   1 , jedit2_Tran_KNN10 ,       0  ,     0 (*              |              ), 0.00,  0.00,  0.00,  0.00,  0.00
   1 , elearning2_Tran_KNN3 ,       0  ,     0 (*--------------|---           ), 0.00,  0.00,  0.00,  0.00, 64.00
   1 , elearning2_Tran_KNN5 ,       0  ,     0 (*--------------|--------      ), 0.00,  0.00,  0.00,  0.00, 81.00
   1 , elearning2_Und_Tran_KNN3 ,       0  ,     0 (*--------------|------------- ), 0.00,  0.00,  0.00,  0.00, 100.00
   1 , elearning2_Und_Tran_KNN5 ,       0  ,     0 (*              |              ), 0.00,  0.00,  0.00,  0.00,  0.00
   1 , ivy2_GL_Tran_KNN10 ,       0  ,     0 (*------        |              ), 0.00,  0.00,  0.00,  0.00, 25.00
   1 , jedit2_Tran_KNN5 ,       0  ,     0 (*              |              ), 0.00,  0.00,  0.00,  0.00,  0.00
   1 , jedit2_Tran_KNN3 ,       0  ,     0 (*--------------|------------  ), 0.00,  0.00,  0.00,  0.00, 95.00
   1 , jedit2_Tran_KNN1 ,       0  ,     0 (*--------------|------------  ), 0.00,  0.00,  0.00,  0.00, 95.00
   1 , elearning2_Und_GL_Tran_KNN5 ,       0  ,     0 (*              |              ), 0.00,  0.00,  0.00,  0.00,  0.00
   1 , elearning2_Und_GL_Tran_KNN3 ,       0  ,     0 (*              |              ), 0.00,  0.00,  0.00,  0.00,  0.00
   1 , elearning2_GL_Tran_KNN3 ,       0  ,  8100 (*              |   ---------  ), 0.00,  0.00,  0.00, 64.00, 94.00
   1 , elearning2_GL_Tran_KNN5 ,       0  ,     0 (*--------------|--------      ), 0.00,  0.00,  0.00,  0.00, 81.00
   1 , log4j2_Und_GL_Tran_KNN3 ,       0  ,  4000 (*        ----- |              ), 0.00,  0.00,  0.00, 33.00, 50.00
   1 , openjpa_Und_GL_Tran_KNN3 ,       0  ,     0 (*--------------|              ), 0.00,  0.00,  0.00,  0.00, 54.00
   1 , openjpa_Und_GL_Tran_KNN5 ,       0  ,     0 (*---------     |              ), 0.00,  0.00,  0.00,  0.00, 36.00
   1 , ivy2_Und_GL_Tran_KNN10 ,       0  ,     0 (*              |              ), 0.00,  0.00,  0.00,  0.00,  0.00
   1 , pc1_Und_Tran_KNN5 ,       0  ,     0 (*-----         |              ), 0.00,  0.00,  0.00,  0.00, 22.00
   1 , pc4_Und_Tran_KNN10 ,       0  ,     0 (*--            |              ), 0.00,  0.00,  0.00,  0.00, 11.00
   1 , pc1_Und_GL_Tran_KNN5 ,       0  ,     0 (*---           |              ), 0.00,  0.00,  0.00,  0.00, 14.00
   1 , pc1_Und_GL_Tran_KNN3 ,       0  ,     0 (*--------      |              ), 0.00,  0.00,  0.00,  0.00, 33.00
   1 , cm1_Tran_KNN3 ,       0  ,     0 (*---           |              ), 0.00,  0.00,  0.00,  0.00, 16.00
   1 , cm1_Tran_KNN5 ,       0  ,     0 (*              |              ), 0.00,  0.00,  0.00,  0.00,  0.00
   1 , log4j2_Und_Tran_KNN10 ,       0  ,     0 (*              |              ), 0.00,  0.00,  0.00,  0.00,  0.00
   1 , elearning2_GL_Tran_Log ,       0  ,     0 (*              |              ), 0.00,  0.00,  0.00,  0.00,  0.00
   1 , elearning2_Tran_Log ,       0  ,     0 (*              |              ), 0.00,  0.00,  0.00,  0.00,  0.00
   1 , elearning2_Und_Tran_KNN10 ,       0  ,     0 (*              |              ), 0.00,  0.00,  0.00,  0.00,  0.00
   1 , pc3_GL_Tran_KNN10 ,       0  ,     0 (*-             |              ), 0.00,  0.00,  0.00,  0.00,  7.00
   1 , jedit2_Und_GL_Tran_KNN5 ,       0  ,     0 (*              |              ), 0.00,  0.00,  0.00,  0.00,  0.00
   1 , log4j2_Tran_KNN5 ,       0  ,     0 (*              |              ), 0.00,  0.00,  0.00,  0.00,  0.00
   1 , jedit2_Und_GL_Tran_KNN1 ,       0  ,     0 (*              |              ), 0.00,  0.00,  0.00,  0.00,  0.00
   1 , jedit2_Und_GL_Tran_KNN3 ,       0  ,     0 (*              |              ), 0.00,  0.00,  0.00,  0.00,  0.00
   1 , log4j2_Tran_KNN3 ,       0  ,     0 (*              |              ), 0.00,  0.00,  0.00,  0.00,  0.00
   1 , bookkeeper_Und_Tran_KNN5 ,       0  ,     0 (*----------    |              ), 0.00,  0.00,  0.00,  0.00, 40.00
   1 , bookkeeper_Und_GL_Tran_KNN5 ,       0  ,  3300 (*        ------|-             ), 0.00,  0.00,  0.00, 33.00, 57.00
   1 , cm1_Tran_KNN10 ,       0  ,     0 (*              |              ), 0.00,  0.00,  0.00,  0.00,  0.00
   1 , log4j2_GL_Tran_KNN10 ,       0  ,     0 (*              |              ), 0.00,  0.00,  0.00,  0.00,  0.00
   1 , pig_Und_Tran_KNN5 ,       0  ,  4000 (*         -----|-             ), 0.00,  0.00,  0.00, 36.00, 60.00
   1 , arc2_Und_Tran_KNN5 ,       0  ,  4000 (*          ----|              ), 0.00,  0.00,  0.00, 40.00, 54.00
   1 , arc2_Und_Tran_KNN3 ,       0  ,  4000 (*          ----|-             ), 0.00,  0.00,  0.00, 39.00, 60.00
   1 , elearning2_Tran_KNN10 ,       0  ,     0 (*              |              ), 0.00,  0.00,  0.00,  0.00,  0.00
   1 , elearning2_Und_GL_Tran_KNN10 ,       0  ,     0 (*              |              ), 0.00,  0.00,  0.00,  0.00,  0.00
   1 , camel2_Und_GL_Tran_KNN10 ,       0  ,     0 (*----          |              ), 0.00,  0.00,  0.00,  0.00, 19.00
   1 , ivy2_Tran_KNN10 ,       0  ,  1800 (*    --        |              ), 0.00,  0.00,  0.00, 17.00, 25.00
   1 , arc2_Tran_KNN10 ,       0  ,     0 (*-----         |              ), 0.00,  0.00,  0.00,  0.00, 22.00
   1 , pc4_GL_Tran_KNN10 ,       0  ,     0 (*              |              ), 0.00,  0.00,  0.00,  0.00,  0.00
   1 , cm1_Und_Tran_KNN10 ,       0  ,     0 (*              |              ), 0.00,  0.00,  0.00,  0.00,  0.00
   1 , elearning2_Und_Tran_Log ,       0  ,     0 (*              |              ), 0.00,  0.00,  0.00,  0.00,  0.00
   1 , bookkeeper_Und_GL_Tran_KNN10 ,       0  ,     0 (*              |              ), 0.00,  0.00,  0.00,  0.00,  0.00
   1 , bookkeeper_Und_Tran_KNN10 ,       0  ,     0 (*              |              ), 0.00,  0.00,  0.00,  0.00,  0.00
   1 , log4j2_Tran_KNN10 ,       0  ,     0 (*              |              ), 0.00,  0.00,  0.00,  0.00,  0.00
   1 , pc1_GL_Tran_KNN5 ,       0  ,     0 (*--            |              ), 0.00,  0.00,  0.00,  0.00, 13.00
   1 , openjpa_GL_Tran_KNN10 ,       0  ,     0 (*              |              ), 0.00,  0.00,  0.00,  0.00,  0.00
   1 , jedit2_Und_Tran_KNN10 ,       0  ,     0 (*              |              ), 0.00,  0.00,  0.00,  0.00,  0.00
   1 ,   jedit2_Log ,       0  ,     0 (*--------------|------------  ), 0.00,  0.00,  0.00,  0.00, 95.00
   1 , accumulo_Und_GL_Tran_KNN10 ,       0  ,     0 (*--            |              ), 0.00,  0.00,  0.00,  0.00, 13.00
   1 , log4j2_Und_Tran_KNN3 ,       0  ,  5000 (*             -|----          ), 0.00,  0.00,  0.00, 50.00, 67.00
   1 , camel2_Und_Tran_KNN10 ,       0  ,   600 (*-             |              ), 0.00,  0.00,  0.00,  6.00, 10.00
   1 , log4j2_Und_Tran_KNN5 ,       0  ,     0 (*              |              ), 0.00,  0.00,  0.00,  0.00,  0.00
   1 , jedit2_Und_GL_Tran_KNN10 ,       0  ,     0 (*              |              ), 0.00,  0.00,  0.00,  0.00,  0.00
   1 , poi2_Und_Tran_Gauss ,     100  ,     0 (*              |              ), 1.00,  1.00,  1.00,  1.00,  1.00
   1 , log4j2_Tran_Log ,     100  ,     0 (*              |              ), 1.00,  1.00,  1.00,  1.00,  1.00
   1 , camel2_Tran_Log ,     200  ,     0 (*              |              ), 2.00,  2.00,  2.00,  2.00,  2.00
   1 , synapse2_Tran_Log ,     200  ,     0 (*              |              ), 2.00,  2.00,  2.00,  2.00,  2.00
   1 , ivy2_Und_Tran_Gauss ,     300  ,     0 (*              |              ), 3.00,  3.00,  3.00,  3.00,  3.00
   1 , camel2_GL_Tran_KNN10 ,     400  ,   600 ( *--           |              ), 0.00,  0.00,  4.00,  6.00, 14.00
   1 , camel2_Tran_KNN10 ,     500  ,   600 ( *             |              ), 0.00,  0.00,  5.00,  5.00, 10.00
   1 , pc3_Tran_Log ,     600  ,     0 ( *             |              ), 6.00,  6.00,  6.00,  6.00,  6.00
   1 , pc3_Und_GL_Tran_KNN5 ,     700  ,  1400 (- *---         |              ), 0.00,  6.00,  7.00,  9.00, 23.00
   1 , synapse2_Und_Tran_Log ,     700  ,     0 (  *            |              ), 7.00,  7.00,  7.00,  7.00,  7.00
   2 ,    pc3_Gauss ,     800  ,   400 ( -*------------|-----         ), 6.00,  7.00,  8.00, 11.00, 71.00
   2 , poi2_Tran_Log ,     900  ,     0 (  *            |              ), 9.00,  9.00,  9.00,  9.00,  9.00
   2 , xerces2_Tran_Log ,     900  ,     0 (  *            |              ), 9.00,  9.00,  9.00,  9.00,  9.00
   2 , ant2_Tran_Log ,    1000  ,     0 (  *            |              ),10.00, 10.00, 10.00, 10.00, 10.00
   2 , camel2_Und_Tran_Log ,    1000  ,     0 (  *            |              ),10.00, 10.00, 10.00, 10.00, 10.00
   2 , pc4_Tran_Log ,    1000  ,     0 (  *            |              ),10.00, 10.00, 10.00, 10.00, 10.00
   2 , pc4_GL_Tran_KNN5 ,    1000  ,   800 (- *--          |              ), 0.00,  5.00, 10.00, 12.00, 19.00
   2 , bookkeeper_Und_Tran_KNN3 ,    2000  ,  5000 (     *     ----|-             ), 0.00,  0.00, 20.00, 40.00, 60.00
   2 , pc4_Tran_KNN5 ,    1000  ,   700 ( -*--          |              ), 5.00,  9.00, 10.00, 12.00, 18.00
   2 , pc3_Tran_KNN5 ,    1100  ,  1100 (-- *---        |              ), 0.00,  8.00, 11.00, 15.00, 25.00
   2 , derby_Und_GL_Tran_KNN10 ,    1200  ,  2300 (-  *   ----    |              ), 0.00,  5.00, 12.00, 26.00, 38.00
   2 , pc4_Und_GL_Tran_KNN5 ,    1200  ,  1200 (-- * ----      |              ), 0.00,  9.00, 12.00, 17.00, 32.00
   2 , xerces2_Und_GL_Tran_Gauss ,    1200  ,     0 (   *           |              ),12.00, 12.00, 12.00, 12.00, 12.00
   2 , pc3_GL_Tran_KNN5 ,    1300  ,  1000 (-- *---        |              ), 0.00,  9.00, 13.00, 15.00, 25.00
   2 , pc3_Und_Tran_KNN5 ,    1300  ,  1000 (-- *---        |              ), 0.00,  7.00, 13.00, 16.00, 25.00
   2 , pc1_Und_Tran_KNN3 ,    1300  ,  2200 (   * -----     |              ), 0.00,  0.00, 13.00, 18.00, 35.00
   3 , pc4_Tran_Gauss ,    1400  ,     0 (    *          |              ),14.00, 14.00, 14.00, 14.00, 14.00
   3 , lucene2_Tran_Log ,    1400  ,     0 (    *          |              ),14.00, 14.00, 14.00, 14.00, 14.00
   3 , arc2_Und_Tran_Log ,    1400  ,     0 (    *          |              ),14.00, 14.00, 14.00, 14.00, 14.00
   3 , felix_Und_GL_Tran_KNN10 ,    1400  ,  2300 (-   * ------   |              ), 0.00,  6.00, 14.00, 23.00, 42.00
   3 , cm1_Und_Tran_KNN3 ,    1500  ,  3300 (    *    ------|              ), 0.00,  0.00, 15.00, 33.00, 56.00
   3 , camel2_Tran_KNN5 ,    1500  ,  1400 ( -- * --       |              ), 5.00, 12.00, 15.00, 21.00, 28.00
   3 , pc4_Und_Tran_KNN5 ,    1600  ,  1500 ( -- *  ---     |              ), 5.00, 11.00, 16.00, 26.00, 34.00
   3 , pc3_GL_Tran_Log ,    1600  ,     0 (    *          |              ),16.00, 16.00, 16.00, 16.00, 16.00
   3 , camel2_GL_Tran_Log ,    1700  ,     0 (     *         |              ),17.00, 17.00, 17.00, 17.00, 17.00
   3 , pc4_GL_Tran_Log ,    1700  ,     0 (     *         |              ),17.00, 17.00, 17.00, 17.00, 17.00
   3 , log4j2_GL_Tran_Log ,    1700  ,     0 (     *         |              ),17.00, 17.00, 17.00, 17.00, 17.00
   3 , pc4_Tran_KNN3 ,    1800  ,   500 (   --*-        |              ),12.00, 18.00, 18.00, 23.00, 26.00
   3 , pc1_Tran_KNN1 ,    1800  ,  1900 (---- *   ----  |              ), 0.00, 14.00, 18.00, 31.00, 46.00
   3 , pc1_GL_Tran_KNN1 ,    1800  ,  1600 (     *------   |              ),12.00, 13.00, 18.00, 23.00, 43.00
   3 , ant2_Und_Tran_Log ,    1900  ,     0 (     *         |              ),19.00, 19.00, 19.00, 19.00, 19.00
   3 , pc4_GL_Tran_KNN3 ,    1900  ,  1000 (  -- *--       |              ),10.00, 14.00, 19.00, 22.00, 27.00
   3 , derby_Und_Tran_KNN10 ,    1900  ,  2300 (     * ---     |              ), 4.00,  6.00, 19.00, 25.00, 36.00
   4 , pc4_Und_Tran_Gauss ,    2000  ,     0 (     *         |              ),20.00, 20.00, 20.00, 20.00, 20.00
   4 , camel2_GL_Tran_KNN5 ,    2000  ,  1000 (    -* -       |              ),15.00, 17.00, 20.00, 26.00, 29.00
   4 , ivy2_Und_GL_Tran_KNN5 ,    2000  ,  4300 (     *   ------|---           ), 0.00,  0.00, 20.00, 33.00, 65.00
   4 , elearning2_Gauss ,    2000  ,  6700 (     *         |   -----      ), 0.00,  0.00, 20.00, 64.00, 82.00
   4 , jedit2_Und_Gauss ,    4000  ,  10000 (           *---|------------- ), 0.00,  0.00, 40.00, 40.00, 100.00
   4 , elearning2_Log ,    4000  ,  6700 (           *   |    ------    ), 0.00,  0.00, 40.00, 67.00, 89.00
   4 , pc3_Tran_KNN3 ,    2100  ,  1000 (  --- *---     |              ),10.00, 17.00, 21.00, 26.00, 36.00
   4 , log4j2_Und_Tran_Log ,    2100  ,     0 (      *        |              ),21.00, 21.00, 21.00, 21.00, 21.00
   4 , arc2_GL_Tran_Log ,    2100  ,     0 (      *        |              ),21.00, 21.00, 21.00, 21.00, 21.00
   4 , cm1_Tran_Log ,    2100  ,     0 (      *        |              ),21.00, 21.00, 21.00, 21.00, 21.00
   4 , pc1_Tran_Log ,    2100  ,     0 (      *        |              ),21.00, 21.00, 21.00, 21.00, 21.00
   4 , camel2_Und_GL_Tran_KNN5 ,    2100  ,  2000 (   -- *   -    |              ),11.00, 19.00, 21.00, 34.00, 38.00
   4 , pc3_GL_Tran_KNN3 ,    2200  ,  1000 (  --- * -      |              ), 8.00, 19.00, 22.00, 28.00, 31.00
   4 , ivy2_Tran_KNN3 ,    2200  ,  4000 (      *    --- |              ), 0.00,  0.00, 22.00, 40.00, 49.00
   4 , ivy2_Tran_KNN5 ,    2200  ,  3100 (----- * ---    |              ), 0.00, 17.00, 22.00, 28.00, 40.00
   4 , pc3_Und_Tran_KNN3 ,    2200  ,  1400 (  --  * ----   |              ), 7.00, 14.00, 22.00, 27.00, 41.00
   4 , arc2_Tran_KNN5 ,    2200  ,  4000 (      *  ----  |              ), 0.00,  0.00, 22.00, 32.00, 44.00
   4 , pc3_Und_GL_Tran_KNN3 ,    2300  ,  1500 (  --  * --     |              ), 7.00, 16.00, 23.00, 28.00, 36.00
   4 ,   camel2_Log ,    2300  ,   800 (   -- *-       |              ),13.00, 17.00, 23.00, 23.00, 27.00
   4 , camel2_GL_Tran_KNN3 ,    2300  ,   900 (     -* -      |              ),17.00, 21.00, 23.00, 29.00, 33.00
   4 , camel2_Tran_KNN3 ,    2300  ,  1300 (   -- * --     |              ),13.00, 18.00, 23.00, 27.00, 35.00
   4 , xerces2_Und_Tran_Log ,    2300  ,     0 (      *        |              ),23.00, 23.00, 23.00, 23.00, 23.00
   4 , camel2_Und_Tran_KNN5 ,    2400  ,  1700 (  --   *--     |              ),10.00, 16.00, 24.00, 28.00, 34.00
   4 , openjpa_GL_Tran_KNN5 ,    2500  ,  3600 (       * --    |              ), 0.00,  0.00, 25.00, 33.00, 40.00
   4 ,      cm1_Log ,    2500  ,  1800 (-----  * ---   |              ), 0.00, 17.00, 25.00, 33.00, 43.00
   4 ,      pc3_Log ,    2500  ,  1800 (-----  * ----- |              ), 0.00, 19.00, 25.00, 33.00, 50.00
   4 , cm1_GL_Gauss ,    2500  ,  3700 (       * ------|              ), 0.00,  0.00, 25.00, 31.00, 56.00
   4 , pc4_Und_GL_Tran_KNN3 ,    2500  ,  1300 (   --  *---    |              ),12.00, 17.00, 25.00, 30.00, 40.00
   4 , cm1_Und_GL_Tran_KNN3 ,    2500  ,  3300 (       * ----  |              ), 0.00,  0.00, 25.00, 33.00, 44.00
   4 , pig_Und_GL_Tran_KNN5 ,    2500  ,  4300 (       *   --  |              ), 0.00,  0.00, 25.00, 40.00, 46.00
   4 , poi2_Und_GL_Tran_Gauss ,    2500  ,     0 (       *       |              ),25.00, 25.00, 25.00, 25.00, 25.00
   4 , ivy2_GL_Tran_KNN5 ,    2500  ,  3300 (       * ----- |              ), 0.00,  0.00, 25.00, 33.00, 49.00
   4 , arc2_Tran_KNN3 ,    2500  ,  4400 (       *   ----|--            ), 0.00,  0.00, 25.00, 40.00, 63.00
   4 , ivy2_GL_Tran_KNN3 ,    2500  ,  2100 (-----  *  ---  |              ), 0.00, 18.00, 25.00, 36.00, 44.00
   4 , openjpa_Tran_KNN5 ,    2500  ,  1300 (-----  *-----  |              ), 0.00, 20.00, 25.00, 29.00, 44.00
   4 , arc2_GL_Tran_KNN5 ,    2500  ,  3300 (       * ----- |              ), 0.00,  0.00, 25.00, 33.00, 50.00
   4 , arc2_GL_Tran_KNN3 ,    2500  ,  3300 (       *-------|---           ), 0.00,  0.00, 25.00, 28.00, 64.00
   4 , xerces2_GL_Tran_Log ,    2500  ,     0 (       *       |              ),25.00, 25.00, 25.00, 25.00, 25.00
   4 , arc2_Und_Tran_Gauss ,    2600  ,     0 (       *       |              ),26.00, 26.00, 26.00, 26.00, 26.00
   4 ,  arc2_GL_Log ,    2600  ,  4000 (       *   ----|--            ), 0.00,  0.00, 26.00, 39.00, 61.00
   5 , pc3_GL_Tran_KNN1 ,    2700  ,  1600 (   ---- * -    |              ),13.00, 24.00, 27.00, 35.00, 40.00
   5 , pc4_Und_Tran_KNN3 ,    2700  ,  1600 ( ------ * --   |              ), 5.00, 24.00, 27.00, 36.00, 43.00
   5 , pc1_Und_GL_Tran_KNN1 ,    2700  ,  1800 (    --  *  ----|              ),15.00, 22.00, 27.00, 37.00, 56.00
   5 , camel2_Und_Tran_Gauss ,    2700  ,     0 (        *      |              ),27.00, 27.00, 27.00, 27.00, 27.00
   5 , pc3_Tran_Gauss ,    2800  ,     0 (        *      |              ),28.00, 28.00, 28.00, 28.00, 28.00
   5 , arc2_Tran_KNN1 ,    2800  ,  2700 (------  *  ----|-             ), 0.00, 22.00, 28.00, 40.00, 60.00
   5 , camel2_Und_GL_Tran_Log ,    2800  ,     0 (        *      |              ),28.00, 28.00, 28.00, 28.00, 28.00
   5 , arc2_Und_GL_Tran_Gauss ,    2800  ,     0 (        *      |              ),28.00, 28.00, 28.00, 28.00, 28.00
   5 , poi2_GL_Tran_Log ,    2900  ,     0 (        *      |              ),29.00, 29.00, 29.00, 29.00, 29.00
   5 , openjpa_Und_GL_Gauss ,    2900  ,  4400 (        *  ----|----          ), 0.00,  0.00, 29.00, 40.00, 67.00
   5 , bookkeeper_Tran_KNN10 ,    2900  ,  5000 (        *     -|-             ), 0.00,  0.00, 29.00, 50.00, 57.00
   5 , poi2_Und_Tran_Log ,    2900  ,     0 (        *      |              ),29.00, 29.00, 29.00, 29.00, 29.00
   5 , ant2_GL_Tran_Log ,    2900  ,     0 (        *      |              ),29.00, 29.00, 29.00, 29.00, 29.00
   5 , elearning2_Und_GL_Tran_Gauss ,    2900  ,     0 (        *      |              ),29.00, 29.00, 29.00, 29.00, 29.00
   5 , pc3_Und_Tran_Gauss ,    3000  ,     0 (        *      |              ),30.00, 30.00, 30.00, 30.00, 30.00
   5 , pc3_Tran_KNN1 ,    3100  ,  1100 (    ---- *-    |              ),15.00, 27.00, 31.00, 34.00, 38.00
   5 ,      pc1_Log ,    3100  ,  1700 (   ---   * ----|              ),12.00, 22.00, 31.00, 37.00, 52.00
   5 , ivy2_Und_GL_Tran_KNN3 ,    3100  ,  3900 (-----    *     | ----         ), 0.00, 20.00, 31.00, 57.00, 71.00
   5 , synapse2_GL_Tran_Log ,    3100  ,     0 (         *     |              ),31.00, 31.00, 31.00, 31.00, 31.00
   5 , lucene2_GL_Tran_Log ,    3200  ,     0 (         *     |              ),32.00, 32.00, 32.00, 32.00, 32.00
   5 , poi2_GL_Tran_Gauss ,    3200  ,     0 (         *     |              ),32.00, 32.00, 32.00, 32.00, 32.00
   5 , arc2_GL_Tran_KNN1 ,    3200  ,  4900 (         *    -|              ), 0.00,  0.00, 32.00, 48.00, 56.00
   6 , openjpa_Und_Tran_KNN1 ,    3300  ,  3300 (-------  *     |-------       ), 0.00, 25.00, 33.00, 54.00, 78.00
   6 , bookkeeper_GL_Tran_KNN10 ,    3300  ,  5000 (         *    -|----          ), 0.00,  0.00, 33.00, 50.00, 67.00
   6 ,    pc4_Gauss ,    3300  ,  1400 (       - * ----|              ),25.00, 29.00, 33.00, 40.00, 56.00
   6 , bookkeeper_GL_Tran_KNN5 ,    3300  ,  2100 (---------*    -|------------- ), 0.00, 33.00, 33.00, 50.00, 97.00
   6 , pc1_GL_Tran_Log ,    3300  ,     0 (         *     |              ),33.00, 33.00, 33.00, 33.00, 33.00
   6 , elearning2_Und_GL_Tran_Log ,    3300  ,     0 (         *     |              ),33.00, 33.00, 33.00, 33.00, 33.00
   6 , accumulo_Und_GL_Tran_KNN5 ,    3300  ,  3600 (-----    *    -|-             ), 0.00, 17.00, 33.00, 48.00, 60.00
   6 , pig_Und_Tran_KNN3 ,    3300  ,  5300 (         *    -|----          ), 0.00,  0.00, 33.00, 50.00, 67.00
   6 , openjpa_Tran_KNN3 ,    3300  ,  2400 (     --  *   --|-             ),20.00, 25.00, 33.00, 44.00, 60.00
   6 , ivy2_Und_Tran_KNN5 ,    3300  ,  4000 (-------  * ----|-----         ), 0.00, 25.00, 33.00, 40.00, 71.00
   6 , lucene2_Und_GL_Tran_Gauss ,    3400  ,     0 (          *    |              ),34.00, 34.00, 34.00, 34.00, 34.00
   6 , xerces2_GL_Tran_Gauss ,    3400  ,     0 (          *    |              ),34.00, 34.00, 34.00, 34.00, 34.00
   6 , lucene2_GL_Tran_Gauss ,    3400  ,     0 (          *    |              ),34.00, 34.00, 34.00, 34.00, 34.00
   6 , pc4_GL_Tran_KNN1 ,    3400  ,   700 (       -- *--  |              ),24.00, 33.00, 34.00, 38.00, 44.00
   6 , felix_Und_Tran_KNN10 ,    3400  ,  3400 (  --      *   -|              ),10.00, 16.00, 34.00, 48.00, 56.00
   6 , lucene2_Und_Tran_Log ,    3500  ,     0 (          *    |              ),35.00, 35.00, 35.00, 35.00, 35.00
   6 , elearning2_GL_Tran_Gauss ,    3500  ,     0 (          *    |              ),35.00, 35.00, 35.00, 35.00, 35.00
   6 , cm1_Tran_KNN1 ,    3500  ,  2000 (     --   *  - |              ),17.00, 25.00, 35.00, 45.00, 49.00
   6 , lucene2_Und_Tran_Gauss ,    3500  ,     0 (          *    |              ),35.00, 35.00, 35.00, 35.00, 35.00
   6 , ivy2_Und_GL_Gauss ,    3500  ,  3300 (-------   *  --|              ), 0.00, 25.00, 35.00, 46.00, 55.00
   6 , openjpa_GL_Tran_KNN3 ,    3600  ,  2800 (-----     *  --|-             ), 0.00, 18.00, 36.00, 44.00, 57.00
   6 ,  pc3_Und_Log ,    3600  ,  1600 (    ----- *  --|-             ),14.00, 31.00, 36.00, 45.00, 57.00
   6 , bookkeeper_Tran_KNN5 ,    3600  ,  5000 (--------  *   -|----          ), 0.00, 28.00, 36.00, 50.00, 67.00
   6 , pc1_Und_GL_Gauss ,    3600  ,  2900 (    --    *   -|              ),14.00, 22.00, 36.00, 49.00, 55.00
   6 , pc4_Tran_KNN1 ,    3600  ,   800 (        - *--- |              ),27.00, 31.00, 36.00, 38.00, 47.00
   7 ,     ant2_Log ,    3700  ,  1300 (        -- *-- |              ),28.00, 35.00, 37.00, 42.00, 50.00
   7 , camel2_Tran_KNN1 ,    3700  ,  1100 (        -  *-- |              ),28.00, 32.00, 37.00, 42.00, 47.00
   7 , camel2_GL_Tran_KNN1 ,    3800  ,  1200 (        -  *-- |              ),29.00, 33.00, 38.00, 43.00, 48.00
   7 , jedit2_Und_GL_Tran_Gauss ,    3800  ,     0 (           *   |              ),38.00, 38.00, 38.00, 38.00, 38.00
   7 , camel2_Und_Log ,    3800  ,  1300 (         - * --|              ),31.00, 35.00, 38.00, 46.00, 53.00
   7 ,   pc3_GL_Log ,    3900  ,   800 (       --- *-- |              ),25.00, 35.00, 39.00, 42.00, 47.00
   7 , ivy2_Tran_Log ,    3900  ,     0 (           *   |              ),39.00, 39.00, 39.00, 39.00, 39.00
   7 , cm1_GL_Tran_KNN1 ,    3900  ,  3100 (-------    *  -|---           ), 0.00, 24.00, 39.00, 48.00, 64.00
   7 , jedit2_Und_Log ,    7800  ,  9100 (               |       *---   ), 0.00,  0.00, 78.00, 78.00, 91.00
   7 , arc2_GL_Tran_Gauss ,    3900  ,     0 (           *   |              ),39.00, 39.00, 39.00, 39.00, 39.00
   7 , ivy2_Tran_KNN1 ,    3900  ,  2000 (     ----  *  -|              ),20.00, 31.00, 39.00, 48.00, 53.00
   7 , pc1_Und_Tran_KNN1 ,    3900  ,  2400 (     ----- *   |---           ),17.00, 36.00, 39.00, 51.00, 66.00
   7 , ant2_Und_GL_Tran_Gauss ,    3900  ,     0 (           *   |              ),39.00, 39.00, 39.00, 39.00, 39.00
   7 , camel2_Und_GL_Tran_KNN3 ,    3900  ,   900 (      ---- *-- |              ),21.00, 34.00, 39.00, 42.00, 50.00
   7 , log4j2_Und_GL_Tran_Log ,    3900  ,     0 (           *   |              ),39.00, 39.00, 39.00, 39.00, 39.00
   8 , camel2_Und_Tran_KNN3 ,    4000  ,   800 (        ---*---|              ),28.00, 38.00, 40.00, 42.00, 52.00
   8 , ant2_GL_Tran_Gauss ,    4000  ,     0 (           *   |              ),40.00, 40.00, 40.00, 40.00, 40.00
   8 , pc3_Und_Gauss ,    4000  ,  5600 (  -        *   |    -         ), 9.00, 13.00, 40.00, 68.00, 72.00
   8 ,     arc2_Log ,    4000  ,  2900 (--------   *   |---           ), 0.00, 28.00, 40.00, 54.00, 66.00
   8 , camel2_GL_Tran_Gauss ,    4000  ,     0 (           *   |              ),40.00, 40.00, 40.00, 40.00, 40.00
   8 , jedit2_GL_Tran_Gauss ,    4000  ,     0 (           *   |              ),40.00, 40.00, 40.00, 40.00, 40.00
   8 , bookkeeper_GL_Tran_KNN3 ,    4000  ,  1700 (---------  *  -|------------- ), 0.00, 33.00, 40.00, 50.00, 98.00
   8 , pc4_Und_Tran_Log ,    4000  ,     0 (           *   |              ),40.00, 40.00, 40.00, 40.00, 40.00
   8 , accumulo_Und_Tran_KNN5 ,    4000  ,  3300 (-------    *  -|--            ), 0.00, 24.00, 40.00, 50.00, 63.00
   8 , synapse2_Und_GL_Tran_Gauss ,    4000  ,     0 (           *   |              ),40.00, 40.00, 40.00, 40.00, 40.00
   8 , ivy2_Und_GL_Tran_Gauss ,    4000  ,     0 (           *   |              ),40.00, 40.00, 40.00, 40.00, 40.00
   8 , ivy2_Und_Tran_KNN3 ,    4000  ,  2300 (---------  *  -|----          ), 0.00, 33.00, 40.00, 49.00, 67.00
   8 , arc2_Und_GL_Gauss ,    4000  ,  3900 (--------   *   |-------       ), 0.00, 29.00, 40.00, 55.00, 78.00
   8 , camel2_Tran_Gauss ,    4100  ,     0 (            *  |              ),41.00, 41.00, 41.00, 41.00, 41.00
   8 , pc4_GL_Tran_Gauss ,    4100  ,     0 (            *  |              ),41.00, 41.00, 41.00, 41.00, 41.00
   8 , arc2_Und_GL_Tran_Log ,    4100  ,     0 (            *  |              ),41.00, 41.00, 41.00, 41.00, 41.00
   8 , camel2_Und_GL_Tran_Gauss ,    4100  ,     0 (            *  |              ),41.00, 41.00, 41.00, 41.00, 41.00
   8 ,    cm1_Gauss ,    4200  ,  2100 (     ----   *  |---           ),20.00, 32.00, 42.00, 51.00, 64.00
   8 , pig_Und_GL_Tran_KNN3 ,    4200  ,  3500 (-------     *  | ----         ), 0.00, 25.00, 42.00, 57.00, 73.00
   8 , derby_Und_GL_Tran_KNN5 ,    4200  ,  1700 (        --- * -|--            ),27.00, 37.00, 42.00, 49.00, 61.00
   8 , cm1_Und_Gauss ,    4200  ,  2300 (       ---  *  |----          ),25.00, 36.00, 42.00, 55.00, 67.00
   8 , lucene2_Und_GL_Tran_Log ,    4300  ,     0 (            *  |              ),43.00, 43.00, 43.00, 43.00, 43.00
   8 ,   cm1_GL_Log ,    4300  ,  3100 (-------     *  |-             ), 0.00, 24.00, 43.00, 52.00, 60.00
   8 ,     ivy2_Log ,    4300  ,  2800 (-------     * -|---           ), 0.00, 25.00, 43.00, 50.00, 66.00
   8 , ivy2_GL_Gauss ,    4300  ,  3300 (-------     *  |              ), 0.00, 25.00, 43.00, 57.00, 60.00
   8 ,  ivy2_GL_Log ,    4300  ,  3000 (      --    *  |--            ),22.00, 28.00, 43.00, 53.00, 61.00
   8 , cm1_Und_GL_Tran_Log ,    4400  ,     0 (             * |              ),44.00, 44.00, 44.00, 44.00, 44.00
   8 , arc2_GL_Gauss ,    4400  ,  2300 (-----------  * |---           ), 0.00, 39.00, 44.00, 56.00, 66.00
   8 , ivy2_GL_Tran_KNN1 ,    4400  ,  2300 (     ----    *-|-             ),18.00, 33.00, 44.00, 49.00, 60.00
   8 , openjpa_Und_GL_Tran_KNN1 ,    4000  ,  3000 (------       * |-             ), 0.00, 22.00, 44.00, 53.00, 60.00
   8 ,    pc1_Gauss ,    4400  ,  1800 (         --  * |-             ),31.00, 39.00, 44.00, 52.00, 60.00
   8 , bookkeeper_Tran_KNN3 ,    4400  ,  2900 (---------    *-|----          ), 0.00, 33.00, 44.00, 50.00, 67.00
   9 , pig_GL_Tran_KNN10 ,    4500  ,  1600 (         --  * |--            ),33.00, 40.00, 45.00, 55.00, 63.00
   9 ,   pc1_GL_Log ,    4500  ,  1800 (        ---  * |--            ),30.00, 37.00, 45.00, 55.00, 61.00
   9 , ivy2_GL_Tran_Gauss ,    4500  ,     0 (             * |              ),45.00, 45.00, 45.00, 45.00, 45.00
   9 , synapse2_GL_Tran_Gauss ,    4500  ,     0 (             * |              ),45.00, 45.00, 45.00, 45.00, 45.00
   9 , jedit2_Und_Tran_KNN1 ,    9300  ,  9500 (               |           *  ), 0.00,  0.00, 93.00, 93.00, 95.00
   9 , xerces2_Und_Tran_Gauss ,    4600  ,     0 (             * |              ),46.00, 46.00, 46.00, 46.00, 46.00
   9 , cm1_Und_GL_Gauss ,    4600  ,  2000 (     ------  * |------        ),18.00, 40.00, 46.00, 55.00, 76.00
   9 , ant2_Und_GL_Tran_Log ,    4600  ,     0 (             * |              ),46.00, 46.00, 46.00, 46.00, 46.00
   9 , synapse2_Und_GL_Tran_Log ,    4600  ,     0 (             * |              ),46.00, 46.00, 46.00, 46.00, 46.00
   9 , poi2_Und_GL_Tran_Log ,    4700  ,     0 (              *|              ),47.00, 47.00, 47.00, 47.00, 47.00
   9 , cm1_Und_GL_Tran_Gauss ,    4700  ,     0 (              *|              ),47.00, 47.00, 47.00, 47.00, 47.00
   9 , xerces2_Und_GL_Tran_Log ,    4700  ,     0 (              *|              ),47.00, 47.00, 47.00, 47.00, 47.00
   9 , pig_Tran_KNN10 ,    4700  ,  1900 (        --    *|-             ),29.00, 36.00, 47.00, 53.00, 59.00
   9 , poi2_Tran_Gauss ,    4700  ,     0 (              *|              ),47.00, 47.00, 47.00, 47.00, 47.00
   9 , arc2_Und_GL_Tran_KNN1 ,    4800  ,  3500 (-----------   *|-------       ), 0.00, 39.00, 48.00, 56.00, 77.00
   9 , derby_Tran_KNN10 ,    4800  ,   600 (            - *|              ),41.00, 46.00, 48.00, 50.00, 56.00
   9 , arc2_Und_Tran_KNN1 ,    4800  ,  1800 (-----------   *|-------       ), 0.00, 39.00, 48.00, 53.00, 78.00
   9 , berek2_Und_Tran_Gauss ,    4800  ,     0 (              *|              ),48.00, 48.00, 48.00, 48.00, 48.00
   9 , pc1_GL_Gauss ,    4900  ,  1900 (         ---  *|----          ),33.00, 42.00, 49.00, 55.00, 68.00
   9 ,  pc1_Und_Log ,    4900  ,  2100 (     ------   *| ---          ),17.00, 37.00, 49.00, 58.00, 69.00
   9 , derby_GL_Tran_KNN10 ,    4900  ,  1500 (          --- *|---           ),34.00, 45.00, 49.00, 55.00, 65.00
   9 , bookkeeper_Und_GL_Tran_KNN3 ,    5000  ,  6500 (              *| -----        ), 0.00,  0.00, 50.00, 57.00, 74.00
  10 , pc4_Und_Gauss ,    5000  ,  2900 (        --    *|  ---         ),29.00, 35.00, 50.00, 62.00, 72.00
  10 , synapse2_Tran_Gauss ,    5000  ,     0 (              *|              ),50.00, 50.00, 50.00, 50.00, 50.00
  10 , derby_Und_Tran_KNN5 ,    5000  ,  1700 (          --  *|--            ),36.00, 41.00, 50.00, 55.00, 61.00
  10 , ant2_Und_GL_Tran_KNN10 ,    5000  ,  1800 (           -- *| ---          ),38.00, 46.00, 50.00, 57.00, 70.00
  10 , pc1_Und_Gauss ,    5100  ,  2700 (    ------     * ---          ),15.00, 35.00, 51.00, 57.00, 67.00
  10 , pc4_Und_GL_Tran_Log ,    5100  ,     0 (               *              ),51.00, 51.00, 51.00, 51.00, 51.00
  10 , ant2_Und_Log ,    5100  ,  1300 (           --- *-             ),40.00, 47.00, 51.00, 55.00, 60.00
  10 , camel2_GL_Log ,    5100  ,  1200 (          ---  *-             ),36.00, 45.00, 51.00, 56.00, 60.00
  10 , synapse2_Und_Gauss ,    5100  ,  2300 (       ------  *   --         ),25.00, 44.00, 51.00, 66.00, 72.00
  11 , log4j2_Und_GL_Tran_Gauss ,    5200  ,     0 (               *              ),52.00, 52.00, 52.00, 52.00, 52.00
  11 , xerces2_Tran_Gauss ,    5200  ,     0 (               *              ),52.00, 52.00, 52.00, 52.00, 52.00
  11 , pc1_Und_GL_Log ,    5200  ,  2400 (          -    *  --          ),36.00, 39.00, 52.00, 61.00, 69.00
  11 , cm1_GL_Tran_Gauss ,    5200  ,     0 (               *              ),52.00, 52.00, 52.00, 52.00, 52.00
  11 , arc2_Und_Gauss ,    5200  ,  1900 (        ------ * ------       ),29.00, 47.00, 52.00, 58.00, 78.00
  11 , cm1_Und_GL_Log ,    5200  ,  1900 (             - *   ----       ),45.00, 49.00, 52.00, 65.00, 80.00
  11 , pc3_Und_GL_Tran_KNN1 ,    5300  ,  1300 (           --  * -            ),38.00, 46.00, 53.00, 57.00, 62.00
  11 , camel2_Und_Gauss ,    5300  ,  1300 (          ---- * -            ),34.00, 48.00, 53.00, 60.00, 61.00
  11 , cm1_Und_GL_Tran_KNN1 ,    5300  ,  3900 (      ---      *    ---       ),22.00, 33.00, 53.00, 70.00, 79.00
  11 , ivy2_Tran_Gauss ,    5300  ,     0 (               *              ),53.00, 53.00, 53.00, 53.00, 53.00
  11 , synapse2_Tran_KNN1 ,    5300  ,  1200 (             - * -----        ),44.00, 49.00, 53.00, 60.00, 74.00
  11 , arc2_Tran_Gauss ,    5300  ,     0 (               *              ),53.00, 53.00, 53.00, 53.00, 53.00
  11 , elearning2_Tran_Gauss ,    5400  ,     0 (               |*             ),54.00, 54.00, 54.00, 54.00, 54.00
  11 , ant2_Tran_KNN10 ,    5400  ,  1800 (           --  |*--           ),38.00, 46.00, 54.00, 60.00, 64.00
  11 , synapse2_GL_Gauss ,    5400  ,   900 (            ---|*--           ),43.00, 53.00, 54.00, 58.00, 66.00
  11 , synapse2_Tran_KNN10 ,    5400  ,   900 (           --- |*--           ),38.00, 50.00, 54.00, 58.00, 66.00
  11 , pc4_Und_Tran_KNN1 ,    5400  ,  1300 (            -- |*--           ),43.00, 50.00, 54.00, 60.00, 66.00
  11 , openjpa_Tran_KNN1 ,    5400  ,  1700 (      -------  |*-----        ),22.00, 44.00, 54.00, 60.00, 75.00
  11 , arc2_Und_GL_Log ,    5500  ,  3600 (        ---    |*    ---      ),28.00, 40.00, 55.00, 73.00, 81.00
  11 , ivy2_Und_GL_Log ,    5500  ,  2100 (        ------ |* -----       ),29.00, 49.00, 55.00, 63.00, 78.00
  11 , pc3_Und_GL_Gauss ,    5500  ,  1200 (           ----|*---          ),38.00, 51.00, 55.00, 60.00, 68.00
  11 , log4j2_Und_Tran_Gauss ,    5500  ,     0 (               |*             ),55.00, 55.00, 55.00, 55.00, 55.00
  11 , pc1_Und_Tran_Gauss ,    5500  ,     0 (               |*             ),55.00, 55.00, 55.00, 55.00, 55.00
  11 , log4j2_Tran_Gauss ,    5500  ,     0 (               |*             ),55.00, 55.00, 55.00, 55.00, 55.00
  11 , berek2_Tran_Log ,    5500  ,     0 (               |*             ),55.00, 55.00, 55.00, 55.00, 55.00
  11 , cxf_Und_GL_Tran_KNN10 ,    5500  ,  1400 (            ---|* ---         ),42.00, 51.00, 55.00, 63.00, 72.00
  11 , ivy2_Und_Gauss ,    5500  ,  1900 (           -   |*------       ),39.00, 43.00, 55.00, 57.00, 77.00
  11 , ant2_GL_Tran_KNN3 ,    5500  ,  1100 (             - |*--           ),44.00, 47.00, 55.00, 58.00, 65.00
  11 , log4j2_GL_Tran_Gauss ,    5500  ,     0 (               |*             ),55.00, 55.00, 55.00, 55.00, 55.00
  11 , camel2_GL_Gauss ,    5500  ,   600 (              -|*             ),50.00, 52.00, 55.00, 58.00, 59.00
  11 , cm1_GL_Tran_Log ,    5600  ,     0 (               |*             ),56.00, 56.00, 56.00, 56.00, 56.00
  11 , cm1_Und_Tran_Log ,    5600  ,     0 (               |*             ),56.00, 56.00, 56.00, 56.00, 56.00
  11 , synapse2_Log ,    5600  ,  1500 (        ------ |*--           ),30.00, 47.00, 56.00, 60.00, 64.00
  11 ,  cm1_Und_Log ,    5600  ,  2300 (        -----  |* ---         ),28.00, 44.00, 56.00, 63.00, 73.00
  11 , xerces2_GL_Gauss ,    5600  ,   900 (           ----|*-            ),38.00, 52.00, 56.00, 59.00, 63.00
  11 , cm1_Und_Tran_Gauss ,    5600  ,     0 (               |*             ),56.00, 56.00, 56.00, 56.00, 56.00
  11 , accumulo_Und_GL_Tran_KNN3 ,    5600  ,  2300 (     --------  |* --          ),19.00, 44.00, 56.00, 63.00, 70.00
  11 , derby_Und_GL_Tran_KNN3 ,    5600  ,  1200 (              -|* -           ),48.00, 51.00, 56.00, 63.00, 66.00
  11 , bookkeeper_Und_Tran_KNN1 ,    5700  ,  3300 (-----------    | * ----       ), 0.00, 40.00, 57.00, 66.00, 80.00
  11 , camel2_Gauss ,    5600  ,   800 (             - |*-            ),44.00, 50.00, 56.00, 58.00, 63.00
  11 , ant2_Tran_KNN5 ,    5600  ,  1200 (             --|*--           ),44.00, 51.00, 56.00, 60.00, 66.00
  11 , synapse2_GL_Tran_KNN1 ,    5600  ,  1000 (            ---|*-            ),43.00, 53.00, 56.00, 59.00, 62.00
  11 , synapse2_GL_Tran_KNN10 ,    5700  ,  1800 (        ------ | *-           ),30.00, 47.00, 57.00, 62.00, 66.00
  11 , arc2_Und_Log ,    5700  ,  4100 (       ------  | *   ---      ),25.00, 44.00, 57.00, 72.00, 81.00
  11 , lucene2_GL_Tran_KNN3 ,    5700  ,   900 (               | *-           ),52.00, 56.00, 57.00, 62.00, 66.00
  11 , ivy2_Und_Tran_Log ,    5700  ,     0 (               | *            ),57.00, 57.00, 57.00, 57.00, 57.00
  11 , openjpa_GL_Tran_KNN1 ,    5700  ,  1700 (         ----- | *  --        ),33.00, 50.00, 57.00, 67.00, 75.00
  11 , pc4_Und_GL_Tran_KNN1 ,    5700  ,   900 (             --| *-           ),44.00, 54.00, 57.00, 62.00, 64.00
  11 , synapse2_Und_Tran_Gauss ,    5700  ,     0 (               | *            ),57.00, 57.00, 57.00, 57.00, 57.00
  11 , ant2_GL_Tran_KNN5 ,    5700  ,  1200 (             - | *            ),44.00, 48.00, 57.00, 59.00, 63.00
  11 , cm1_Und_Tran_KNN1 ,    5700  ,  2900 (         ----  | * -----      ),33.00, 44.00, 57.00, 66.00, 83.00
  11 ,      pc4_Log ,    5700  ,   900 (            ---| *            ),42.00, 53.00, 57.00, 59.00, 61.00
  11 , log4j2_Und_Log ,    5700  ,  3800 (-------------- | *  --------- ), 0.00, 49.00, 57.00, 67.00, 99.00
  11 , lucene2_Tran_KNN1 ,    5700  ,   700 (               | *--          ),52.00, 55.00, 57.00, 62.00, 68.00
  11 , bookkeeper_Und_GL_Tran_KNN1 ,    5700  ,  3900 (-------------  | *  -------   ), 0.00, 44.00, 57.00, 67.00, 93.00
  11 , pc3_GL_Tran_Gauss ,    5700  ,     0 (               | *            ),57.00, 57.00, 57.00, 57.00, 57.00
  11 , pig_Und_Tran_KNN1 ,    5700  ,  3100 (----------     | *----        ), 0.00, 36.00, 57.00, 62.00, 75.00
  11 , ant2_Tran_KNN3 ,    5700  ,  1500 (             - | *-           ),44.00, 50.00, 57.00, 61.00, 65.00
  11 , accumulo_Und_Tran_KNN3 ,    5700  ,  2000 (           --- | *  -         ),40.00, 50.00, 57.00, 67.00, 72.00
  12 , lucene2_GL_Gauss ,    5800  ,  1000 (              -| *-           ),49.00, 52.00, 58.00, 61.00, 65.00
  12 , cm1_Tran_Gauss ,    5800  ,     0 (               | *            ),58.00, 58.00, 58.00, 58.00, 58.00
  12 , synapse2_Gauss ,    5800  ,  1800 (            -- | *---         ),42.00, 48.00, 58.00, 63.00, 71.00
  12 , pc3_Und_GL_Tran_Log ,    5800  ,     0 (               | *            ),58.00, 58.00, 58.00, 58.00, 58.00
  12 , pc3_Und_Tran_KNN1 ,    5800  ,  1500 (              -| *-           ),47.00, 51.00, 58.00, 60.00, 65.00
  12 , ant2_GL_Tran_KNN10 ,    5800  ,  1100 (             --| *            ),44.00, 53.00, 58.00, 60.00, 63.00
  12 , ant2_Tran_KNN1 ,    5800  ,  1100 (               | *--          ),52.00, 54.00, 58.00, 63.00, 69.00
  12 , pc4_Und_GL_Tran_Gauss ,    5800  ,     0 (               | *            ),58.00, 58.00, 58.00, 58.00, 58.00
  12 , synapse2_Tran_KNN5 ,    5900  ,  1100 (              -| * --         ),49.00, 54.00, 59.00, 64.00, 73.00
  12 , pig_Tran_KNN5 ,    5900  ,  1700 (           --- | *  -         ),40.00, 50.00, 59.00, 67.00, 73.00
  12 , synapse2_Tran_KNN3 ,    5900  ,  1700 (              -| * ---        ),47.00, 52.00, 59.00, 64.00, 76.00
  12 , accumulo_Tran_KNN10 ,    5900  ,  1400 (             --| * ---        ),45.00, 53.00, 59.00, 64.00, 75.00
  12 , synapse2_Und_GL_Tran_KNN10 ,    5900  ,  1200 (              -| * --         ),47.00, 55.00, 59.00, 64.00, 71.00
  12 , berek2_Und_GL_Tran_Gauss ,    5900  ,     0 (               | *            ),59.00, 59.00, 59.00, 59.00, 59.00
  12 , wicket_Und_GL_Tran_KNN10 ,    5900  ,  2300 (         ------| *  -----     ),31.00, 53.00, 59.00, 67.00, 85.00
  12 , berek2_GL_Tran_Gauss ,    5900  ,     0 (               | *            ),59.00, 59.00, 59.00, 59.00, 59.00
  12 , lucene2_Tran_KNN5 ,    5900  ,   700 (               |-* -          ),52.00, 58.00, 59.00, 64.00, 68.00
  12 , lucene2_Tran_KNN3 ,    5900  ,   900 (               | *-           ),52.00, 56.00, 59.00, 62.00, 65.00
  12 ,   arc2_Gauss ,    5900  ,  1400 (             --| * --         ),46.00, 52.00, 59.00, 64.00, 72.00
  12 , ivy2_Und_Tran_KNN1 ,    5900  ,  2900 (       --------|-*   ---      ),25.00, 57.00, 59.00, 72.00, 82.00
  12 , ant2_Und_Tran_KNN10 ,    5900  ,  1700 (           ----| *  -         ),40.00, 52.00, 59.00, 68.00, 73.00
  12 , synapse2_GL_Tran_KNN3 ,    5900  ,   800 (               |-* -          ),52.00, 57.00, 59.00, 64.00, 69.00
  12 , jedit2_Tran_Gauss ,    6000  ,     0 (               | *            ),60.00, 60.00, 60.00, 60.00, 60.00
  12 , lucene2_Tran_Gauss ,    6000  ,     0 (               | *            ),60.00, 60.00, 60.00, 60.00, 60.00
  12 , lucene2_GL_Tran_KNN1 ,    6000  ,   900 (               |-* -          ),55.00, 57.00, 60.00, 65.00, 67.00
  12 , accumulo_GL_Tran_KNN10 ,    6000  ,  2100 (            ---| *  ---       ),43.00, 55.00, 60.00, 70.00, 78.00
  12 , synapse2_GL_Log ,    6000  ,   700 (              -|-*---         ),47.00, 57.00, 60.00, 62.00, 71.00
  12 , ant2_GL_Tran_KNN1 ,    6000  ,  1400 (              -| * -          ),48.00, 52.00, 60.00, 65.00, 69.00
  12 , pig_GL_Tran_KNN5 ,    6000  ,  1200 (             --| *  --        ),46.00, 55.00, 60.00, 67.00, 75.00
  12 , log4j2_Gauss ,    6000  ,  2100 (---------------| * ----       ), 0.00, 56.00, 60.00, 65.00, 80.00
  12 , pc1_Tran_Gauss ,    6000  ,     0 (               | *            ),60.00, 60.00, 60.00, 60.00, 60.00
  12 , felix_Und_GL_Tran_KNN5 ,    6000  ,  2900 (      -----    | *  --        ),21.00, 40.00, 60.00, 67.00, 76.00
  12 , openjpa_Und_GL_Log ,    6000  ,  4400 (      -----    | *     ----   ),22.00, 40.00, 60.00, 79.00, 91.00
  13 , lucene2_GL_Tran_KNN5 ,    6100  ,   800 (              -|  *           ),50.00, 56.00, 61.00, 63.00, 66.00
  13 , jedit2_Und_Tran_Log ,    6100  ,     0 (               |  *           ),61.00, 61.00, 61.00, 61.00, 61.00
  13 , berek2_Und_Tran_Log ,    6100  ,     0 (               |  *           ),61.00, 61.00, 61.00, 61.00, 61.00
  13 , ant2_Und_GL_Tran_KNN5 ,    6100  ,  1200 (               |- * --        ),51.00, 57.00, 61.00, 68.00, 76.00
  13 , synapse2_Und_Tran_KNN10 ,    6100  ,  1900 (             - |  *--         ),44.00, 50.00, 61.00, 64.00, 71.00
  13 , pig_Tran_KNN3 ,    6200  ,  1700 (              -|  * ---       ),47.00, 53.00, 62.00, 67.00, 80.00
  13 , ivy2_Und_Log ,    6200  ,  2300 (           ----|  *  -        ),39.00, 52.00, 62.00, 73.00, 76.00
  13 , pc1_GL_Tran_Gauss ,    6200  ,     0 (               |  *           ),62.00, 62.00, 62.00, 62.00, 62.00
  13 , pc3_Und_GL_Tran_Gauss ,    6200  ,     0 (               |  *           ),62.00, 62.00, 62.00, 62.00, 62.00
  13 ,   ivy2_Gauss ,    6200  ,  1800 (              -|  * ---       ),48.00, 54.00, 62.00, 69.00, 80.00
  13 , lucene2_Tran_KNN10 ,    6200  ,   600 (               |- *           ),54.00, 60.00, 62.00, 63.00, 66.00
  13 , ant2_GL_Gauss ,    6200  ,   600 (               |  *-          ),58.00, 59.00, 62.00, 65.00, 68.00
  13 , lucene2_GL_Tran_KNN10 ,    6200  ,   800 (               |- *-          ),53.00, 59.00, 62.00, 64.00, 67.00
  13 , lucene2_GL_Log ,    6200  ,   700 (               |- *--         ),56.00, 60.00, 62.00, 65.00, 71.00
  13 , pc3_Und_GL_Log ,    6200  ,  1800 (           ----|  *  --       ),40.00, 55.00, 62.00, 71.00, 78.00
  13 , pc3_GL_Gauss ,    6300  ,  1500 (              -|  *           ),50.00, 54.00, 63.00, 68.00, 70.00
  13 , derby_Und_Tran_KNN3 ,    6300  ,  1300 (             --|  *-          ),44.00, 55.00, 63.00, 66.00, 69.00
  13 , pig_Und_GL_Tran_KNN1 ,    6300  ,  2700 (        ------ |  *  ------   ),29.00, 47.00, 63.00, 72.00, 91.00
  13 , ivy2_GL_Tran_Log ,    6300  ,     0 (               |  *           ),63.00, 63.00, 63.00, 63.00, 63.00
  13 , jedit2_Und_Tran_Gauss ,    6300  ,     0 (               |  *           ),63.00, 63.00, 63.00, 63.00, 63.00
  13 ,  ant2_GL_Log ,    6300  ,  1000 (               |- *--         ),55.00, 59.00, 63.00, 66.00, 72.00
  13 , synapse2_GL_Tran_KNN5 ,    6300  ,   900 (               |- *--         ),52.00, 59.00, 63.00, 66.00, 72.00
  13 , ant2_Und_Tran_Gauss ,    6400  ,     0 (               |   *          ),64.00, 64.00, 64.00, 64.00, 64.00
  13 , jedit2_Tran_Log ,    6400  ,     0 (               |   *          ),64.00, 64.00, 64.00, 64.00, 64.00
  13 , xerces2_Tran_KNN5 ,    6400  ,   800 (               |-- *---       ),53.00, 62.00, 64.00, 68.00, 79.00
  13 , elearning2_GL_Log ,    6700  ,  8200 (               |    *-----    ), 0.00,  0.00, 67.00, 67.00, 89.00
  13 , elearning2_Und_Tran_Gauss ,    6400  ,     0 (               |   *          ),64.00, 64.00, 64.00, 64.00, 64.00
  13 , poi2_GL_Gauss ,    6400  ,  1300 (               |   *-         ),52.00, 56.00, 64.00, 67.00, 71.00
  14 , pc4_Und_GL_Gauss ,    6500  ,   900 (               | - *--        ),59.00, 62.00, 65.00, 70.00, 75.00
  14 , jedit2_Gauss ,    6500  ,  9600 (-------------- |   *        - ), 0.00, 49.00, 65.00, 95.00, 98.00
  14 , pc1_Und_Tran_Log ,    6500  ,     0 (               |   *          ),65.00, 65.00, 65.00, 65.00, 65.00
  14 , ant2_Und_GL_Tran_KNN3 ,    6500  ,   900 (               | - *---       ),58.00, 61.00, 65.00, 68.00, 78.00
  14 ,  pc4_Und_Log ,    6500  ,  1300 (              -|-  *--        ),47.00, 60.00, 65.00, 69.00, 75.00
  14 , xerces2_GL_Tran_KNN5 ,    6500  ,  1300 (               |-- *--        ),54.00, 63.00, 65.00, 70.00, 75.00
  14 , xerces2_Tran_KNN1 ,    6500  ,  1500 (               |-- * --       ),52.00, 61.00, 65.00, 72.00, 77.00
  14 ,   pc4_GL_Log ,    6500  ,   800 (               |-- *--        ),55.00, 63.00, 65.00, 69.00, 76.00
  14 , jedit2_Und_GL_Tran_Log ,    6500  ,     0 (               |   *          ),65.00, 65.00, 65.00, 65.00, 65.00
  14 , camel2_Und_GL_Gauss ,    6600  ,   400 (               | --*-         ),60.00, 64.00, 66.00, 67.00, 72.00
  14 , xerces2_Tran_KNN10 ,    6600  ,  1200 (               |-- * --       ),55.00, 62.00, 66.00, 73.00, 78.00
  14 , synapse2_Und_Log ,    6600  ,  1100 (               |-  *---       ),55.00, 60.00, 66.00, 70.00, 77.00
  14 , derby_Tran_KNN5 ,    6600  ,   900 (               |-- *-         ),54.00, 62.00, 66.00, 69.00, 73.00
  14 , pig_Tran_KNN1 ,    6700  ,  1700 (              -|--  * --      ),50.00, 61.00, 67.00, 75.00, 82.00
  14 , bookkeeper_Und_GL_Gauss ,    6700  ,  3300 (        ------ |    * ----    ),29.00, 50.00, 67.00, 75.00, 90.00
  14 ,  lucene2_Log ,    6700  ,   800 (               | -  *-        ),59.00, 63.00, 67.00, 69.00, 74.00
  14 , camel2_Und_Tran_KNN1 ,    6700  ,   800 (               | -- *--       ),60.00, 66.00, 67.00, 70.00, 77.00
  14 , synapse2_Und_GL_Tran_KNN5 ,    6700  ,   900 (               |  - *--       ),61.00, 64.00, 67.00, 73.00, 77.00
  14 , cxf_Und_Tran_KNN10 ,    6700  ,  1100 (               |--  *--       ),56.00, 63.00, 67.00, 73.00, 77.00
  14 , ant2_Und_Tran_KNN5 ,    6700  ,  1300 (              -|-   *--       ),50.00, 60.00, 67.00, 71.00, 77.00
  14 , ant2_Und_Tran_KNN3 ,    6700  ,  1000 (               |--  *-        ),54.00, 62.00, 67.00, 71.00, 75.00
  14 , elearning2_Tran_KNN1 ,    6700  ,  10000 (               |    *       - ), 0.00,  0.00, 67.00, 94.00, 100.00
  14 , jedit2_GL_Tran_Log ,    6700  ,     0 (               |    *         ),67.00, 67.00, 67.00, 67.00, 67.00
  14 , pig_GL_Tran_KNN3 ,    6700  ,  1800 (               |-   * ---     ),56.00, 60.00, 67.00, 74.00, 84.00
  14 , bookkeeper_Und_GL_Log ,    6700  ,  1700 (             --|----*  ------ ),44.00, 67.00, 67.00, 80.00, 98.00
  14 , elearning2_GL_Tran_KNN1 ,    6700  ,  8100 (               |    *   ----- ), 0.00,  0.00, 67.00, 81.00, 100.00
  14 , ant2_Tran_Gauss ,    6700  ,     0 (               |    *         ),67.00, 67.00, 67.00, 67.00, 67.00
  14 , xerces2_GL_Tran_KNN3 ,    6700  ,  1100 (               | -- * -       ),58.00, 64.00, 67.00, 74.00, 77.00
  14 , xerces2_GL_Tran_KNN1 ,    6700  ,   800 (               | -- *-        ),59.00, 65.00, 67.00, 71.00, 75.00
  14 , poi2_Tran_KNN1 ,    6700  ,   700 (               |  - *-        ),61.00, 65.00, 67.00, 70.00, 76.00
  14 , camel2_Und_GL_Tran_KNN1 ,    6700  ,  1200 (               |--  *--       ),55.00, 63.00, 67.00, 71.00, 79.00
  15 , pc3_Und_Tran_Log ,    6800  ,     0 (               |    *         ),68.00, 68.00, 68.00, 68.00, 68.00
  15 , lucene2_Und_Gauss ,    6800  ,   300 (               | ---*-        ),60.00, 67.00, 68.00, 69.00, 74.00
  15 , synapse2_Und_Tran_KNN5 ,    6800  ,  1500 (               |--- * -       ),55.00, 65.00, 68.00, 74.00, 79.00
  15 , derby_GL_Tran_KNN5 ,    6800  ,   900 (               |--  *-        ),55.00, 63.00, 68.00, 71.00, 76.00
  15 , berek2_Tran_Gauss ,    6800  ,     0 (               |    *         ),68.00, 68.00, 68.00, 68.00, 68.00
  15 , xerces2_GL_Tran_KNN10 ,    6900  ,   800 (               |  - *--       ),63.00, 66.00, 69.00, 73.00, 79.00
  15 ,  poi2_GL_Log ,    6900  ,  1200 (               | -- * -       ),58.00, 66.00, 69.00, 75.00, 78.00
  15 , poi2_GL_Tran_KNN1 ,    6900  ,   900 (               | -- *--       ),60.00, 64.00, 69.00, 72.00, 77.00
  15 , ivy2_Und_GL_Tran_KNN1 ,    6900  ,  2800 (     ----------|    *  --     ),18.00, 53.00, 69.00, 77.00, 85.00
  15 , felix_Und_Tran_KNN5 ,    6900  ,  1800 (             --|-   * -       ),44.00, 58.00, 69.00, 74.00, 78.00
  15 , poi2_Tran_KNN3 ,    6900  ,   400 (               |   -*--       ),65.00, 68.00, 69.00, 72.00, 77.00
  15 , lucene2_Gauss ,    6900  ,   400 (               |   -*         ),64.00, 67.00, 69.00, 70.00, 73.00
  15 , lucene2_Und_Tran_KNN5 ,    6900  ,  1200 (               |  - * -       ),63.00, 66.00, 69.00, 76.00, 80.00
  15 , lucene2_Und_GL_Tran_KNN10 ,    7000  ,   600 (               | ---*-        ),60.00, 68.00, 70.00, 73.00, 75.00
  15 , xerces2_Tran_KNN3 ,    7000  ,  1600 (               |--  * -       ),51.00, 62.00, 70.00, 74.00, 79.00
  15 , pc4_Und_GL_Log ,    7000  ,   500 (               | ---*--       ),57.00, 67.00, 70.00, 72.00, 78.00
  15 , pc1_Und_GL_Tran_Log ,    7000  ,     0 (               |    *         ),70.00, 70.00, 70.00, 70.00, 70.00
  15 , hive_Und_Tran_KNN10 ,    7000  ,   600 (               | ---*-        ),59.00, 68.00, 70.00, 73.00, 76.00
  15 , lucene2_Und_Tran_KNN10 ,    7000  ,  1000 (               | -- *         ),60.00, 64.00, 70.00, 74.00, 76.00
  15 , ivy2_Und_GL_Tran_Log ,    7000  ,     0 (               |    *         ),70.00, 70.00, 70.00, 70.00, 70.00
  15 , felix_Und_GL_Tran_KNN3 ,    7000  ,  1800 (             --|--  *  -      ),44.00, 62.00, 70.00, 77.00, 83.00
  16 , pig_Und_GL_Gauss ,    7100  ,  3900 (           ----|-    *  ---   ),37.00, 57.00, 71.00, 82.00, 93.00
  16 ,     poi2_Log ,    7100  ,   500 (               |   - *-       ),64.00, 70.00, 71.00, 74.00, 77.00
  16 ,   ant2_Gauss ,    7100  ,   400 (               |   - *        ),66.00, 69.00, 71.00, 72.00, 75.00
  16 , accumulo_Tran_KNN5 ,    7100  ,  1100 (               |---  *--      ),55.00, 64.00, 71.00, 74.00, 81.00
  16 , accumulo_Tran_KNN3 ,    7100  ,  1300 (               | --- *--      ),58.00, 67.00, 71.00, 75.00, 82.00
  16 , poi2_GL_Tran_KNN3 ,    7100  ,   900 (               | --  *-       ),60.00, 66.00, 71.00, 73.00, 79.00
  16 , poi2_GL_Tran_KNN5 ,    7100  ,   600 (               |  -- *-       ),63.00, 69.00, 71.00, 74.00, 77.00
  16 , xerces2_Und_GL_Tran_KNN5 ,    7100  ,   900 (               | --- *--      ),60.00, 67.00, 71.00, 75.00, 83.00
  16 , lucene2_Und_GL_Tran_KNN5 ,    7100  ,   900 (               |   - *-       ),65.00, 67.00, 71.00, 76.00, 79.00
  16 , xerces2_Und_GL_Tran_KNN10 ,    7100  ,  1200 (               |  -  *--      ),62.00, 66.00, 71.00, 74.00, 82.00
  16 , log4j2_Und_Gauss ,    7100  ,  2700 (        -------|-    *   -    ),27.00, 59.00, 71.00, 84.00, 90.00
  16 , poi2_Tran_KNN5 ,    7100  ,   900 (               |   - *-       ),65.00, 69.00, 71.00, 76.00, 78.00
  16 , accumulo_GL_Tran_KNN5 ,    7100  ,  1400 (               | --- * --     ),59.00, 67.00, 71.00, 79.00, 85.00
  16 , xerces2_Und_Tran_KNN10 ,    7100  ,  1000 (               |  -- *--      ),63.00, 68.00, 71.00, 76.00, 81.00
  16 , xerces2_Und_Tran_KNN5 ,    7200  ,   800 (               |     *---     ),68.00, 70.00, 72.00, 76.00, 85.00
  16 , ant2_Und_Gauss ,    7200  ,   700 (               |  -- *-       ),61.00, 70.00, 72.00, 74.00, 77.00
  16 , derby_GL_Tran_KNN3 ,    7200  ,   900 (               |   - * -      ),66.00, 70.00, 72.00, 77.00, 81.00
  16 , ant2_Und_GL_Gauss ,    7200  ,   900 (               |  -- *-       ),62.00, 68.00, 72.00, 75.00, 79.00
  16 , poi2_GL_Tran_KNN10 ,    7200  ,   700 (               |     *-       ),67.00, 69.00, 72.00, 74.00, 79.00
  16 , lucene2_Und_Log ,    7200  ,   700 (               |  -- *        ),63.00, 70.00, 72.00, 74.00, 76.00
  16 , pc1_Und_GL_Tran_Gauss ,    7200  ,     0 (               |     *        ),72.00, 72.00, 72.00, 72.00, 72.00
  16 , xerces2_GL_Log ,    7200  ,  1000 (               |  -- *--      ),63.00, 67.00, 72.00, 76.00, 81.00
  16 , accumulo_GL_Tran_KNN3 ,    7200  ,  1500 (               | --- * --     ),60.00, 69.00, 72.00, 78.00, 86.00
  16 , camel2_Und_GL_Log ,    7200  ,   700 (               |  -- *-       ),63.00, 69.00, 72.00, 74.00, 78.00
  16 , accumulo_Und_Tran_KNN1 ,    7200  ,  1300 (               |---- * -      ),52.00, 67.00, 72.00, 79.00, 82.00
  16 , poi2_Tran_KNN10 ,    7300  ,   500 (               |   --*-       ),64.00, 71.00, 73.00, 74.00, 77.00
  16 , xerces2_Und_Gauss ,    7300  ,   700 (               |    -* -      ),69.00, 72.00, 73.00, 78.00, 81.00
  16 , pig_GL_Tran_KNN1 ,    7300  ,  1500 (               | --- * --     ),57.00, 67.00, 73.00, 77.00, 84.00
  16 , felix_Und_Tran_KNN3 ,    7300  ,  1200 (               | ----* -      ),60.00, 72.00, 73.00, 80.00, 83.00
  16 , derby_Tran_KNN3 ,    7300  ,   800 (               |   - *-       ),66.00, 69.00, 73.00, 76.00, 79.00
  16 , elearning2_Und_Log ,    6700  ,  8200 (               |        *---  ), 0.00,  0.00, 82.00, 82.00, 95.00
  16 , xerces2_Gauss ,    7400  ,   800 (               |    - *-      ),69.00, 71.00, 74.00, 79.00, 82.00
  16 , accumulo_Und_GL_Tran_KNN1 ,    7400  ,  1500 (               |---   *--     ),52.00, 66.00, 74.00, 77.00, 85.00
  16 ,   poi2_Gauss ,    7400  ,   900 (               |   -  *       ),64.00, 68.00, 74.00, 76.00, 78.00
  16 , hive_Und_GL_Tran_KNN10 ,    7400  ,  1000 (               |  --  *       ),61.00, 69.00, 74.00, 76.00, 80.00
  16 , felix_GL_Tran_KNN10 ,    7400  ,   800 (               |   -- *-      ),65.00, 72.00, 74.00, 76.00, 83.00
  16 , accumulo_Tran_KNN1 ,    7400  ,  1100 (               |  --  *--     ),62.00, 69.00, 74.00, 79.00, 84.00
  17 , derby_Und_Tran_KNN1 ,    7500  ,   800 (               |    - *-      ),69.00, 73.00, 75.00, 79.00, 83.00
  17 , berek2_GL_Tran_Log ,    7500  ,     0 (               |      *       ),75.00, 75.00, 75.00, 75.00, 75.00
  17 , bookkeeper_GL_Tran_KNN1 ,    7500  ,  1300 (              -|---   *------ ),50.00, 66.00, 75.00, 79.00, 97.00
  17 , synapse2_Und_GL_Tran_KNN3 ,    7500  ,  1200 (               |  --  *-      ),62.00, 69.00, 75.00, 79.00, 82.00
  17 , cxf_Und_GL_Tran_KNN5 ,    7500  ,  1300 (               | ---  * -     ),57.00, 69.00, 75.00, 81.00, 85.00
  17 , synapse2_Und_Tran_KNN3 ,    7500  ,   800 (               |  --  *--     ),61.00, 70.00, 75.00, 77.00, 84.00
  17 , derby_Und_GL_Tran_KNN1 ,    7500  ,  1200 (               |   -  *--     ),64.00, 69.00, 75.00, 79.00, 84.00
  17 , pc4_GL_Gauss ,    7500  ,   600 (               |    - *       ),70.00, 73.00, 75.00, 77.00, 80.00
  17 , xerces2_Und_GL_Tran_KNN3 ,    7600  ,   900 (               |   -- *--     ),66.00, 73.00, 76.00, 79.00, 85.00
  17 , accumulo_Und_GL_Gauss ,    7600  ,  2200 (               |----  *---    ),53.00, 69.00, 76.00, 80.00, 89.00
  17 , cxf_Und_Tran_KNN5 ,    7600  ,   700 (               |     -*--     ),72.00, 75.00, 76.00, 80.00, 86.00
  17 , cassandra_Und_Tran_KNN10 ,    7600  ,   800 (               |    --*-      ),67.00, 74.00, 76.00, 80.00, 82.00
  17 , xerces2_Und_GL_Gauss ,    7600  ,  1200 (               |  --  *--     ),62.00, 70.00, 76.00, 78.00, 86.00
  17 , poi2_Und_Tran_KNN10 ,    7600  ,   600 (               |    --*-      ),69.00, 74.00, 76.00, 79.00, 82.00
  17 , poi2_Und_GL_Gauss ,    7600  ,   900 (               |    - *--     ),68.00, 73.00, 76.00, 80.00, 86.00
  17 , poi2_Und_Gauss ,    7700  ,   700 (               |   --  *      ),65.00, 72.00, 77.00, 79.00, 81.00
  17 , accumulo_GL_Tran_KNN1 ,    7700  ,  1200 (               |  ---  *-     ),61.00, 71.00, 77.00, 80.00, 86.00
  17 , poi2_Und_Tran_KNN5 ,    7700  ,   600 (               |     - *      ),72.00, 76.00, 77.00, 81.00, 82.00
  17 , bookkeeper_Tran_KNN1 ,    7700  ,  1700 (              -|----   *----- ),50.00, 67.00, 77.00, 80.00, 100.00
  18 , xerces2_Und_Tran_KNN3 ,    7800  ,   800 (               |     - *-     ),71.00, 74.00, 78.00, 81.00, 86.00
  18 , felix_Tran_KNN10 ,    7800  ,  1100 (               |   --  *-     ),65.00, 71.00, 78.00, 80.00, 85.00
  18 , berek2_Und_GL_Tran_Log ,    7800  ,     0 (               |       *      ),78.00, 78.00, 78.00, 78.00, 78.00
  18 , poi2_Und_GL_Tran_KNN10 ,    7800  ,   700 (               |     - *      ),72.00, 74.00, 78.00, 81.00, 83.00
  18 ,  xerces2_Log ,    7800  ,   700 (               |     - *--    ),72.00, 75.00, 78.00, 80.00, 87.00
  18 , lucene2_Und_Tran_KNN3 ,    7800  ,   700 (               |       *-     ),75.00, 76.00, 78.00, 81.00, 86.00
  18 , poi2_Und_Log ,    7900  ,   500 (               |    ---*      ),70.00, 77.00, 79.00, 81.00, 83.00
  18 , ant2_Und_GL_Tran_KNN1 ,    7900  ,   500 (               |     --*-     ),73.00, 77.00, 79.00, 81.00, 85.00
  18 , cxf_Und_GL_Tran_KNN3 ,    7900  ,  1100 (               |    -- * -    ),68.00, 75.00, 79.00, 84.00, 90.00
  18 , lucene2_Und_GL_Tran_KNN3 ,    7900  ,   900 (               |     - *--    ),72.00, 75.00, 79.00, 83.00, 88.00
  18 , camel_Und_GL_Tran_KNN10 ,    7900  ,  1400 (        -------|-----  *--    ),27.00, 72.00, 79.00, 83.00, 89.00
  18 , poi2_Und_GL_Tran_KNN5 ,    7900  ,   600 (               |     - *-     ),71.00, 76.00, 79.00, 81.00, 86.00
  18 , derby_Tran_KNN1 ,    7900  ,   500 (               |      -*-     ),76.00, 77.00, 79.00, 81.00, 85.00
  18 , ant2_Und_GL_Log ,    8000  ,   800 (               |     - *-     ),72.00, 76.00, 80.00, 82.00, 85.00
  18 ,   berek2_Log ,    8000  ,  1800 (            ---|------ *   -- ),43.00, 75.00, 80.00, 91.00, 100.00
  18 , berek2_GL_Log ,    8000  ,  1400 (               |     - *  --- ),73.00, 75.00, 80.00, 89.00, 100.00
  18 , derby_GL_Tran_KNN1 ,    8000  ,   600 (               |      -*--    ),74.00, 78.00, 80.00, 83.00, 87.00
  18 , hive_Und_Tran_KNN5 ,    8000  ,   500 (               |     --*-     ),72.00, 78.00, 80.00, 82.00, 85.00
  18 , berek2_Und_Tran_KNN10 ,    8000  ,  3300 (---------------|----   *      ), 0.00, 67.00, 80.00, 100.00, 100.00
  18 , cxf_Und_Tran_KNN3 ,    8000  ,   700 (               |       * -    ),77.00, 78.00, 80.00, 84.00, 89.00
  18 , ant2_Und_Tran_KNN1 ,    8000  ,   600 (               |      -*-     ),75.00, 78.00, 80.00, 82.00, 86.00
  18 , cxf_GL_Tran_KNN10 ,    8000  ,   600 (               |      -* -    ),75.00, 78.00, 80.00, 84.00, 87.00
  18 , berek2_Und_GL_Tran_KNN10 ,    8000  ,  2200 (               |       *  --- ),67.00, 67.00, 80.00, 89.00, 100.00
  18 , camel_Und_Tran_KNN10 ,    8100  ,   900 (               |      - *     ),76.00, 79.00, 81.00, 87.00, 88.00
  18 , cxf_Tran_KNN10 ,    8100  ,  1000 (               |     -- *-    ),73.00, 78.00, 81.00, 83.00, 89.00
  18 , hive_Und_GL_Tran_KNN5 ,    8100  ,   500 (               |      - *-    ),74.00, 80.00, 81.00, 84.00, 89.00
  18 , cassandra_Und_GL_Tran_KNN10 ,    8100  ,   800 (               |        *-    ),74.00, 76.00, 81.00, 84.00, 88.00
  18 , lucene2_Und_GL_Gauss ,    8100  ,  1100 (               |     -  *-    ),73.00, 75.00, 81.00, 85.00, 89.00
  18 , wicket_Und_Tran_KNN10 ,    8100  ,  1400 (               |     -  *     ),72.00, 75.00, 81.00, 88.00, 89.00
  18 , elearning2_Und_GL_Tran_KNN1 ,    8100  ,  2600 (---------------|----    * --- ), 0.00, 67.00, 81.00, 88.00, 100.00
  19 , cassandra_GL_Tran_KNN10 ,    8200  ,   900 (               |      - *--   ),74.00, 78.00, 82.00, 85.00, 91.00
  19 , poi2_Und_GL_Tran_KNN3 ,    8200  ,   800 (               |      - *     ),74.00, 80.00, 82.00, 87.00, 89.00
  19 , elearning2_Und_GL_Log ,    8200  ,  2700 (               |  --    *   - ),61.00, 67.00, 82.00, 94.00, 100.00
  19 , hive_GL_Tran_KNN10 ,    8200  ,   700 (               |        *-    ),77.00, 79.00, 82.00, 85.00, 90.00
  19 , hive_Tran_KNN10 ,    8200  ,   500 (               |        *-    ),77.00, 80.00, 82.00, 84.00, 88.00
  19 , synapse2_Und_GL_Gauss ,    8300  ,  1000 (               |      - *     ),75.00, 79.00, 83.00, 87.00, 90.00
  19 , pig_Und_GL_Log ,    8400  ,  1800 (               |  ---    *--  ),62.00, 71.00, 84.00, 87.00, 94.00
  19 , cassandra_Und_Tran_KNN5 ,    8300  ,   300 (               |       -*-    ),78.00, 82.00, 83.00, 85.00, 89.00
  19 , xerces2_Und_Log ,    8300  ,   300 (               |      --*     ),76.00, 81.00, 83.00, 84.00, 86.00
  19 , cassandra_Tran_KNN10 ,    8300  ,   700 (               |        *-    ),77.00, 80.00, 83.00, 86.00, 89.00
  19 , openjpa_Und_Log ,    8300  ,  2400 (              -|-----   * --- ),50.00, 72.00, 83.00, 89.00, 99.00
  19 , hive_Und_Tran_KNN3 ,    8300  ,   600 (               |       -*     ),77.00, 82.00, 83.00, 87.00, 89.00
  19 , accumulo_Und_GL_Log ,    8300  ,  1300 (               |     -- * -   ),71.00, 77.00, 83.00, 89.00, 91.00
  19 , cxf_Tran_KNN5 ,    8300  ,   700 (               |       -* -   ),77.00, 81.00, 83.00, 88.00, 91.00
  19 , felix_Und_GL_Tran_KNN1 ,    8300  ,  1000 (               |    --- *-    ),68.00, 77.00, 83.00, 85.00, 88.00
  19 , cxf_Tran_KNN3 ,    8400  ,   700 (               |       - *-   ),78.00, 81.00, 84.00, 88.00, 92.00
  19 , felix_Und_Tran_KNN1 ,    8400  ,   600 (               |      -- *    ),74.00, 81.00, 84.00, 86.00, 89.00
  19 , felix_GL_Tran_KNN5 ,    8400  ,   600 (               |      -- *    ),76.00, 82.00, 84.00, 86.00, 90.00
  19 , poi2_Und_Tran_KNN3 ,    8400  ,   700 (               |      -  *    ),74.00, 80.00, 84.00, 85.00, 89.00
  19 , jedit2_Und_GL_Log ,    4800  ,  8400 (-------------- |         *--- ), 0.00, 48.00, 84.00, 88.00, 97.00
  20 , hive_Und_GL_Tran_KNN3 ,    8500  ,   600 (               |       - *-   ),79.00, 82.00, 85.00, 88.00, 91.00
  20 , felix_Tran_KNN5 ,    8500  ,   600 (               |       --*-   ),80.00, 84.00, 85.00, 87.00, 93.00
  20 , berek2_GL_Tran_KNN5 ,    8600  ,  2000 (               |    ---  *    ),67.00, 80.00, 86.00, 100.00, 100.00
  20 , berek2_GL_Tran_KNN3 ,    8600  ,  2000 (               |    ---  *    ),67.00, 80.00, 86.00, 100.00, 100.00
  20 , cxf_GL_Tran_KNN5 ,    8600  ,   900 (               |       - *    ),78.00, 81.00, 86.00, 88.00, 90.00
  20 , cxf_Und_GL_Tran_KNN1 ,    8600  ,   600 (               |       - *-   ),77.00, 83.00, 86.00, 88.00, 93.00
  20 , berek2_Tran_KNN1 ,    8600  ,  2900 (              -|-------  *    ),50.00, 80.00, 86.00, 100.00, 100.00
  20 , wicket_GL_Tran_KNN10 ,    8600  ,   600 (               |       --*-   ),80.00, 84.00, 86.00, 89.00, 93.00
  20 , wicket_Und_GL_Tran_KNN5 ,    8600  ,  1400 (               |   ----  *--  ),65.00, 78.00, 86.00, 90.00, 94.00
  20 , cxf_GL_Tran_KNN3 ,    8700  ,   800 (               |          *   ),82.00, 83.00, 87.00, 90.00, 91.00
  20 , cassandra_Und_GL_Tran_KNN5 ,    8700  ,   600 (               |       -- *-  ),78.00, 84.00, 87.00, 88.00, 94.00
  20 , synapse2_Und_GL_Tran_KNN1 ,    8700  ,   800 (               |        - *-  ),82.00, 86.00, 87.00, 92.00, 95.00
  20 , cxf_Tran_KNN1 ,    8700  ,   700 (               |          *-  ),82.00, 83.00, 87.00, 89.00, 94.00
  20 , bookkeeper_Und_Log ,    8700  ,  3100 (           ----|----      *   ),40.00, 67.00, 87.00, 98.00, 99.00
  20 , synapse2_Und_GL_Log ,    8700  ,   800 (               |        - *-  ),81.00, 84.00, 87.00, 91.00, 94.00
  20 , wicket_Und_Tran_KNN5 ,    8700  ,   700 (               |        - *-  ),82.00, 84.00, 87.00, 91.00, 94.00
  21 , felix_Und_GL_Log ,    8800  ,   700 (               |        - *-  ),82.00, 85.00, 88.00, 91.00, 94.00
  21 , wicket_GL_Tran_KNN5 ,    8800  ,   700 (               |       -- *-  ),80.00, 86.00, 88.00, 92.00, 96.00
  21 , cxf_GL_Tran_KNN1 ,    8800  ,   300 (               |         -*-  ),84.00, 87.00, 88.00, 89.00, 94.00
  21 , cassandra_Und_Tran_KNN3 ,    8800  ,   500 (               |        - *   ),81.00, 85.00, 88.00, 90.00, 91.00
  21 , cassandra_Tran_KNN5 ,    8800  ,   800 (               |        - *   ),82.00, 85.00, 88.00, 91.00, 93.00
  21 , cxf_Und_Tran_KNN1 ,    8800  ,   600 (               |          *   ),84.00, 86.00, 88.00, 91.00, 92.00
  21 , elearning2_Und_Tran_KNN1 ,    8100  ,  9400 (---------------|-------   *   ), 0.00, 80.00, 88.00, 100.00, 100.00
  21 , wicket_Tran_KNN10 ,    8800  ,   800 (               |          *-  ),82.00, 83.00, 88.00, 91.00, 94.00
  21 , felix_GL_Tran_KNN3 ,    8800  ,   700 (               |       -- *   ),78.00, 84.00, 88.00, 90.00, 93.00
  21 , wicket_Und_GL_Tran_KNN3 ,    8800  ,   800 (               |       -- *-  ),79.00, 86.00, 88.00, 91.00, 95.00
  21 , camel_Und_GL_Tran_KNN5 ,    8800  ,   500 (               |      --- *   ),75.00, 86.00, 88.00, 90.00, 93.00
  21 , camel_Und_Tran_KNN5 ,    8800  ,   700 (               |       -- *-- ),79.00, 86.00, 88.00, 89.00, 97.00
  21 , hive_Tran_KNN5 ,    8800  ,   400 (               |         -*   ),84.00, 87.00, 88.00, 90.00, 93.00
  21 , wicket_Und_Tran_KNN3 ,    8800  ,   800 (               |        --*-  ),83.00, 87.00, 88.00, 93.00, 94.00
  21 , cassandra_GL_Tran_KNN5 ,    8900  ,   600 (               |        - *-  ),82.00, 86.00, 89.00, 91.00, 95.00
  21 ,  pig_Und_Log ,    8900  ,  1300 (              -|--------- * - ),50.00, 84.00, 89.00, 96.00, 100.00
  21 , berek2_Tran_KNN5 ,    8900  ,  2000 (               |  ------- *   ),62.00, 86.00, 89.00, 100.00, 100.00
  21 , berek2_Tran_KNN3 ,    8900  ,  2000 (              -|--------- *   ),50.00, 86.00, 89.00, 100.00, 100.00
  21 , wicket_Tran_KNN5 ,    8900  ,   700 (               |        --*-- ),83.00, 87.00, 89.00, 92.00, 97.00
  21 , berek2_GL_Gauss ,    8900  ,  2500 (              -|-------   *   ),50.00, 80.00, 89.00, 100.00, 100.00
  21 , hive_GL_Tran_KNN5 ,    8900  ,   500 (               |        --*   ),83.00, 87.00, 89.00, 90.00, 93.00
  21 , wicket_GL_Tran_KNN3 ,    8900  ,   600 (               |       ---*-  ),80.00, 87.00, 89.00, 92.00, 96.00
  21 , accumulo_GL_Log ,    8900  ,   700 (               |         -*   ),85.00, 88.00, 89.00, 94.00, 96.00
  22 , wicket_GL_Tran_KNN1 ,    9000  ,   700 (               |         -*-- ),86.00, 88.00, 90.00, 93.00, 97.00
  22 , cassandra_Tran_KNN3 ,    9000  ,   500 (               |         -*-  ),85.00, 88.00, 90.00, 92.00, 95.00
  22 , cassandra_Und_GL_Tran_KNN3 ,    9000  ,   900 (               |        - *-  ),82.00, 85.00, 90.00, 92.00, 95.00
  22 , cassandra_GL_Tran_KNN1 ,    9000  ,   600 (               |         -*-  ),84.00, 87.00, 90.00, 92.00, 95.00
  22 , cassandra_GL_Tran_KNN3 ,    9000  ,   600 (               |         -*-  ),84.00, 88.00, 90.00, 93.00, 95.00
  22 , hive_Und_Tran_KNN1 ,    9000  ,   300 (               |         -*-  ),86.00, 89.00, 90.00, 92.00, 95.00
  22 , synapse2_Und_Tran_KNN1 ,    9000  ,   900 (               |       -- *-  ),80.00, 86.00, 90.00, 92.00, 94.00
  22 , hive_GL_Tran_KNN3 ,    9000  ,   400 (               |         -*-  ),84.00, 89.00, 90.00, 91.00, 94.00
  22 , pig_GL_Gauss ,    9000  ,  1600 (               |        - *   ),82.00, 86.00, 90.00, 100.00, 100.00
  22 , felix_Tran_KNN3 ,    9000  ,   600 (               |         -*-  ),84.00, 87.00, 90.00, 92.00, 96.00
  22 , cassandra_Tran_KNN1 ,    9000  ,   600 (               |          *-  ),85.00, 86.00, 90.00, 92.00, 94.00
  22 , wicket_Tran_KNN3 ,    9000  ,   500 (               |          *-- ),87.00, 89.00, 90.00, 93.00, 98.00
  22 , camel_Und_GL_Tran_KNN3 ,    9000  ,   500 (               |        --*-- ),83.00, 88.00, 90.00, 93.00, 97.00
  22 , hive_Tran_KNN3 ,    9000  ,   300 (               |          *   ),87.00, 89.00, 90.00, 92.00, 93.00
  22 , berek2_GL_Tran_KNN1 ,    9100  ,  2000 (               |    ---    *  ),67.00, 80.00, 91.00, 100.00, 100.00
  22 , wicket_Und_GL_Tran_KNN1 ,    9100  ,   600 (               |         - *  ),86.00, 89.00, 91.00, 94.00, 96.00
  22 , derby_Und_GL_Log ,    9100  ,   600 (               |       --- *  ),80.00, 88.00, 91.00, 93.00, 95.00
  22 , camel_Und_Tran_KNN3 ,    9100  ,   700 (               |        -- *- ),83.00, 87.00, 91.00, 92.00, 97.00
  22 , felix_GL_Tran_KNN1 ,    9100  ,   600 (               |        -- *  ),83.00, 89.00, 91.00, 94.00, 95.00
  22 , hive_Und_GL_Tran_KNN1 ,    9100  ,   400 (               |           *  ),87.00, 90.00, 91.00, 93.00, 96.00
  22 , berek2_Gauss ,    9100  ,  2700 (               |  ----     *  ),63.00, 75.00, 91.00, 100.00, 100.00
  22 , camel_Tran_KNN10 ,    9200  ,   600 (               |         - *  ),86.00, 88.00, 92.00, 94.00, 96.00
  22 , wicket_Und_GL_Log ,    9200  ,   700 (               |         - *- ),85.00, 90.00, 92.00, 94.00, 98.00
  22 , wicket_Tran_KNN1 ,    9200  ,   500 (               |          -*- ),89.00, 91.00, 92.00, 94.00, 98.00
  22 , hive_GL_Tran_KNN1 ,    9200  ,   300 (               |           *  ),87.00, 90.00, 92.00, 93.00, 94.00
  22 , felix_Und_GL_Gauss ,    9200  ,   600 (               |         - *- ),86.00, 89.00, 92.00, 93.00, 98.00
  22 , hive_Tran_KNN1 ,    9200  ,   300 (               |           *  ),89.00, 90.00, 92.00, 93.00, 94.00
  22 , wicket_Und_Tran_KNN1 ,    9200  ,   300 (               |        -- *  ),82.00, 90.00, 92.00, 93.00, 96.00
  22 , camel_GL_Tran_KNN10 ,    9300  ,   400 (               |          -*- ),88.00, 92.00, 93.00, 95.00, 97.00
  22 , felix_Tran_KNN1 ,    9300  ,   500 (               |          -*- ),89.00, 91.00, 93.00, 96.00, 97.00
  22 , camel_Tran_KNN5 ,    9300  ,   700 (               |           *- ),87.00, 90.00, 93.00, 96.00, 98.00
  22 , camel_Und_GL_Tran_KNN1 ,    9300  ,   400 (               |          -*- ),89.00, 91.00, 93.00, 95.00, 97.00
  22 , camel_Und_Tran_KNN1 ,    9300  ,   600 (               |         - *- ),86.00, 90.00, 93.00, 95.00, 97.00
  22 ,   pig_GL_Log ,    9400  ,   800 (               |          - * ),89.00, 92.00, 94.00, 95.00, 100.00
  22 , camel_Tran_KNN3 ,    9400  ,   600 (               |            * ),87.00, 90.00, 94.00, 96.00, 100.00
  22 , derby_Und_GL_Gauss ,    9400  ,   500 (               |          - * ),87.00, 92.00, 94.00, 96.00, 99.00
  22 , cxf_Und_GL_Log ,    9400  ,   400 (               |          - * ),89.00, 91.00, 94.00, 95.00, 97.00
  22 , camel_GL_Tran_KNN5 ,    9400  ,   400 (               |          - * ),89.00, 92.00, 94.00, 95.00, 98.00
  22 , cassandra_Und_Tran_KNN1 ,    9400  ,   300 (               |          - * ),88.00, 92.00, 94.00, 94.00, 96.00
  22 , openjpa_Und_Gauss ,    9400  ,  7500 (--------       |            * ), 0.00, 29.00, 94.00, 99.00, 100.00
  22 , cxf_Und_GL_Gauss ,    9400  ,   300 (               |          - * ),89.00, 93.00, 94.00, 95.00, 97.00
  22 , elearning2_Und_GL_Gauss ,    9500  ,  3300 (---------------|----        * ), 0.00, 67.00, 95.00, 100.00, 100.00
  23 , camel_Und_GL_Log ,    9500  ,   700 (               |         -- * ),84.00, 92.00, 95.00, 97.00, 100.00
  23 , cassandra_Und_GL_Tran_KNN1 ,    9500  ,   400 (               |          - * ),90.00, 92.00, 95.00, 96.00, 98.00
  23 , accumulo_GL_Gauss ,    9500  ,   500 (               |          - * ),88.00, 92.00, 95.00, 97.00, 100.00
  23 , camel_GL_Tran_KNN3 ,    9500  ,   500 (               |          - * ),90.00, 93.00, 95.00, 96.00, 98.00
  23 , derby_GL_Log ,    9500  ,   200 (               |           -* ),93.00, 94.00, 95.00, 96.00, 97.00
  23 , hive_Und_GL_Log ,    9500  ,   100 (               |           -* ),92.00, 95.00, 95.00, 96.00, 98.00
  24 , accumulo_Und_Log ,    9600  ,   900 (               |         -- * ),85.00, 91.00, 96.00, 97.00, 100.00
  24 , wicket_Und_GL_Gauss ,    9600  ,   400 (               |          --* ),90.00, 94.00, 96.00, 98.00, 100.00
  24 , camel_Und_GL_Gauss ,    9600  ,   400 (               |           -* ),92.00, 94.00, 96.00, 97.00, 100.00
  24 , hive_Und_GL_Gauss ,    9600  ,   200 (               |           -* ),93.00, 96.00, 96.00, 97.00, 98.00
  24 , cassandra_Und_GL_Log ,    9600  ,   200 (               |            * ),94.00, 96.00, 96.00, 97.00, 100.00
  24 ,      pig_Log ,    9600  ,   700 (               |          --* ),88.00, 94.00, 96.00, 100.00, 100.00
  24 , camel_Tran_KNN1 ,    9600  ,   400 (               |           -* ),92.00, 94.00, 96.00, 98.00, 100.00
  24 , camel_GL_Tran_KNN1 ,    9600  ,   500 (               |           -* ),92.00, 95.00, 96.00, 98.00, 98.00
  25 , cassandra_Und_GL_Gauss ,    9700  ,   300 (               |             *),95.00, 96.00, 97.00, 99.00, 100.00
  25 , xerces2_Und_GL_Log ,    9700  ,   400 (               |             *),94.00, 96.00, 97.00, 99.00, 99.00
  25 , camel_Und_Log ,    9700  ,   700 (               |          ---*),90.00, 97.00, 97.00, 100.00, 100.00
  25 , felix_Und_Log ,    9700  ,   700 (               |          -  *),89.00, 93.00, 97.00, 98.00, 100.00
  25 ,   cxf_GL_Log ,    9700  ,   400 (               |           - *),93.00, 95.00, 97.00, 98.00, 100.00
  25 , felix_GL_Gauss ,    9800  ,   300 (               |            -*),96.00, 98.00, 98.00, 100.00, 100.00
  25 , camel_GL_Log ,    9800  ,   300 (               |            -*),94.00, 97.00, 98.00, 100.00, 100.00
  25 , felix_GL_Log ,    9800  ,   300 (               |             *),94.00, 96.00, 98.00, 98.00, 100.00
  25 , wicket_Und_Log ,    9800  ,   300 (               |        -----*),83.00, 97.00, 98.00, 100.00, 100.00
  25 , accumulo_Und_GL_Tran_Gauss ,    9800  ,     0 (               |             *),98.00, 98.00, 98.00, 98.00, 98.00
  25 , pig_Und_GL_Tran_Gauss ,    9800  ,     0 (               |             *),98.00, 98.00, 98.00, 98.00, 98.00
  25 , camel_GL_Gauss ,    9800  ,   300 (               |            -*),95.00, 97.00, 98.00, 100.00, 100.00
  25 , cassandra_GL_Log ,    9800  ,   200 (               |            -*),96.00, 98.00, 98.00, 99.00, 100.00
  25 , bookkeeper_GL_Log ,    9800  ,  1500 (               |      -----  *),74.00, 91.00, 98.00, 99.00, 100.00
  25 , derby_GL_Tran_Log ,    9800  ,     0 (               |             *),98.00, 98.00, 98.00, 98.00, 98.00
  25 , bookkeeper_GL_Tran_Log ,    9800  ,     0 (               |             *),98.00, 98.00, 98.00, 98.00, 98.00
  25 , wicket_GL_Log ,    9800  ,   300 (               |            -*),95.00, 97.00, 98.00, 100.00, 100.00
  25 ,  hive_GL_Log ,    9800  ,   300 (               |             *),95.00, 96.00, 98.00, 99.00, 100.00
  25 , wicket_Und_Tran_Gauss ,    9800  ,     0 (               |             *),98.00, 98.00, 98.00, 98.00, 98.00
  25 , cxf_GL_Gauss ,    9800  ,   200 (               |            -*),95.00, 97.00, 98.00, 99.00, 100.00
  25 , bookkeeper_Und_GL_Tran_Log ,    9800  ,     0 (               |             *),98.00, 98.00, 98.00, 98.00, 98.00
  25 , camel_Und_GL_Tran_Gauss ,    9900  ,     0 (               |             *),99.00, 99.00, 99.00, 99.00, 99.00
  25 , felix_Und_Tran_Gauss ,    9900  ,     0 (               |             *),99.00, 99.00, 99.00, 99.00, 99.00
  25 , derby_Und_GL_Tran_Gauss ,    9900  ,     0 (               |             *),99.00, 99.00, 99.00, 99.00, 99.00
  25 , camel_Und_GL_Tran_Log ,    9900  ,     0 (               |             *),99.00, 99.00, 99.00, 99.00, 99.00
  25 , bookkeeper_Und_GL_Tran_Gauss ,    9900  ,     0 (               |             *),99.00, 99.00, 99.00, 99.00, 99.00
  25 , derby_Und_Log ,    9900  ,   100 (               |            -*),95.00, 98.00, 99.00, 99.00, 100.00
  25 , pig_Und_Tran_Log ,    9900  ,     0 (               |             *),99.00, 99.00, 99.00, 99.00, 99.00
  25 , accumulo_Und_GL_Tran_Log ,    9900  ,     0 (               |             *),99.00, 99.00, 99.00, 99.00, 99.00
  25 , pig_Und_GL_Tran_Log ,    9900  ,     0 (               |             *),99.00, 99.00, 99.00, 99.00, 99.00
  25 , derby_Tran_Gauss ,    9900  ,     0 (               |             *),99.00, 99.00, 99.00, 99.00, 99.00
  25 , cassandra_GL_Gauss ,    9900  ,   200 (               |             *),97.00, 98.00, 99.00, 100.00, 100.00
  25 , hive_Und_Tran_Gauss ,    9900  ,     0 (               |             *),99.00, 99.00, 99.00, 99.00, 99.00
  25 ,  felix_Gauss ,    9900  ,     0 (               |             *),98.00, 99.00, 99.00, 99.00, 100.00
  25 , cxf_Und_GL_Tran_Gauss ,    9900  ,     0 (               |             *),99.00, 99.00, 99.00, 99.00, 99.00
  25 , accumulo_Tran_Gauss ,    9900  ,     0 (               |             *),99.00, 99.00, 99.00, 99.00, 99.00
  25 , accumulo_Tran_Log ,    9900  ,     0 (               |             *),99.00, 99.00, 99.00, 99.00, 99.00
  25 , derby_Und_Gauss ,    9900  ,   100 (               |             *),98.00, 99.00, 99.00, 100.00, 100.00
  25 , derby_Und_Tran_Log ,    9900  ,     0 (               |             *),99.00, 99.00, 99.00, 99.00, 99.00
  25 , pig_GL_Tran_Log ,    9900  ,     0 (               |             *),99.00, 99.00, 99.00, 99.00, 99.00
  25 , felix_Und_GL_Tran_Gauss ,    9900  ,     0 (               |             *),99.00, 99.00, 99.00, 99.00, 99.00
  25 , pig_Tran_Log ,    9900  ,     0 (               |             *),99.00, 99.00, 99.00, 99.00, 99.00
  25 , bookkeeper_Tran_Gauss ,    9900  ,     0 (               |             *),99.00, 99.00, 99.00, 99.00, 99.00
  25 , cassandra_Und_Gauss ,    9900  ,   100 (               |             *),99.00, 99.00, 99.00, 100.00, 100.00
  25 ,  derby_Gauss ,    9900  ,   100 (               |             *),99.00, 99.00, 99.00, 100.00, 100.00
  25 , hive_Und_Log ,    9900  ,   300 (               |            -*),96.00, 97.00, 99.00, 99.00, 100.00
  25 , bookkeeper_Und_Tran_Gauss ,    9900  ,     0 (               |             *),99.00, 99.00, 99.00, 99.00, 99.00
  25 , accumulo_GL_Tran_Log ,    9900  ,     0 (               |             *),99.00, 99.00, 99.00, 99.00, 99.00
  25 , wicket_Und_GL_Tran_Gauss ,    9900  ,     0 (               |             *),99.00, 99.00, 99.00, 99.00, 99.00
  25 , hive_GL_Gauss ,    9900  ,   200 (               |            -*),96.00, 98.00, 99.00, 100.00, 100.00
  25 ,  camel_Gauss ,    9900  ,   100 (               |             *),99.00, 99.00, 99.00, 100.00, 100.00
  25 , cassandra_Tran_Gauss ,    9900  ,     0 (               |             *),99.00, 99.00, 99.00, 99.00, 99.00
  25 , cassandra_Log ,    9900  ,   200 (               |             *),98.00, 98.00, 99.00, 100.00, 100.00
  25 , derby_Und_Tran_Gauss ,    9900  ,     0 (               |             *),99.00, 99.00, 99.00, 99.00, 99.00
  25 , openjpa_Und_Tran_Gauss ,    9900  ,     0 (               |             *),99.00, 99.00, 99.00, 99.00, 99.00
  25 , felix_Und_Gauss ,    9900  ,     0 (               |             *),99.00, 99.00, 99.00, 99.00, 100.00
  25 , accumulo_Und_Tran_Log ,    9900  ,     0 (               |             *),99.00, 99.00, 99.00, 99.00, 99.00
  25 , derby_GL_Tran_Gauss ,    9900  ,     0 (               |             *),99.00, 99.00, 99.00, 99.00, 99.00
  25 , derby_Und_GL_Tran_Log ,    9900  ,     0 (               |             *),99.00, 99.00, 99.00, 99.00, 99.00
  25 ,    pig_Gauss ,    9900  ,   100 (               |             *),98.00, 99.00, 99.00, 100.00, 100.00
  25 , derby_GL_Gauss ,    9900  ,   300 (               |             *),97.00, 98.00, 99.00, 100.00, 100.00
  25 , accumulo_Und_Tran_Gauss ,    9900  ,     0 (               |             *),99.00, 99.00, 99.00, 99.00, 99.00
  25 , wicket_Tran_Gauss ,    9900  ,     0 (               |             *),99.00, 99.00, 99.00, 99.00, 99.00
  25 ,     hive_Log ,    10000  ,   100 (               |             *),98.00, 100.00, 100.00, 100.00, 100.00
  25 , cassandra_Und_GL_Tran_Gauss ,    10000  ,     0 (               |             *),100.00, 100.00, 100.00, 100.00, 100.00
  25 , openjpa_GL_Gauss ,    10000  ,   700 (               |             *),91.00, 93.00, 100.00, 100.00, 100.00
  25 , bookkeeper_Gauss ,    10000  ,     0 (               |             *),100.00, 100.00, 100.00, 100.00, 100.00
  25 , xerces2_Und_Tran_KNN1 ,    10000  ,     0 (               |             *),99.00, 100.00, 100.00, 100.00, 100.00
  25 , hive_Und_GL_Tran_Log ,    10000  ,     0 (               |             *),100.00, 100.00, 100.00, 100.00, 100.00
  25 , wicket_Tran_Log ,    10000  ,     0 (               |             *),100.00, 100.00, 100.00, 100.00, 100.00
  25 , camel_Tran_Gauss ,    10000  ,     0 (               |             *),100.00, 100.00, 100.00, 100.00, 100.00
  25 , pig_Und_Tran_Gauss ,    10000  ,     0 (               |             *),100.00, 100.00, 100.00, 100.00, 100.00
  25 ,    derby_Log ,    10000  ,   100 (               |             *),97.00, 99.00, 100.00, 100.00, 100.00
  25 , bookkeeper_Und_Gauss ,    10000  ,   100 (               |       ------*),80.00, 100.00, 100.00, 100.00, 100.00
  25 , felix_Und_Tran_Log ,    10000  ,     0 (               |             *),100.00, 100.00, 100.00, 100.00, 100.00
  25 , poi2_Und_GL_Log ,    10000  ,     0 (               |             *),98.00, 100.00, 100.00, 100.00, 100.00
  25 , felix_Tran_Log ,    10000  ,     0 (               |             *),100.00, 100.00, 100.00, 100.00, 100.00
  25 , cassandra_Tran_Log ,    10000  ,     0 (               |             *),100.00, 100.00, 100.00, 100.00, 100.00
  25 , hive_GL_Tran_Log ,    10000  ,     0 (               |             *),100.00, 100.00, 100.00, 100.00, 100.00
  25 , cxf_Tran_Log ,    10000  ,     0 (               |             *),100.00, 100.00, 100.00, 100.00, 100.00
  25 , derby_Tran_Log ,    10000  ,     0 (               |             *),100.00, 100.00, 100.00, 100.00, 100.00
  25 ,      cxf_Log ,    10000  ,     0 (               |             *),97.00, 100.00, 100.00, 100.00, 100.00
  25 , camel_Tran_Log ,    10000  ,     0 (               |             *),100.00, 100.00, 100.00, 100.00, 100.00
  25 , pig_Tran_Gauss ,    10000  ,     0 (               |             *),100.00, 100.00, 100.00, 100.00, 100.00
  25 , cxf_Tran_Gauss ,    10000  ,     0 (               |             *),100.00, 100.00, 100.00, 100.00, 100.00
  25 ,    cxf_Gauss ,    10000  ,   100 (               |             *),99.00, 99.00, 100.00, 100.00, 100.00
  25 , cassandra_Und_Tran_Log ,    10000  ,     0 (               |             *),100.00, 100.00, 100.00, 100.00, 100.00
  25 , camel_GL_Tran_Log ,    10000  ,     0 (               |             *),100.00, 100.00, 100.00, 100.00, 100.00
  25 , cassandra_Und_GL_Tran_Log ,    10000  ,     0 (               |             *),100.00, 100.00, 100.00, 100.00, 100.00
  25 , hive_Und_Tran_Log ,    10000  ,     0 (               |             *),100.00, 100.00, 100.00, 100.00, 100.00
  25 , bookkeeper_Tran_Log ,    10000  ,     0 (               |             *),100.00, 100.00, 100.00, 100.00, 100.00
  25 , openjpa_Und_Tran_Log ,    10000  ,     0 (               |             *),100.00, 100.00, 100.00, 100.00, 100.00
  25 , berek2_Und_Gauss ,    10000  ,     0 (               |       ------*),80.00, 100.00, 100.00, 100.00, 100.00
  25 ,    camel_Log ,    10000  ,     0 (               |             *),98.00, 100.00, 100.00, 100.00, 100.00
  25 , felix_GL_Tran_Gauss ,    10000  ,     0 (               |             *),100.00, 100.00, 100.00, 100.00, 100.00
  25 , hive_Tran_Gauss ,    10000  ,     0 (               |             *),100.00, 100.00, 100.00, 100.00, 100.00
  25 , accumulo_Und_Gauss ,    10000  ,     0 (               |             *),99.00, 100.00, 100.00, 100.00, 100.00
  25 , cxf_Und_Tran_Gauss ,    10000  ,     0 (               |             *),100.00, 100.00, 100.00, 100.00, 100.00
  25 , berek2_Und_GL_Log ,    10000  ,  1400 (               |      ---    *),75.00, 86.00, 100.00, 100.00, 100.00
  25 , wicket_GL_Tran_Log ,    10000  ,     0 (               |             *),100.00, 100.00, 100.00, 100.00, 100.00
  25 , openjpa_GL_Tran_Gauss ,    10000  ,     0 (               |             *),100.00, 100.00, 100.00, 100.00, 100.00
  25 , hive_Tran_Log ,    10000  ,     0 (               |             *),100.00, 100.00, 100.00, 100.00, 100.00
  25 ,  openjpa_Log ,    10000  ,     0 (               |             *),100.00, 100.00, 100.00, 100.00, 100.00
  25 , bookkeeper_Log ,    10000  ,     0 (               |           --*),92.00, 100.00, 100.00, 100.00, 100.00
  25 , berek2_Und_GL_Gauss ,    10000  ,  1400 (               |    -----    *),67.00, 86.00, 100.00, 100.00, 100.00
  25 , bookkeeper_GL_Tran_Gauss ,    10000  ,     0 (               |             *),100.00, 100.00, 100.00, 100.00, 100.00
  25 , xerces2_Und_GL_Tran_KNN1 ,    10000  ,     0 (               |             *),98.00, 100.00, 100.00, 100.00, 100.00
  25 , berek2_Und_Tran_KNN5 ,    10000  ,  1100 (               |    ---------*),67.00, 100.00, 100.00, 100.00, 100.00
  25 , berek2_Und_Tran_KNN3 ,    10000  ,     0 (               |    ---------*),67.00, 100.00, 100.00, 100.00, 100.00
  25 , berek2_Und_Tran_KNN1 ,    10000  ,     0 (               |         ----*),86.00, 100.00, 100.00, 100.00, 100.00
  25 , cassandra_Gauss ,    10000  ,   100 (               |             *),99.00, 99.00, 100.00, 100.00, 100.00
  25 , openjpa_Und_GL_Tran_Log ,    10000  ,     0 (               |             *),100.00, 100.00, 100.00, 100.00, 100.00
  25 , bookkeeper_GL_Gauss ,    10000  ,     0 (               |         ----*),86.00, 100.00, 100.00, 100.00, 100.00
  25 ,    felix_Log ,    10000  ,   200 (               |             *),97.00, 98.00, 100.00, 100.00, 100.00
  25 , felix_Tran_Gauss ,    10000  ,     0 (               |             *),100.00, 100.00, 100.00, 100.00, 100.00
  25 , felix_Und_GL_Tran_Log ,    10000  ,     0 (               |             *),100.00, 100.00, 100.00, 100.00, 100.00
  25 , hive_Und_Gauss ,    10000  ,   100 (               |             *),99.00, 99.00, 100.00, 100.00, 100.00
  25 , accumulo_Gauss ,    10000  ,   100 (               |             *),99.00, 99.00, 100.00, 100.00, 100.00
  25 , camel_GL_Tran_Gauss ,    10000  ,     0 (               |             *),100.00, 100.00, 100.00, 100.00, 100.00
  25 , berek2_GL_Tran_KNN10 ,    10000  ,  2000 (               |    ---      *),67.00, 80.00, 100.00, 100.00, 100.00
  25 , berek2_Und_GL_Tran_KNN1 ,    10000  ,   900 (               |       ------*),80.00, 100.00, 100.00, 100.00, 100.00
  25 , berek2_Und_GL_Tran_KNN3 ,    10000  ,  1100 (               |      -------*),75.00, 100.00, 100.00, 100.00, 100.00
  25 , berek2_Und_GL_Tran_KNN5 ,    10000  ,  2000 (               |    ---      *),67.00, 80.00, 100.00, 100.00, 100.00
  25 , felix_GL_Tran_Log ,    10000  ,     0 (               |             *),100.00, 100.00, 100.00, 100.00, 100.00
  25 , openjpa_GL_Tran_Log ,    10000  ,     0 (               |             *),100.00, 100.00, 100.00, 100.00, 100.00
  25 , poi2_Und_GL_Tran_KNN1 ,    10000  ,     0 (               |             *),99.00, 100.00, 100.00, 100.00, 100.00
  25 , wicket_Und_GL_Tran_Log ,    10000  ,     0 (               |             *),100.00, 100.00, 100.00, 100.00, 100.00
  25 , accumulo_GL_Tran_Gauss ,    10000  ,     0 (               |             *),100.00, 100.00, 100.00, 100.00, 100.00
  25 , camel_Und_Gauss ,    10000  ,     0 (               |             *),99.00, 100.00, 100.00, 100.00, 100.00
  25 , log4j2_Und_GL_Gauss ,    10000  ,     0 (               |             *),99.00, 100.00, 100.00, 100.00, 100.00
  25 , cxf_GL_Tran_Gauss ,    10000  ,     0 (               |             *),100.00, 100.00, 100.00, 100.00, 100.00
  25 , log4j2_Und_GL_Tran_KNN1 ,    10000  ,     0 (               |             *),100.00, 100.00, 100.00, 100.00, 100.00
  25 , poi2_Und_Tran_KNN1 ,    10000  ,     0 (               |             *),98.00, 100.00, 100.00, 100.00, 100.00
  25 , cxf_GL_Tran_Log ,    10000  ,     0 (               |             *),100.00, 100.00, 100.00, 100.00, 100.00
  25 ,   wicket_Log ,    10000  ,   200 (               |             *),98.00, 100.00, 100.00, 100.00, 100.00
  25 , cassandra_GL_Tran_Log ,    10000  ,     0 (               |             *),100.00, 100.00, 100.00, 100.00, 100.00
  25 , cassandra_GL_Tran_Gauss ,    10000  ,     0 (               |             *),100.00, 100.00, 100.00, 100.00, 100.00
  25 , openjpa_GL_Log ,    10000  ,   800 (               |         --  *),86.00, 93.00, 100.00, 100.00, 100.00
  25 , accumulo_Log ,    10000  ,     0 (               |            -*),95.00, 100.00, 100.00, 100.00, 100.00
  25 , wicket_GL_Gauss ,    10000  ,   300 (               |            -*),94.00, 97.00, 100.00, 100.00, 100.00
  25 , openjpa_Und_GL_Tran_Gauss ,    10000  ,     0 (               |             *),100.00, 100.00, 100.00, 100.00, 100.00
  25 , wicket_Gauss ,    10000  ,   100 (               |             *),99.00, 99.00, 100.00, 100.00, 100.00
  25 , camel_Und_Tran_Gauss ,    10000  ,     0 (               |             *),100.00, 100.00, 100.00, 100.00, 100.00
  25 , openjpa_Tran_Gauss ,    10000  ,     0 (               |             *),100.00, 100.00, 100.00, 100.00, 100.00
  25 , berek2_Und_Log ,    10000  ,  1100 (               |       ------*),77.00, 100.00, 100.00, 100.00, 100.00
  25 , cxf_Und_GL_Tran_Log ,    10000  ,     0 (               |             *),100.00, 100.00, 100.00, 100.00, 100.00
  25 , cxf_Und_Tran_Log ,    10000  ,     0 (               |             *),100.00, 100.00, 100.00, 100.00, 100.00
  25 , wicket_GL_Tran_Gauss ,    10000  ,     0 (               |             *),100.00, 100.00, 100.00, 100.00, 100.00
  25 , cassandra_Und_Log ,    10000  ,   200 (               |             *),97.00, 98.00, 100.00, 100.00, 100.00
  25 , hive_GL_Tran_Gauss ,    10000  ,     0 (               |             *),100.00, 100.00, 100.00, 100.00, 100.00
  25 , log4j2_Und_GL_Log ,    10000  ,     0 (               |             *),100.00, 100.00, 100.00, 100.00, 100.00
  25 , openjpa_Tran_Log ,    10000  ,     0 (               |             *),100.00, 100.00, 100.00, 100.00, 100.00
  25 , lucene2_Und_GL_Tran_KNN1 ,    10000  ,     0 (               |             *),100.00, 100.00, 100.00, 100.00, 100.00
  25 , pig_Und_Gauss ,    10000  ,   200 (           ----|-------------*),40.00, 98.00, 100.00, 100.00, 100.00
  25 , lucene2_Und_GL_Log ,    10000  ,     0 (               |             *),100.00, 100.00, 100.00, 100.00, 100.00
  25 , wicket_Und_Tran_Log ,    10000  ,     0 (               |             *),100.00, 100.00, 100.00, 100.00, 100.00
  25 , wicket_Und_Gauss ,    10000  ,   100 (               |             *),99.00, 100.00, 100.00, 100.00, 100.00
  25 , lucene2_Und_Tran_KNN1 ,    10000  ,     0 (               |             *),100.00, 100.00, 100.00, 100.00, 100.00
  25 ,   hive_Gauss ,    10000  ,   100 (               |             *),99.00, 99.00, 100.00, 100.00, 100.00
  25 , cxf_Und_Gauss ,    10000  ,   100 (               |             *),98.00, 99.00, 100.00, 100.00, 100.00
  25 , openjpa_Gauss ,    10000  ,     0 (               |             *),99.00, 100.00, 100.00, 100.00, 100.00
  25 , hive_Und_GL_Tran_Gauss ,    10000  ,     0 (               |             *),100.00, 100.00, 100.00, 100.00, 100.00
  25 , pig_GL_Tran_Gauss ,    10000  ,     0 (               |             *),100.00, 100.00, 100.00, 100.00, 100.00
  25 , cassandra_Und_Tran_Gauss ,    10000  ,     0 (               |             *),100.00, 100.00, 100.00, 100.00, 100.00
  25 , camel_Und_Tran_Log ,    10000  ,     0 (               |             *),100.00, 100.00, 100.00, 100.00, 100.00
  25 , bookkeeper_Und_Tran_Log ,    10000  ,     0 (               |             *),100.00, 100.00, 100.00, 100.00, 100.00
  25 ,  cxf_Und_Log ,    10000  ,   200 (               |            -*),94.00, 99.00, 100.00, 100.00, 100.00
  25 , berek2_Tran_KNN10 ,    10000  ,  2000 (               |    -----    *),67.00, 86.00, 100.00, 100.00, 100.00
  25 , log4j2_Und_Tran_KNN1 ,    10000  ,     0 (               |             *),100.00, 100.00, 100.00, 100.00, 100.00
