rank ,         name ,    med   ,  iqr 
----------------------------------------------------
   1 , log4j2_Und_Tran_KNN10 ,     700  ,   500 ( *             |              ), 5.00,  5.00,  7.00, 10.00, 10.00
   1 , log4j2_Und_GL_Tran_KNN5 ,     700  ,   300 (-*-------      |              ), 2.00,  7.00,  7.00,  9.00, 32.00
   1 , log4j2_GL_Tran_KNN5 ,     700  ,   500 (-*-            |              ), 5.00,  7.00,  7.00, 10.00, 12.00
   1 , log4j2_Und_GL_Tran_KNN10 ,     700  ,   200 ( *             |              ), 2.00,  5.00,  7.00,  7.00, 10.00
   1 , log4j2_Und_GL_Tran_KNN3 ,     700  ,  2500 (-*      ---    |              ), 4.00,  7.00,  7.00, 31.00, 39.00
   1 , log4j2_Tran_KNN5 ,     700  ,   300 (-*-            |              ), 4.00,  7.00,  7.00, 10.00, 12.00
   1 , log4j2_GL_Tran_KNN10 ,     700  ,   500 ( *-            |              ), 5.00,  5.00,  7.00, 10.00, 12.00
   1 , log4j2_Tran_KNN10 ,     700  ,   500 (-*-            |              ), 2.00,  7.00,  7.00, 10.00, 12.00
   1 , log4j2_Und_Tran_KNN5 ,     700  ,   500 ( *--           |              ), 5.00,  5.00,  7.00, 10.00, 17.00
   1 , log4j2_Tran_Log ,     800  ,     0 ( *             |              ), 8.00,  8.00,  8.00,  8.00,  8.00
   1 , log4j2_Tran_KNN3 ,     900  ,   500 (- *            |              ), 5.00,  7.00,  9.00, 12.00, 15.00
   1 , log4j2_GL_Tran_KNN3 ,    1000  ,   500 (--*            |              ), 5.00,  9.00, 10.00, 12.00, 15.00
   1 , log4j2_GL_Gauss ,    1000  ,   800 (--*------------|              ), 5.00,  9.00, 10.00, 12.00, 52.00
   2 , log4j2_Und_Tran_KNN3 ,    1200  ,  3400 (   *       ----|              ), 5.00,  5.00, 12.00, 39.00, 53.00
   2 ,   log4j2_Log ,    1400  ,  2600 (-  *     ---   |              ), 5.00,  7.00, 14.00, 33.00, 43.00
   2 , log4j2_GL_Log ,    1600  ,  2400 (  - *    --    |              ), 9.00, 12.00, 16.00, 33.00, 41.00
   2 , log4j2_GL_Tran_KNN1 ,    1800  ,   700 (  - *----      |              ),10.00, 15.00, 18.00, 21.00, 33.00
   2 , log4j2_Tran_KNN1 ,    1800  ,  1400 (   -*----------|----------    ),14.00, 16.00, 18.00, 21.00, 90.00
   2 , log4j2_GL_Tran_Log ,    2300  ,     0 (      *        |              ),23.00, 23.00, 23.00, 23.00, 23.00
   2 , log4j2_Und_Tran_Log ,    2400  ,     0 (      *        |              ),24.00, 24.00, 24.00, 24.00, 24.00
   2 , xerces2_Tran_Log ,    3000  ,     0 (        *      |              ),30.00, 30.00, 30.00, 30.00, 30.00
   3 , xerces2_Und_GL_Tran_Gauss ,    3400  ,     0 (         *     |              ),34.00, 34.00, 34.00, 34.00, 34.00
   3 , elearning2_Und_GL_Tran_Gauss ,    3500  ,     0 (          *    |              ),35.00, 35.00, 35.00, 35.00, 35.00
   3 , poi2_Und_Tran_Gauss ,    3600  ,     0 (          *    |              ),36.00, 36.00, 36.00, 36.00, 36.00
   3 , xerces2_Und_Tran_Log ,    3800  ,     0 (           *   |              ),38.00, 38.00, 38.00, 38.00, 38.00
   4 , xerces2_GL_Tran_Log ,    3900  ,     0 (           *   |              ),39.00, 39.00, 39.00, 39.00, 39.00
   4 , poi2_Tran_Log ,    4000  ,     0 (           *   |              ),40.00, 40.00, 40.00, 40.00, 40.00
   4 , log4j2_Und_GL_Tran_Log ,    4000  ,     0 (           *   |              ),40.00, 40.00, 40.00, 40.00, 40.00
   4 , xerces2_GL_Tran_Gauss ,    4100  ,     0 (           *   |              ),41.00, 41.00, 41.00, 41.00, 41.00
   5 , poi2_Und_GL_Tran_Gauss ,    4200  ,     0 (            *  |              ),42.00, 42.00, 42.00, 42.00, 42.00
   5 , lucene2_Und_GL_Tran_Log ,    4300  ,     0 (            *  |              ),43.00, 43.00, 43.00, 43.00, 43.00
   5 , poi2_GL_Tran_Gauss ,    4400  ,     0 (            *  |              ),44.00, 44.00, 44.00, 44.00, 44.00
   5 , log4j2_Und_Log ,    4400  ,  2600 (  --------  *  |------------- ), 9.00, 36.00, 44.00, 53.00, 99.00
   5 , lucene2_GL_Tran_Log ,    4600  ,     0 (             * |              ),46.00, 46.00, 46.00, 46.00, 46.00
   5 , lucene2_GL_Tran_Gauss ,    4600  ,     0 (             * |              ),46.00, 46.00, 46.00, 46.00, 46.00
   5 , lucene2_Und_GL_Tran_Gauss ,    4700  ,     0 (             * |              ),47.00, 47.00, 47.00, 47.00, 47.00
   5 , lucene2_Tran_Log ,    4700  ,     0 (             * |              ),47.00, 47.00, 47.00, 47.00, 47.00
   5 , lucene2_Und_Tran_Gauss ,    4700  ,     0 (             * |              ),47.00, 47.00, 47.00, 47.00, 47.00
   5 , log4j2_Und_GL_Tran_Gauss ,    4900  ,     0 (              *|              ),49.00, 49.00, 49.00, 49.00, 49.00
   5 , poi2_GL_Tran_Log ,    4900  ,     0 (              *|              ),49.00, 49.00, 49.00, 49.00, 49.00
   5 , poi2_Tran_Gauss ,    4900  ,     0 (              *|              ),49.00, 49.00, 49.00, 49.00, 49.00
   5 , ant2_GL_Tran_Gauss ,    5000  ,     0 (              *|              ),50.00, 50.00, 50.00, 50.00, 50.00
   5 , elearning2_GL_Tran_Gauss ,    5000  ,     0 (              *|              ),50.00, 50.00, 50.00, 50.00, 50.00
   5 , ant2_Und_GL_Tran_Gauss ,    5000  ,     0 (              *|              ),50.00, 50.00, 50.00, 50.00, 50.00
   5 , poi2_Und_GL_Tran_Log ,    5100  ,     0 (              *|              ),51.00, 51.00, 51.00, 51.00, 51.00
   5 , synapse2_GL_Tran_Gauss ,    5100  ,     0 (              *|              ),51.00, 51.00, 51.00, 51.00, 51.00
   5 , poi2_Und_Tran_Log ,    5100  ,     0 (              *|              ),51.00, 51.00, 51.00, 51.00, 51.00
   5 , xerces2_Und_GL_Tran_Log ,    5200  ,     0 (               *              ),52.00, 52.00, 52.00, 52.00, 52.00
   5 , cm1_Und_GL_Tran_Log ,    5200  ,     0 (               *              ),52.00, 52.00, 52.00, 52.00, 52.00
   5 , camel2_Und_GL_Tran_Gauss ,    5200  ,     0 (               *              ),52.00, 52.00, 52.00, 52.00, 52.00
   5 , xerces2_GL_Gauss ,    5300  ,   700 (            -- *-             ),43.00, 49.00, 53.00, 55.00, 58.00
   5 , camel2_GL_Tran_Gauss ,    5300  ,     0 (               *              ),53.00, 53.00, 53.00, 53.00, 53.00
   5 , log4j2_GL_Tran_Gauss ,    5300  ,     0 (               *              ),53.00, 53.00, 53.00, 53.00, 53.00
   6 , log4j2_Und_Tran_Gauss ,    5400  ,     0 (               *              ),54.00, 54.00, 54.00, 54.00, 54.00
   6 , lucene2_Und_Tran_Log ,    5400  ,     0 (               *              ),54.00, 54.00, 54.00, 54.00, 54.00
   6 , cm1_GL_Tran_Gauss ,    5400  ,     0 (               *              ),54.00, 54.00, 54.00, 54.00, 54.00
   6 , synapse2_Und_GL_Tran_Gauss ,    5400  ,     0 (               *              ),54.00, 54.00, 54.00, 54.00, 54.00
   6 , log4j2_Tran_Gauss ,    5500  ,     0 (               |*             ),55.00, 55.00, 55.00, 55.00, 55.00
   6 , lucene2_GL_Tran_KNN3 ,    5600  ,   600 (               |*-            ),53.00, 55.00, 56.00, 60.00, 64.00
   6 , synapse2_Tran_Gauss ,    5600  ,     0 (               |*             ),56.00, 56.00, 56.00, 56.00, 56.00
   6 , xerces2_Tran_KNN5 ,    5600  ,   700 (             --|* ---         ),46.00, 54.00, 56.00, 61.00, 73.00
   6 , lucene2_Tran_KNN1 ,    5600  ,   600 (               |* -           ),53.00, 55.00, 56.00, 61.00, 67.00
   6 , xerces2_Und_Tran_Gauss ,    5600  ,     0 (               |*             ),56.00, 56.00, 56.00, 56.00, 56.00
   6 , log4j2_Gauss ,    5600  ,  1900 (      ---------|* --------    ),23.00, 52.00, 56.00, 62.00, 89.00
   6 , camel2_GL_Gauss ,    5600  ,   500 (              -|*             ),50.00, 53.00, 56.00, 57.00, 59.00
   6 , lucene2_GL_Gauss ,    5700  ,   800 (              -|*--           ),49.00, 53.00, 57.00, 60.00, 65.00
   6 , xerces2_GL_Tran_KNN5 ,    5700  ,   800 (             --|* -           ),47.00, 55.00, 57.00, 61.00, 66.00
   6 , lucene2_GL_Tran_KNN1 ,    5800  ,   800 (               | *-           ),54.00, 56.00, 58.00, 64.00, 66.00
   6 , synapse2_Und_Tran_Gauss ,    5800  ,     0 (               | *            ),58.00, 58.00, 58.00, 58.00, 58.00
   6 , lucene2_Tran_KNN5 ,    5800  ,   500 (               | *-           ),52.00, 57.00, 58.00, 61.00, 65.00
   6 , lucene2_Tran_KNN3 ,    5800  ,   800 (               | *            ),53.00, 54.00, 58.00, 62.00, 63.00
   6 , jedit2_Und_GL_Tran_KNN1 ,    5800  ,     0 (               | *            ),58.00, 58.00, 58.00, 58.00, 58.00
   6 , berek2_Und_Tran_Gauss ,    5800  ,     0 (               | *            ),58.00, 58.00, 58.00, 58.00, 58.00
   7 , berek2_Und_GL_Tran_Gauss ,    5900  ,     0 (               | *            ),59.00, 59.00, 59.00, 59.00, 59.00
   7 , xerces2_Tran_KNN10 ,    5900  ,  1100 (              -| *---         ),49.00, 54.00, 59.00, 63.00, 73.00
   7 , cm1_Und_Tran_Log ,    5900  ,     0 (               | *            ),59.00, 59.00, 59.00, 59.00, 59.00
   7 , berek2_GL_Tran_Gauss ,    5900  ,     0 (               | *            ),59.00, 59.00, 59.00, 59.00, 59.00
   7 , camel2_Und_GL_Tran_Log ,    5900  ,     0 (               | *            ),59.00, 59.00, 59.00, 59.00, 59.00
   7 , xerces2_Tran_KNN1 ,    5900  ,  1600 (              -| *  -         ),49.00, 54.00, 59.00, 68.00, 71.00
   7 , lucene2_Tran_Gauss ,    6000  ,     0 (               | *            ),60.00, 60.00, 60.00, 60.00, 60.00
   7 , lucene2_GL_Tran_KNN5 ,    6000  ,   600 (               | *            ),53.00, 55.00, 60.00, 60.00, 64.00
   7 , synapse2_Gauss ,    6000  ,   500 (               |-*--          ),55.00, 58.00, 60.00, 63.00, 69.00
   7 , camel2_Und_Gauss ,    6000  ,   700 (               |-*-           ),55.00, 59.00, 60.00, 64.00, 67.00
   7 , cm1_Und_GL_Tran_Gauss ,    6000  ,     0 (               | *            ),60.00, 60.00, 60.00, 60.00, 60.00
   7 , camel2_Tran_Gauss ,    6000  ,     0 (               | *            ),60.00, 60.00, 60.00, 60.00, 60.00
   7 , xerces2_Und_GL_Tran_KNN10 ,    6000  ,  1100 (               | * ---        ),53.00, 57.00, 60.00, 66.00, 75.00
   7 , lucene2_GL_Log ,    6000  ,   600 (               |-*--          ),56.00, 59.00, 60.00, 64.00, 69.00
   7 , xerces2_GL_Tran_KNN3 ,    6000  ,  1100 (               | * -          ),52.00, 57.00, 60.00, 67.00, 70.00
   7 , xerces2_Tran_Gauss ,    6100  ,     0 (               |  *           ),61.00, 61.00, 61.00, 61.00, 61.00
   7 , xerces2_Und_GL_Tran_KNN5 ,    6100  ,  1100 (               |  *---        ),52.00, 57.00, 61.00, 67.00, 75.00
   7 , lucene2_Tran_KNN10 ,    6100  ,   600 (               |- *           ),54.00, 59.00, 61.00, 63.00, 64.00
   7 , jedit2_GL_Tran_Gauss ,    6100  ,     0 (               |  *           ),61.00, 61.00, 61.00, 61.00, 61.00
   7 , lucene2_GL_Tran_KNN10 ,    6100  ,   700 (               |  *           ),54.00, 57.00, 61.00, 62.00, 67.00
   7 , poi2_GL_Gauss ,    6100  ,   900 (               |  *-          ),52.00, 55.00, 61.00, 63.00, 68.00
   7 , synapse2_Und_Tran_Log ,    6100  ,     0 (               |  *           ),61.00, 61.00, 61.00, 61.00, 61.00
   7 , synapse2_GL_Tran_KNN1 ,    6100  ,  1100 (               |  *-          ),52.00, 56.00, 61.00, 67.00, 70.00
   7 , jedit2_Tran_Gauss ,    6200  ,     0 (               |  *           ),62.00, 62.00, 62.00, 62.00, 62.00
   7 , xerces2_GL_Tran_KNN10 ,    6200  ,   900 (               |- *--         ),55.00, 59.00, 62.00, 65.00, 72.00
   7 , pc3_Und_GL_Tran_Gauss ,    6200  ,     0 (               |  *           ),62.00, 62.00, 62.00, 62.00, 62.00
   7 , camel2_GL_Tran_KNN1 ,    6200  ,   900 (               |- *-          ),54.00, 60.00, 62.00, 65.00, 69.00
   7 , synapse2_GL_Gauss ,    6200  ,  1100 (               |- *--         ),54.00, 59.00, 62.00, 67.00, 72.00
   7 , xerces2_GL_Tran_KNN1 ,    6200  ,   700 (               |- *-          ),53.00, 59.00, 62.00, 64.00, 70.00
   7 , pc4_Und_Tran_Log ,    6200  ,     0 (               |  *           ),62.00, 62.00, 62.00, 62.00, 62.00
   8 , camel2_GL_Tran_Log ,    6300  ,     0 (               |  *           ),63.00, 63.00, 63.00, 63.00, 63.00
   8 , xerces2_Und_Tran_KNN5 ,    6300  ,   800 (               | -* ---       ),58.00, 62.00, 63.00, 68.00, 79.00
   8 , xerces2_Tran_KNN3 ,    6300  ,  1400 (             --|  *---        ),46.00, 53.00, 63.00, 65.00, 74.00
   8 , pc4_Und_GL_Tran_Log ,    6300  ,     0 (               |  *           ),63.00, 63.00, 63.00, 63.00, 63.00
   8 , arc2_GL_Tran_Gauss ,    6300  ,     0 (               |  *           ),63.00, 63.00, 63.00, 63.00, 63.00
   8 , camel2_Tran_KNN1 ,    6300  ,   500 (               | -*-          ),58.00, 61.00, 63.00, 66.00, 70.00
   8 , pc3_GL_Tran_Gauss ,    6300  ,     0 (               |  *           ),63.00, 63.00, 63.00, 63.00, 63.00
   8 , synapse2_Und_Gauss ,    6300  ,   700 (               |--*--         ),57.00, 61.00, 63.00, 66.00, 73.00
   8 , cm1_GL_Tran_Log ,    6400  ,     0 (               |  *           ),64.00, 64.00, 64.00, 64.00, 64.00
   8 , ant2_Und_Tran_Gauss ,    6400  ,     0 (               |  *           ),64.00, 64.00, 64.00, 64.00, 64.00
   8 , synapse2_Tran_KNN1 ,    6400  ,  1100 (              -|- *--         ),48.00, 59.00, 64.00, 67.00, 72.00
   8 , poi2_Tran_KNN1 ,    6400  ,   700 (               | -*--         ),58.00, 62.00, 64.00, 66.00, 73.00
   8 , ant2_Und_GL_Tran_Log ,    6400  ,     0 (               |  *           ),64.00, 64.00, 64.00, 64.00, 64.00
   9 , synapse2_Tran_Log ,    6500  ,     0 (               |   *          ),65.00, 65.00, 65.00, 65.00, 65.00
   9 , pc3_Und_GL_Tran_Log ,    6500  ,     0 (               |   *          ),65.00, 65.00, 65.00, 65.00, 65.00
   9 , ant2_GL_Gauss ,    6500  ,   500 (               | - *-         ),59.00, 63.00, 65.00, 68.00, 73.00
   9 , ant2_Tran_Gauss ,    6500  ,     0 (               |   *          ),65.00, 65.00, 65.00, 65.00, 65.00
   9 , lucene2_Und_Tran_KNN5 ,    6500  ,  1100 (               | - * -        ),58.00, 61.00, 65.00, 72.00, 77.00
   9 , jedit2_Und_GL_Tran_Log ,    6500  ,     0 (               |   *          ),65.00, 65.00, 65.00, 65.00, 65.00
   9 , xerces2_Und_Tran_KNN10 ,    6500  ,  1100 (               |-  *-         ),55.00, 58.00, 65.00, 68.00, 72.00
   9 , xerces2_Und_GL_Tran_KNN3 ,    6600  ,  1000 (               |-- * -        ),55.00, 62.00, 66.00, 71.00, 77.00
   9 ,  poi2_GL_Log ,    6600  ,  1100 (               |-- * -        ),55.00, 62.00, 66.00, 72.00, 75.00
   9 , poi2_GL_Tran_KNN1 ,    6600  ,   800 (               | - *--        ),59.00, 61.00, 66.00, 69.00, 74.00
   9 , poi2_GL_Tran_KNN5 ,    6600  ,   700 (               | - *--        ),60.00, 64.00, 66.00, 69.00, 74.00
   9 , ivy2_GL_Tran_Gauss ,    6600  ,     0 (               |   *          ),66.00, 66.00, 66.00, 66.00, 66.00
   9 , synapse2_GL_Log ,    6600  ,   900 (               |-- *-         ),57.00, 61.00, 66.00, 69.00, 73.00
   9 , xerces2_GL_Log ,    6600  ,  1200 (               |-  * -        ),56.00, 60.00, 66.00, 71.00, 76.00
   9 , berek2_Tran_Gauss ,    6600  ,     0 (               |   *          ),66.00, 66.00, 66.00, 66.00, 66.00
   9 , poi2_Tran_KNN3 ,    6600  ,   600 (               |   *-         ),62.00, 64.00, 66.00, 68.00, 72.00
   9 , elearning2_Und_Tran_Gauss ,    6600  ,     0 (               |   *          ),66.00, 66.00, 66.00, 66.00, 66.00
   9 , camel2_Gauss ,    6600  ,   900 (               |-- *--        ),56.00, 62.00, 66.00, 70.00, 74.00
   9 , camel2_GL_Log ,    6600  ,   600 (               | - *-         ),58.00, 63.00, 66.00, 67.00, 73.00
   9 , arc2_Tran_Gauss ,    6600  ,     0 (               |   *          ),66.00, 66.00, 66.00, 66.00, 66.00
  10 , pc1_Und_Tran_Log ,    6700  ,     0 (               |   *          ),67.00, 67.00, 67.00, 67.00, 67.00
  10 , poi2_GL_Tran_KNN3 ,    6700  ,   800 (               | - *--        ),58.00, 63.00, 67.00, 69.00, 76.00
  10 , arc2_Und_Gauss ,    6700  ,  1900 (               |-- *   ---    ),53.00, 64.00, 67.00, 80.00, 90.00
  10 , poi2_Tran_KNN5 ,    6700  ,   700 (               | --* -        ),60.00, 65.00, 67.00, 71.00, 74.00
  10 , camel2_Und_Tran_Gauss ,    6700  ,     0 (               |   *          ),67.00, 67.00, 67.00, 67.00, 67.00
  10 , synapse2_Tran_KNN3 ,    6800  ,   600 (               |  - *--       ),61.00, 66.00, 68.00, 70.00, 78.00
  10 , ivy2_Tran_Gauss ,    6800  ,     0 (               |    *         ),68.00, 68.00, 68.00, 68.00, 68.00
  10 , poi2_GL_Tran_KNN10 ,    6800  ,   600 (               |  - *--       ),62.00, 65.00, 68.00, 71.00, 78.00
  10 , lucene2_Und_GL_Tran_KNN5 ,    6800  ,   900 (               |    *-        ),61.00, 64.00, 68.00, 71.00, 75.00
  10 , camel2_GL_Tran_KNN3 ,    6800  ,   500 (               |  - *         ),63.00, 66.00, 68.00, 70.00, 73.00
  10 , camel2_Tran_KNN3 ,    6800  ,   900 (               | -- *-        ),60.00, 67.00, 68.00, 69.00, 75.00
  10 , jedit2_Und_Tran_Gauss ,    6800  ,     0 (               |    *         ),68.00, 68.00, 68.00, 68.00, 68.00
  10 , lucene2_Und_GL_Tran_KNN10 ,    6900  ,   700 (               | -- *-        ),58.00, 65.00, 69.00, 71.00, 74.00
  10 , pc1_Und_GL_Tran_Log ,    6900  ,     0 (               |    *         ),69.00, 69.00, 69.00, 69.00, 69.00
  10 , poi2_Tran_KNN10 ,    6900  ,   400 (               |  - *-        ),62.00, 67.00, 69.00, 71.00, 74.00
  10 , lucene2_Und_Tran_KNN10 ,    6900  ,   900 (               | -  *-        ),59.00, 63.00, 69.00, 71.00, 76.00
  10 , jedit2_GL_Tran_Log ,    6900  ,     0 (               |    *         ),69.00, 69.00, 69.00, 69.00, 69.00
  10 , log4j2_Und_Gauss ,    6900  ,  3800 (          -----|    *      -  ),36.00, 56.00, 69.00, 91.00, 96.00
  10 ,   arc2_Gauss ,    6900  ,  1200 (               |-   *-        ),52.00, 60.00, 69.00, 71.00, 74.00
  10 , synapse2_GL_Tran_KNN3 ,    6900  ,   900 (               |    *-        ),61.00, 64.00, 69.00, 73.00, 77.00
  10 , synapse2_Und_GL_Tran_Log ,    6900  ,     0 (               |    *         ),69.00, 69.00, 69.00, 69.00, 69.00
  10 , arc2_Und_GL_Tran_Gauss ,    6900  ,     0 (               |    *         ),69.00, 69.00, 69.00, 69.00, 69.00
  11 , xerces2_Und_Tran_KNN3 ,    7000  ,   800 (               |  - * -       ),61.00, 66.00, 70.00, 74.00, 79.00
  11 ,     poi2_Log ,    7000  ,   800 (               |  - *-        ),62.00, 67.00, 70.00, 73.00, 77.00
  11 , pc1_GL_Tran_Gauss ,    7000  ,     0 (               |    *         ),70.00, 70.00, 70.00, 70.00, 70.00
  11 , pc1_Und_GL_Tran_Gauss ,    7000  ,     0 (               |    *         ),70.00, 70.00, 70.00, 70.00, 70.00
  11 , ivy2_Und_GL_Tran_Log ,    7000  ,     0 (               |    *         ),70.00, 70.00, 70.00, 70.00, 70.00
  11 , xerces2_Und_GL_Gauss ,    7000  ,  1400 (               |--  * --      ),57.00, 63.00, 70.00, 75.00, 83.00
  11 , pc4_Und_GL_Tran_Gauss ,    7000  ,     0 (               |    *         ),70.00, 70.00, 70.00, 70.00, 70.00
  11 , ivy2_Und_GL_Tran_Gauss ,    7000  ,     0 (               |    *         ),70.00, 70.00, 70.00, 70.00, 70.00
  11 , ant2_GL_Tran_Log ,    7000  ,     0 (               |    *         ),70.00, 70.00, 70.00, 70.00, 70.00
  11 , poi2_Und_GL_Gauss ,    7000  ,   600 (               |  - *---      ),61.00, 67.00, 70.00, 73.00, 81.00
  11 , pc3_Und_Tran_Log ,    7100  ,     0 (               |     *        ),71.00, 71.00, 71.00, 71.00, 71.00
  11 , synapse2_Tran_KNN5 ,    7100  ,   900 (               |  -  *-       ),64.00, 66.00, 71.00, 73.00, 78.00
  11 ,   ant2_Gauss ,    7100  ,   600 (               |   - *        ),65.00, 69.00, 71.00, 72.00, 76.00
  11 , elearning2_Tran_Gauss ,    7100  ,     0 (               |     *        ),71.00, 71.00, 71.00, 71.00, 71.00
  11 ,   poi2_Gauss ,    7100  ,  1200 (               |  -  *-       ),61.00, 65.00, 71.00, 76.00, 78.00
  11 , camel2_Tran_KNN5 ,    7100  ,   600 (               |   - *-       ),66.00, 69.00, 71.00, 73.00, 78.00
  11 , synapse2_Tran_KNN10 ,    7100  ,   600 (               |  -  *        ),61.00, 67.00, 71.00, 73.00, 75.00
  11 ,  xerces2_Log ,    7100  ,   800 (               |  -- *--      ),64.00, 68.00, 71.00, 75.00, 82.00
  11 , synapse2_GL_Tran_Log ,    7100  ,     0 (               |     *        ),71.00, 71.00, 71.00, 71.00, 71.00
  11 , synapse2_GL_Tran_KNN10 ,    7200  ,   400 (               |---- *-       ),54.00, 69.00, 72.00, 73.00, 78.00
  11 , lucene2_Und_Gauss ,    7200  ,   400 (               |   - *        ),66.00, 70.00, 72.00, 73.00, 76.00
  11 , camel2_Und_Tran_Log ,    7200  ,     0 (               |     *        ),72.00, 72.00, 72.00, 72.00, 72.00
  11 ,   cm1_GL_Log ,    7200  ,  1100 (               | --  *-       ),59.00, 66.00, 72.00, 76.00, 80.00
  11 , pc3_GL_Gauss ,    7200  ,   700 (               |    -*-       ),68.00, 71.00, 72.00, 77.00, 79.00
  11 , pc4_GL_Tran_Gauss ,    7200  ,     0 (               |     *        ),72.00, 72.00, 72.00, 72.00, 72.00
  11 , elearning2_Gauss ,    7200  ,  2500 (           ----|--   *  --    ),40.00, 63.00, 72.00, 82.00, 90.00
  11 , elearning2_GL_Log ,    7300  ,  1500 (               | --  *  --    ),58.00, 67.00, 73.00, 82.00, 90.00
  11 , jedit2_Und_GL_Tran_Gauss ,    7200  ,     0 (               |     *        ),72.00, 72.00, 72.00, 72.00, 72.00
  11 , ivy2_GL_Tran_Log ,    7200  ,     0 (               |     *        ),72.00, 72.00, 72.00, 72.00, 72.00
  11 ,  ant2_GL_Log ,    7200  ,   600 (               |   - *-       ),67.00, 70.00, 72.00, 75.00, 78.00
  11 , poi2_Und_Tran_KNN10 ,    7200  ,   900 (               |   - *--      ),65.00, 70.00, 72.00, 77.00, 82.00
  11 , synapse2_GL_Tran_KNN5 ,    7200  ,   900 (               | --  *-       ),60.00, 67.00, 72.00, 74.00, 78.00
  12 , cm1_Tran_Gauss ,    7300  ,     0 (               |     *        ),73.00, 73.00, 73.00, 73.00, 73.00
  12 , jedit2_Und_Tran_Log ,    7300  ,     0 (               |     *        ),73.00, 73.00, 73.00, 73.00, 73.00
  12 , synapse2_Log ,    7300  ,   700 (               |   - *-       ),65.00, 70.00, 73.00, 75.00, 79.00
  12 , lucene2_Und_GL_Gauss ,    7300  ,  1200 (               |   - * --     ),65.00, 68.00, 73.00, 80.00, 84.00
  12 , pc4_GL_Tran_KNN1 ,    7300  ,   500 (               |     *-       ),71.00, 72.00, 73.00, 77.00, 79.00
  12 , cm1_Und_Tran_Gauss ,    7300  ,     0 (               |     *        ),73.00, 73.00, 73.00, 73.00, 73.00
  12 , arc2_Und_GL_Tran_Log ,    7300  ,     0 (               |     *        ),73.00, 73.00, 73.00, 73.00, 73.00
  12 , elearning2_Log ,    7300  ,  1600 (               |---  *  --    ),53.00, 67.00, 73.00, 82.00, 90.00
  12 , poi2_Und_Tran_KNN5 ,    7300  ,   800 (               |   - *--      ),66.00, 70.00, 73.00, 75.00, 82.00
  12 , pc1_Tran_Gauss ,    7300  ,     0 (               |     *        ),73.00, 73.00, 73.00, 73.00, 73.00
  12 ,  lucene2_Log ,    7400  ,   900 (               |  --  *-      ),64.00, 70.00, 74.00, 78.00, 81.00
  12 , camel2_Tran_Log ,    7400  ,     0 (               |      *       ),74.00, 74.00, 74.00, 74.00, 74.00
  12 , ant2_Und_Gauss ,    7400  ,   700 (               |    - *-      ),68.00, 72.00, 74.00, 78.00, 81.00
  12 , camel2_GL_Tran_KNN5 ,    7400  ,   400 (               |    - *       ),69.00, 72.00, 74.00, 76.00, 77.00
  12 , lucene2_Und_GL_Tran_KNN3 ,    7400  ,  1100 (               |    - *--     ),68.00, 71.00, 74.00, 80.00, 85.00
  12 , poi2_Und_GL_Tran_KNN5 ,    7400  ,  1000 (               |   -  *-      ),67.00, 70.00, 74.00, 76.00, 82.00
  12 , cm1_Tran_KNN1 ,    7400  ,   900 (               |   -- *-      ),66.00, 71.00, 74.00, 79.00, 83.00
  12 , lucene2_Gauss ,    7400  ,   500 (               |   -- *-      ),65.00, 71.00, 74.00, 76.00, 81.00
  12 , ant2_Tran_KNN1 ,    7400  ,   600 (               |    - *       ),69.00, 72.00, 74.00, 76.00, 79.00
  12 , lucene2_Und_Tran_KNN3 ,    7400  ,   800 (               |    - *-      ),69.00, 72.00, 74.00, 77.00, 82.00
  12 , synapse2_Und_Tran_KNN10 ,    7400  ,   700 (               |  --- *--     ),64.00, 73.00, 74.00, 76.00, 84.00
  12 , pc4_Tran_KNN1 ,    7400  ,   600 (               |    - *       ),69.00, 71.00, 74.00, 77.00, 80.00
  12 , camel2_Und_Tran_KNN3 ,    7500  ,   500 (               |      *-      ),71.00, 73.00, 75.00, 77.00, 81.00
  12 , pc3_GL_Tran_KNN1 ,    7500  ,   300 (               |     -*       ),72.00, 74.00, 75.00, 76.00, 78.00
  12 , pc4_Und_Tran_Gauss ,    7500  ,     0 (               |      *       ),75.00, 75.00, 75.00, 75.00, 75.00
  12 , pc3_Tran_KNN1 ,    7500  ,   400 (               |      *       ),72.00, 73.00, 75.00, 77.00, 79.00
  12 , elearning2_Und_Log ,    7300  ,  2400 (              -|-      *--    ),49.00, 60.00, 78.00, 82.00, 90.00
  12 , ant2_Und_Tran_Log ,    7500  ,     0 (               |      *       ),75.00, 75.00, 75.00, 75.00, 75.00
  12 , pc3_Und_Gauss ,    7500  ,   800 (               |    - *-      ),69.00, 73.00, 75.00, 78.00, 83.00
  12 , camel2_Und_GL_Gauss ,    7500  ,   600 (               |   -- *       ),67.00, 72.00, 75.00, 77.00, 80.00
  12 , camel2_Und_Tran_KNN5 ,    7500  ,   400 (               |    --*       ),70.00, 74.00, 75.00, 77.00, 79.00
  12 , pc4_GL_Tran_Log ,    7500  ,     0 (               |      *       ),75.00, 75.00, 75.00, 75.00, 75.00
  12 , ivy2_Und_Gauss ,    7500  ,  1200 (               |  --- * --    ),64.00, 71.00, 75.00, 81.00, 88.00
  12 , arc2_Tran_KNN1 ,    7500  ,  1700 (               |  --  * --    ),62.00, 69.00, 75.00, 81.00, 87.00
  12 , cm1_Tran_Log ,    7500  ,     0 (               |      *       ),75.00, 75.00, 75.00, 75.00, 75.00
  12 , cm1_Tran_KNN3 ,    7500  ,   800 (               |    - *-      ),68.00, 72.00, 75.00, 78.00, 82.00
  12 ,  arc2_GL_Log ,    7500  ,  1200 (               |   -  *-      ),65.00, 69.00, 75.00, 80.00, 83.00
  13 ,   ivy2_Gauss ,    7600  ,   600 (               |    - *-      ),69.00, 73.00, 76.00, 77.00, 82.00
  13 , pc1_Und_Tran_Gauss ,    7600  ,     0 (               |      *       ),76.00, 76.00, 76.00, 76.00, 76.00
  13 , synapse2_Und_GL_Tran_KNN10 ,    7600  ,   900 (               |   -  *--     ),67.00, 70.00, 76.00, 78.00, 84.00
  13 ,    cm1_Gauss ,    7600  ,   900 (               |    - *-      ),69.00, 72.00, 76.00, 79.00, 82.00
  13 , elearning2_Und_GL_Tran_Log ,    7600  ,     0 (               |      *       ),76.00, 76.00, 76.00, 76.00, 76.00
  13 , arc2_Und_Tran_Gauss ,    7600  ,     0 (               |      *       ),76.00, 76.00, 76.00, 76.00, 76.00
  13 , poi2_Und_GL_Tran_KNN10 ,    7600  ,   800 (               |      *-      ),68.00, 70.00, 76.00, 78.00, 82.00
  13 , ant2_GL_Tran_KNN3 ,    7600  ,   700 (               |      *-      ),71.00, 73.00, 76.00, 80.00, 82.00
  13 , cm1_Und_Gauss ,    7600  ,  1000 (               | ---  *--     ),60.00, 70.00, 76.00, 79.00, 85.00
  13 , arc2_GL_Tran_KNN1 ,    7600  ,  1300 (               |   -- * -     ),65.00, 71.00, 76.00, 82.00, 84.00
  13 ,   pc3_GL_Log ,    7700  ,   500 (               |     -*-      ),73.00, 75.00, 77.00, 80.00, 83.00
  13 , ant2_Tran_Log ,    7700  ,     0 (               |      *       ),77.00, 77.00, 77.00, 77.00, 77.00
  13 , cm1_GL_Tran_KNN1 ,    7700  ,  1000 (               |  --- * -     ),63.00, 73.00, 77.00, 81.00, 84.00
  13 , poi2_Und_GL_Tran_KNN3 ,    7700  ,  1100 (               |    --* --    ),68.00, 74.00, 77.00, 83.00, 88.00
  13 , cm1_GL_Gauss ,    7700  ,   600 (               | -----*--     ),60.00, 74.00, 77.00, 77.00, 85.00
  13 , poi2_Und_Gauss ,    7700  ,  1300 (               |  --  *-      ),63.00, 68.00, 77.00, 79.00, 83.00
  13 , xerces2_Und_Gauss ,    7700  ,   900 (               |      * -     ),71.00, 73.00, 77.00, 81.00, 86.00
  13 , ant2_GL_Tran_KNN1 ,    7700  ,   500 (               |    - *       ),70.00, 73.00, 77.00, 78.00, 80.00
  13 , camel2_Tran_KNN10 ,    7700  ,   400 (               |     -*       ),73.00, 76.00, 77.00, 79.00, 80.00
  13 , poi2_Und_Tran_KNN3 ,    7700  ,  1000 (               |    - * -     ),68.00, 73.00, 77.00, 81.00, 86.00
  13 , pc4_GL_Gauss ,    7700  ,   300 (               |     -*       ),73.00, 76.00, 77.00, 78.00, 80.00
  13 , ant2_Tran_KNN3 ,    7700  ,   500 (               |    --*       ),70.00, 75.00, 77.00, 78.00, 80.00
  13 , camel2_Und_GL_Tran_KNN5 ,    7700  ,   500 (               |     -*-      ),72.00, 76.00, 77.00, 80.00, 81.00
  14 , ivy2_Und_Tran_Log ,    7800  ,     0 (               |       *      ),78.00, 78.00, 78.00, 78.00, 78.00
  14 , cm1_GL_Tran_KNN3 ,    7800  ,   600 (               |     - *-     ),71.00, 76.00, 78.00, 81.00, 85.00
  14 , xerces2_Und_Log ,    7800  ,   600 (               |     - *      ),71.00, 76.00, 78.00, 82.00, 83.00
  14 , synapse2_Und_GL_Tran_KNN5 ,    7800  ,   800 (               |   --- *      ),66.00, 74.00, 78.00, 79.00, 82.00
  14 , cm1_Und_GL_Log ,    7800  ,  1300 (               |     - * -    ),71.00, 76.00, 78.00, 86.00, 90.00
  14 , camel2_GL_Tran_KNN10 ,    7800  ,   200 (               |       *      ),74.00, 77.00, 78.00, 79.00, 81.00
  14 , camel2_Und_GL_Tran_KNN3 ,    7800  ,   400 (               |     - *      ),73.00, 76.00, 78.00, 80.00, 81.00
  14 , camel2_Und_Tran_KNN10 ,    7800  ,   400 (               |       *      ),74.00, 76.00, 78.00, 79.00, 81.00
  14 , arc2_Und_Log ,    7900  ,  1500 (               |    -- *  -   ),70.00, 74.00, 79.00, 89.00, 93.00
  14 , pc3_Und_Tran_Gauss ,    7900  ,     0 (               |       *      ),79.00, 79.00, 79.00, 79.00, 79.00
  14 , synapse2_Und_Tran_KNN5 ,    7900  ,   900 (               |   --- *-     ),65.00, 75.00, 79.00, 81.00, 86.00
  14 , xerces2_Gauss ,    7900  ,  1100 (               |    -- *-     ),70.00, 74.00, 79.00, 82.00, 86.00
  14 , berek2_Und_GL_Tran_Log ,    7900  ,     0 (               |       *      ),79.00, 79.00, 79.00, 79.00, 79.00
  14 , pc1_Tran_KNN1 ,    7900  ,   500 (               |     - *      ),73.00, 77.00, 79.00, 82.00, 83.00
  14 ,   camel2_Log ,    7900  ,   500 (               |     - *      ),73.00, 77.00, 79.00, 81.00, 83.00
  14 , ant2_GL_Tran_KNN5 ,    7900  ,   600 (               |       *      ),75.00, 77.00, 79.00, 81.00, 83.00
  14 , ivy2_GL_Gauss ,    7900  ,   600 (               |     - *-     ),72.00, 76.00, 79.00, 81.00, 85.00
  14 ,  ivy2_GL_Log ,    7900  ,   800 (               |     - *      ),71.00, 76.00, 79.00, 80.00, 83.00
  14 , ivy2_GL_Tran_KNN1 ,    7900  ,   800 (               |     - *-     ),71.00, 76.00, 79.00, 82.00, 84.00
  14 , camel2_Und_GL_Tran_KNN10 ,    7900  ,   400 (               |       *      ),75.00, 76.00, 79.00, 80.00, 83.00
  14 , ant2_Tran_KNN5 ,    7900  ,   400 (               |       *      ),74.00, 76.00, 79.00, 80.00, 82.00
  14 , pc4_Tran_Gauss ,    8000  ,     0 (               |       *      ),80.00, 80.00, 80.00, 80.00, 80.00
  14 , pc3_Tran_Gauss ,    8000  ,     0 (               |       *      ),80.00, 80.00, 80.00, 80.00, 80.00
  14 ,    pc3_Gauss ,    8000  ,   700 (               |     - *-     ),71.00, 75.00, 80.00, 81.00, 84.00
  14 , pc1_GL_Gauss ,    8000  ,   400 (               |      -*-     ),77.00, 78.00, 80.00, 82.00, 84.00
  14 , poi2_Und_Log ,    8000  ,   800 (               |    -- *-     ),68.00, 76.00, 80.00, 82.00, 86.00
  14 , ant2_Tran_KNN10 ,    8000  ,   500 (               |      -*-     ),76.00, 78.00, 80.00, 81.00, 85.00
  14 , pc4_GL_Tran_KNN3 ,    8000  ,   300 (               |       *-     ),78.00, 79.00, 80.00, 81.00, 84.00
  14 , synapse2_Und_GL_Tran_KNN3 ,    8000  ,  1000 (               |    ---* -    ),68.00, 79.00, 80.00, 84.00, 88.00
  14 , ivy2_GL_Tran_KNN3 ,    8000  ,   600 (               |      -*      ),74.00, 78.00, 80.00, 84.00, 86.00
  15 , pc3_GL_Tran_KNN3 ,    8100  ,   300 (               |        *     ),78.00, 80.00, 81.00, 83.00, 84.00
  15 , pc4_Tran_KNN3 ,    8100  ,   500 (               |      - *     ),76.00, 78.00, 81.00, 83.00, 85.00
  15 , pc3_Tran_KNN3 ,    8100  ,   400 (               |        *     ),78.00, 79.00, 81.00, 83.00, 85.00
  15 , ivy2_Tran_Log ,    8100  ,     0 (               |        *     ),81.00, 81.00, 81.00, 81.00, 81.00
  15 , pc4_Und_Gauss ,    8100  ,   600 (               |  ----- *-    ),63.00, 79.00, 81.00, 83.00, 89.00
  15 ,     ant2_Log ,    8100  ,   600 (               |      - *-    ),77.00, 79.00, 81.00, 84.00, 87.00
  15 , lucene2_Und_Log ,    8100  ,   800 (               |     -  *-    ),72.00, 77.00, 81.00, 83.00, 88.00
  15 , ivy2_Tran_KNN1 ,    8100  ,   500 (               |      - *     ),74.00, 78.00, 81.00, 83.00, 84.00
  15 , arc2_Tran_KNN3 ,    8100  ,   800 (               |     -- *--   ),71.00, 78.00, 81.00, 85.00, 93.00
  15 , cm1_Tran_KNN5 ,    8100  ,   700 (               |     -- *-    ),73.00, 78.00, 81.00, 84.00, 89.00
  15 , arc2_Und_Tran_KNN1 ,    8100  ,   700 (               |      - *--   ),74.00, 79.00, 81.00, 83.00, 93.00
  15 , camel2_Und_Log ,    8100  ,   600 (               |      - *     ),76.00, 79.00, 81.00, 84.00, 86.00
  15 , pc1_GL_Tran_KNN1 ,    8100  ,   700 (               |     -  *     ),73.00, 77.00, 81.00, 82.00, 86.00
  15 , arc2_GL_Tran_KNN3 ,    8100  ,  1000 (               |      - *--   ),75.00, 79.00, 81.00, 83.00, 92.00
  16 , pc1_Und_Gauss ,    8200  ,  1000 (               |    --- *-    ),68.00, 78.00, 82.00, 86.00, 89.00
  16 , berek2_GL_Log ,    8200  ,  2300 (               |    --  *   - ),70.00, 75.00, 82.00, 95.00, 100.00
  16 , pc4_Und_GL_Tran_KNN3 ,    8200  ,   400 (               |       -*-    ),80.00, 81.00, 82.00, 84.00, 88.00
  16 , camel2_Und_Tran_KNN1 ,    8200  ,   500 (               |      --*     ),77.00, 81.00, 82.00, 85.00, 86.00
  16 , ant2_Und_GL_Tran_KNN5 ,    8200  ,   500 (               |       -*-    ),78.00, 82.00, 82.00, 86.00, 88.00
  16 , synapse2_Und_Log ,    8200  ,   600 (               |      --*-    ),75.00, 81.00, 82.00, 85.00, 87.00
  16 , elearning2_Und_GL_Log ,    8200  ,  2300 (               |        * --- ),67.00, 67.00, 82.00, 90.00, 100.00
  16 , ant2_Und_GL_Tran_KNN10 ,    8200  ,   600 (               |      - *-    ),77.00, 80.00, 82.00, 85.00, 88.00
  16 , pc4_GL_Tran_KNN5 ,    8200  ,   400 (               |        *     ),79.00, 80.00, 82.00, 84.00, 85.00
  16 , synapse2_Und_Tran_KNN3 ,    8200  ,   500 (               |     -- *-    ),71.00, 80.00, 82.00, 85.00, 89.00
  16 , cm1_Und_GL_Tran_KNN3 ,    8200  ,   700 (               |      - *-    ),76.00, 79.00, 82.00, 84.00, 90.00
  16 , elearning2_Und_GL_Tran_KNN1 ,    8200  ,   900 (               |     ---* --- ),72.00, 81.00, 82.00, 90.00, 100.00
  16 , ant2_GL_Tran_KNN10 ,    8200  ,   400 (               |       -*-    ),78.00, 81.00, 82.00, 84.00, 88.00
  16 , camel2_Und_GL_Log ,    8200  ,   500 (               |      - *     ),77.00, 80.00, 82.00, 85.00, 86.00
  16 , camel2_Und_GL_Tran_KNN1 ,    8200  ,   500 (               |      - *     ),76.00, 80.00, 82.00, 84.00, 86.00
  16 , pc4_Tran_KNN5 ,    8200  ,   400 (               |       -*     ),79.00, 81.00, 82.00, 84.00, 86.00
  16 , cm1_Und_GL_Tran_KNN1 ,    8300  ,   500 (               |      - *-    ),75.00, 80.00, 83.00, 84.00, 87.00
  16 , pc4_Und_GL_Tran_KNN1 ,    8300  ,   400 (               |       -*     ),79.00, 81.00, 83.00, 85.00, 86.00
  16 , jedit2_Tran_Log ,    8300  ,     0 (               |        *     ),83.00, 83.00, 83.00, 83.00, 83.00
  16 , ant2_Und_GL_Gauss ,    8300  ,   500 (               |       -*-    ),79.00, 82.00, 83.00, 86.00, 87.00
  16 , pc3_GL_Tran_Log ,    8300  ,     0 (               |        *     ),83.00, 83.00, 83.00, 83.00, 83.00
  16 , ant2_Und_Tran_KNN3 ,    8300  ,   600 (               |       -*     ),78.00, 82.00, 83.00, 87.00, 90.00
  16 , ant2_Und_Log ,    8300  ,   400 (               |       -*-    ),80.00, 81.00, 83.00, 84.00, 87.00
  16 , arc2_Und_Tran_KNN3 ,    8300  ,   900 (               |      --* -   ),76.00, 81.00, 83.00, 88.00, 92.00
  16 , pc4_Und_Tran_KNN1 ,    8300  ,   500 (               |       -*-    ),78.00, 81.00, 83.00, 85.00, 87.00
  16 , pc3_Und_GL_Log ,    8300  ,   600 (               |        *-    ),78.00, 80.00, 83.00, 85.00, 89.00
  17 , arc2_Und_GL_Log ,    8400  ,  1000 (               |     --  *-   ),72.00, 79.00, 84.00, 87.00, 93.00
  17 , pc3_Und_GL_Tran_KNN1 ,    8400  ,   300 (               |      -- *    ),77.00, 83.00, 84.00, 85.00, 88.00
  17 , pc3_Und_GL_Tran_KNN3 ,    8400  ,   500 (               |       - *    ),79.00, 81.00, 84.00, 85.00, 88.00
  17 , arc2_Und_GL_Tran_KNN1 ,    8400  ,  1100 (               |      -  *-   ),77.00, 80.00, 84.00, 88.00, 93.00
  17 , pc3_Und_GL_Gauss ,    8400  ,   200 (               |        -*    ),81.00, 84.00, 84.00, 86.00, 87.00
  17 , cm1_GL_Tran_KNN5 ,    8400  ,   600 (               |       - *    ),78.00, 81.00, 84.00, 87.00, 89.00
  17 ,      cm1_Log ,    8400  ,   900 (               |      -  *    ),77.00, 79.00, 84.00, 87.00, 90.00
  17 , pc4_Und_Tran_KNN3 ,    8400  ,   300 (               |       - *    ),80.00, 82.00, 84.00, 85.00, 87.00
  17 , arc2_Und_Tran_Log ,    8400  ,     0 (               |         *    ),84.00, 84.00, 84.00, 84.00, 84.00
  17 ,   pc1_GL_Log ,    8400  ,   500 (               |       - *    ),79.00, 82.00, 84.00, 87.00, 88.00
  17 , ant2_Und_GL_Tran_KNN3 ,    8400  ,   500 (               |       - *    ),79.00, 82.00, 84.00, 86.00, 88.00
  17 , jedit2_Und_Log ,    8600  ,  1400 (               |      -- *--  ),76.00, 82.00, 86.00, 86.00, 96.00
  17 , cm1_Und_Tran_KNN3 ,    8400  ,   800 (               |     --- *-   ),73.00, 81.00, 84.00, 89.00, 91.00
  17 , ivy2_Tran_KNN3 ,    8400  ,   600 (               |         *    ),78.00, 80.00, 84.00, 86.00, 90.00
  17 , pc3_Und_Tran_KNN3 ,    8400  ,   200 (               |       - *    ),79.00, 83.00, 84.00, 85.00, 88.00
  17 , pc3_Und_Tran_KNN1 ,    8400  ,   300 (               |       - *    ),80.00, 83.00, 84.00, 86.00, 88.00
  17 , arc2_GL_Tran_Log ,    8400  ,     0 (               |         *    ),84.00, 84.00, 84.00, 84.00, 84.00
  17 , ivy2_GL_Tran_KNN5 ,    8400  ,   500 (               |      -- *    ),77.00, 82.00, 84.00, 86.00, 89.00
  17 , pc1_Und_Tran_KNN1 ,    8400  ,   600 (               |      -- *    ),77.00, 81.00, 84.00, 87.00, 90.00
  17 , elearning2_GL_Tran_Log ,    8400  ,     0 (               |         *    ),84.00, 84.00, 84.00, 84.00, 84.00
  17 , cm1_Tran_KNN10 ,    8400  ,   700 (               |         *    ),81.00, 82.00, 84.00, 85.00, 90.00
  17 , arc2_Und_Tran_KNN5 ,    8400  ,   700 (               |       - *-   ),80.00, 83.00, 84.00, 89.00, 92.00
  17 , pc4_Und_GL_Gauss ,    8500  ,   300 (               |        -*    ),82.00, 84.00, 85.00, 87.00, 88.00
  17 ,   berek2_Log ,    8500  ,  2000 (              -|------   *  - ),50.00, 75.00, 85.00, 95.00, 100.00
  17 , ivy2_Und_GL_Log ,    8500  ,   800 (               |       - *-   ),78.00, 82.00, 85.00, 88.00, 91.00
  17 , ivy2_Und_Log ,    8500  ,   900 (               |       - *-   ),78.00, 81.00, 85.00, 88.00, 93.00
  17 , pc4_Tran_KNN10 ,    8500  ,   400 (               |         *    ),83.00, 83.00, 85.00, 86.00, 88.00
  17 , pc4_Und_Tran_KNN5 ,    8500  ,   400 (               |        -*    ),82.00, 84.00, 85.00, 86.00, 88.00
  17 ,     ivy2_Log ,    8500  ,   800 (               |      -- *-   ),77.00, 82.00, 85.00, 89.00, 92.00
  17 , arc2_Und_Tran_KNN10 ,    8500  ,   700 (               |       - *-   ),80.00, 83.00, 85.00, 90.00, 92.00
  17 , pc4_Tran_Log ,    8500  ,     0 (               |         *    ),85.00, 85.00, 85.00, 85.00, 85.00
  17 ,  cm1_Und_Log ,    8500  ,   900 (               |      -- *-   ),75.00, 82.00, 85.00, 89.00, 91.00
  17 , berek2_Tran_Log ,    8500  ,     0 (               |         *    ),85.00, 85.00, 85.00, 85.00, 85.00
  17 , pc3_GL_Tran_KNN5 ,    8500  ,   200 (               |        -*    ),81.00, 84.00, 85.00, 86.00, 88.00
  17 , cm1_Und_Tran_KNN1 ,    8500  ,   800 (               |     --- *-   ),73.00, 82.00, 85.00, 88.00, 91.00
  17 , arc2_GL_Gauss ,    8500  ,   500 (               |      -- *    ),75.00, 82.00, 85.00, 87.00, 90.00
  17 , cm1_Und_GL_Tran_KNN5 ,    8500  ,   600 (               |       - *    ),79.00, 82.00, 85.00, 87.00, 90.00
  17 , ant2_Und_Tran_KNN5 ,    8500  ,   600 (               |      -- *    ),77.00, 82.00, 85.00, 87.00, 89.00
  17 , pc3_Und_Tran_KNN5 ,    8500  ,   400 (               |         *    ),82.00, 83.00, 85.00, 87.00, 89.00
  17 , elearning2_GL_Tran_KNN3 ,    9000  ,  1000 (               |  -----   *   ),64.00, 80.00, 90.00, 90.00, 90.00
  17 , arc2_Tran_KNN5 ,    8500  ,   900 (               |      -  *-   ),76.00, 79.00, 85.00, 86.00, 92.00
  17 , pc4_Und_GL_Tran_KNN5 ,    8500  ,   500 (               |       - *    ),78.00, 83.00, 85.00, 87.00, 88.00
  17 , pc3_Tran_Log ,    8500  ,     0 (               |         *    ),85.00, 85.00, 85.00, 85.00, 85.00
  17 ,    pc1_Gauss ,    8500  ,   500 (               |         *-   ),82.00, 83.00, 85.00, 86.00, 91.00
  17 , arc2_Tran_KNN10 ,    8500  ,   700 (               |      -- *    ),76.00, 83.00, 85.00, 90.00, 90.00
  17 , pc4_GL_Tran_KNN10 ,    8500  ,   300 (               |         *    ),82.00, 83.00, 85.00, 86.00, 87.00
  17 , ant2_Und_Tran_KNN10 ,    8500  ,   700 (               |      -- *    ),77.00, 81.00, 85.00, 87.00, 89.00
  17 , berek2_Gauss ,    8500  ,  2400 (               |  ----   *    ),62.00, 76.00, 85.00, 100.00, 100.00
  18 , pc3_Und_GL_Tran_KNN5 ,    8600  ,   500 (               |        -*    ),82.00, 84.00, 86.00, 87.00, 90.00
  18 , pc3_Tran_KNN5 ,    8600  ,   400 (               |         *    ),81.00, 83.00, 86.00, 86.00, 89.00
  18 ,    pc4_Gauss ,    8600  ,   400 (               |       --*    ),79.00, 84.00, 86.00, 88.00, 88.00
  18 ,     arc2_Log ,    8600  ,   700 (               |       - *    ),78.00, 83.00, 86.00, 88.00, 90.00
  18 , pc1_Und_GL_Log ,    8600  ,   500 (               |         *    ),81.00, 83.00, 86.00, 87.00, 89.00
  18 , arc2_Tran_Log ,    8600  ,     0 (               |         *    ),86.00, 86.00, 86.00, 86.00, 86.00
  18 ,  pc3_Und_Log ,    8600  ,   200 (               |        -*    ),83.00, 85.00, 86.00, 87.00, 90.00
  18 , ivy2_GL_Tran_KNN10 ,    8600  ,   700 (               |      -- *-   ),77.00, 82.00, 86.00, 88.00, 92.00
  18 , pc4_Und_Tran_KNN10 ,    8600  ,   200 (               |         *    ),85.00, 85.00, 86.00, 87.00, 88.00
  18 , pc1_Und_GL_Tran_KNN1 ,    8600  ,   500 (               |       --*    ),80.00, 84.00, 86.00, 88.00, 89.00
  18 ,   pc4_GL_Log ,    8600  ,   400 (               |         *    ),81.00, 83.00, 86.00, 86.00, 88.00
  19 , pc4_Und_GL_Log ,    8700  ,   300 (               |          *   ),84.00, 85.00, 87.00, 88.00, 91.00
  19 , cm1_Und_GL_Tran_KNN10 ,    8700  ,   500 (               |          *   ),84.00, 85.00, 87.00, 87.00, 90.00
  19 , cm1_GL_Tran_KNN10 ,    8700  ,   500 (               |        - *   ),81.00, 85.00, 87.00, 89.00, 92.00
  19 , berek2_GL_Tran_Log ,    8700  ,     0 (               |          *   ),87.00, 87.00, 87.00, 87.00, 87.00
  19 , pc1_Tran_KNN3 ,    8700  ,   400 (               |       -- *   ),80.00, 84.00, 87.00, 88.00, 89.00
  19 , pc3_Und_Tran_KNN10 ,    8700  ,   200 (               |          *   ),85.00, 86.00, 87.00, 88.00, 90.00
  19 , pc1_GL_Tran_KNN3 ,    8700  ,   300 (               |        - *   ),83.00, 85.00, 87.00, 88.00, 91.00
  19 , ivy2_Und_GL_Tran_KNN3 ,    8700  ,   600 (               |       -- *   ),78.00, 85.00, 87.00, 89.00, 93.00
  19 , ivy2_Und_GL_Tran_KNN1 ,    8700  ,   600 (               |       -- *   ),80.00, 85.00, 87.00, 90.00, 93.00
  19 , pc3_Tran_KNN10 ,    8700  ,   300 (               |          *   ),85.00, 86.00, 87.00, 88.00, 91.00
  19 , pc4_Und_GL_Tran_KNN10 ,    8700  ,   300 (               |        - *   ),83.00, 85.00, 87.00, 88.00, 89.00
  19 , ivy2_Tran_KNN5 ,    8700  ,   500 (               |       -- *   ),80.00, 85.00, 87.00, 88.00, 91.00
  19 , pc3_GL_Tran_KNN10 ,    8700  ,   300 (               |          *   ),85.00, 86.00, 87.00, 88.00, 90.00
  19 , ivy2_Und_Tran_Gauss ,    8700  ,     0 (               |          *   ),87.00, 87.00, 87.00, 87.00, 87.00
  19 , arc2_GL_Tran_KNN5 ,    8700  ,   800 (               |       -  *-  ),78.00, 83.00, 87.00, 90.00, 94.00
  20 , arc2_Und_GL_Tran_KNN3 ,    8800  ,   700 (               |       -  *   ),80.00, 83.00, 88.00, 90.00, 92.00
  20 , arc2_Und_GL_Tran_KNN5 ,    8800  ,   300 (               |        --*   ),83.00, 88.00, 88.00, 90.00, 92.00
  20 , pc3_Und_GL_Tran_KNN10 ,    8800  ,   300 (               |         -*   ),84.00, 87.00, 88.00, 89.00, 90.00
  20 ,      pc3_Log ,    8800  ,   300 (               |          *   ),84.00, 86.00, 88.00, 89.00, 91.00
  20 , berek2_Und_Tran_Log ,    8800  ,     0 (               |          *   ),88.00, 88.00, 88.00, 88.00, 88.00
  20 , ant2_Und_GL_Tran_KNN1 ,    8800  ,   400 (               |          *   ),85.00, 86.00, 88.00, 90.00, 93.00
  20 , arc2_GL_Tran_KNN10 ,    8800  ,   700 (               |       -  *   ),80.00, 83.00, 88.00, 90.00, 92.00
  20 , ivy2_Und_GL_Tran_KNN5 ,    8800  ,   500 (               |       -- *   ),80.00, 86.00, 88.00, 89.00, 92.00
  20 ,  pc1_Und_Log ,    8800  ,   500 (               |        - *   ),82.00, 86.00, 88.00, 91.00, 92.00
  20 , arc2_Und_GL_Tran_KNN10 ,    8800  ,   500 (               |        - *   ),83.00, 85.00, 88.00, 90.00, 92.00
  20 , cm1_Und_Tran_KNN5 ,    8800  ,   600 (               |       -- *   ),79.00, 84.00, 88.00, 89.00, 92.00
  20 , ant2_Und_Tran_KNN1 ,    8800  ,   200 (               |         -*   ),85.00, 87.00, 88.00, 89.00, 93.00
  20 , ivy2_Und_GL_Tran_KNN10 ,    8800  ,   700 (               |        - *   ),83.00, 85.00, 88.00, 91.00, 92.00
  20 , jedit2_Und_GL_Log ,    8400  ,  1500 (               |     ---- * - ),72.00, 84.00, 88.00, 95.00, 97.00
  20 , ivy2_Tran_KNN10 ,    8800  ,   600 (               |        - *   ),83.00, 85.00, 88.00, 91.00, 92.00
  20 , pc1_GL_Tran_KNN5 ,    8800  ,   400 (               |         -*-  ),85.00, 87.00, 88.00, 91.00, 94.00
  20 , synapse2_Und_GL_Gauss ,    8900  ,   500 (               |         -*-  ),84.00, 88.00, 89.00, 92.00, 96.00
  20 , ant2_Und_GL_Log ,    8900  ,   600 (               |        - *   ),83.00, 86.00, 89.00, 90.00, 92.00
  20 , ivy2_Und_Tran_KNN10 ,    8900  ,   400 (               |        - *   ),82.00, 86.00, 89.00, 89.00, 92.00
  20 ,      pc1_Log ,    8900  ,   300 (               |          *   ),88.00, 88.00, 89.00, 90.00, 93.00
  20 , pc1_Tran_KNN5 ,    8900  ,   300 (               |          *   ),87.00, 87.00, 89.00, 90.00, 92.00
  20 , pc1_GL_Tran_Log ,    8900  ,     0 (               |          *   ),89.00, 89.00, 89.00, 89.00, 89.00
  20 , pc1_Und_GL_Tran_KNN3 ,    8900  ,   400 (               |         -*   ),84.00, 87.00, 89.00, 91.00, 93.00
  20 , cm1_Und_Tran_KNN10 ,    8900  ,   600 (               |        - *   ),81.00, 85.00, 89.00, 90.00, 92.00
  20 , ivy2_Und_Tran_KNN5 ,    8900  ,   500 (               |         -*   ),85.00, 88.00, 89.00, 92.00, 93.00
  20 , jedit2_Gauss ,    9000  ,   700 (               |         -*   ),84.00, 88.00, 90.00, 94.00, 96.00
  20 , elearning2_GL_Gauss ,    8200  ,   900 (               |          *   ),81.00, 81.00, 90.00, 90.00, 90.00
  20 , elearning2_GL_Tran_KNN10 ,    9000  ,     0 (               |       ---*   ),80.00, 90.00, 90.00, 90.00, 90.00
  20 , elearning2_Und_Gauss ,    9000  ,     0 (               |        --* - ),81.00, 90.00, 90.00, 95.00, 100.00
  20 , pc1_Tran_KNN10 ,    9000  ,   200 (               |          *   ),87.00, 89.00, 90.00, 91.00, 92.00
  20 , elearning2_Tran_KNN1 ,    9000  ,  2900 (               |  -----   * - ),64.00, 80.00, 90.00, 95.00, 100.00
  20 , elearning2_Tran_KNN3 ,    9000  ,   900 (               |  ------  *   ),64.00, 81.00, 90.00, 90.00, 90.00
  20 , elearning2_Tran_KNN5 ,    9000  ,     0 (               |        --*   ),81.00, 90.00, 90.00, 90.00, 90.00
  20 , elearning2_Und_Tran_KNN3 ,    9000  ,     0 (               |          *-- ),90.00, 90.00, 90.00, 90.00, 100.00
  20 , elearning2_Und_Tran_KNN1 ,    9000  ,   900 (               |       -  *   ),80.00, 82.00, 90.00, 100.00, 100.00
  20 , elearning2_Und_Tran_KNN5 ,    9000  ,     0 (               |          *   ),90.00, 90.00, 90.00, 90.00, 90.00
  20 , elearning2_Und_GL_Tran_KNN5 ,    9000  ,     0 (               |       ---*   ),80.00, 90.00, 90.00, 90.00, 90.00
  20 , elearning2_Und_GL_Tran_KNN3 ,    9000  ,     0 (               |       ---*   ),80.00, 90.00, 90.00, 90.00, 90.00
  20 , elearning2_GL_Tran_KNN1 ,    9000  ,  2400 (               |  ---     *-- ),64.00, 71.00, 90.00, 90.00, 100.00
  20 , elearning2_GL_Tran_KNN5 ,    9000  ,   900 (               |       -  *   ),80.00, 81.00, 90.00, 90.00, 90.00
  20 , cm1_Und_GL_Gauss ,    9000  ,   500 (               |         -*-  ),85.00, 89.00, 90.00, 92.00, 96.00
  20 , pc1_Und_GL_Tran_KNN5 ,    9000  ,   500 (               |          *-  ),88.00, 90.00, 90.00, 93.00, 94.00
  20 , elearning2_Und_Tran_KNN10 ,    9000  ,     0 (               |          *   ),90.00, 90.00, 90.00, 90.00, 90.00
  20 , elearning2_Tran_KNN10 ,    9000  ,     0 (               |       ---*   ),80.00, 90.00, 90.00, 90.00, 90.00
  20 , elearning2_Und_GL_Tran_KNN10 ,    9000  ,     0 (               |       ---*   ),80.00, 90.00, 90.00, 90.00, 90.00
  20 , synapse2_Und_GL_Log ,    9000  ,   300 (               |          *-  ),87.00, 88.00, 90.00, 91.00, 96.00
  20 , ivy2_Und_Tran_KNN3 ,    9000  ,   500 (               |        --*-  ),82.00, 88.00, 90.00, 91.00, 95.00
  20 , ivy2_Und_Tran_KNN1 ,    9000  ,   900 (               |        --*-  ),81.00, 87.00, 90.00, 93.00, 95.00
  20 , elearning2_Und_GL_Gauss ,    9000  ,  2700 (          -----|-----     *   ),36.00, 73.00, 90.00, 100.00, 100.00
  21 , pc1_GL_Tran_KNN10 ,    9100  ,   300 (               |           *  ),88.00, 89.00, 91.00, 92.00, 94.00
  21 , jedit2_Und_Tran_KNN1 ,    9300  ,   500 (               |           *  ),89.00, 90.00, 93.00, 93.00, 95.00
  21 , synapse2_Und_GL_Tran_KNN1 ,    9100  ,   600 (               |         - *  ),86.00, 89.00, 91.00, 93.00, 96.00
  21 , synapse2_Und_Tran_KNN1 ,    9100  ,   600 (               |        -- *  ),82.00, 89.00, 91.00, 94.00, 96.00
  21 ,      pc4_Log ,    9100  ,   100 (               |           *  ),88.00, 90.00, 91.00, 91.00, 93.00
  21 , bookkeeper_GL_Tran_KNN3 ,    9100  ,   500 (               |         - *  ),85.00, 89.00, 91.00, 94.00, 96.00
  21 , derby_Und_Tran_KNN10 ,    9100  ,   200 (               |           *  ),89.00, 90.00, 91.00, 92.00, 93.00
  21 , pc1_Und_Tran_KNN3 ,    9100  ,   300 (               |        -- *  ),81.00, 90.00, 91.00, 91.00, 93.00
  21 , pc1_Und_Tran_KNN5 ,    9100  ,   200 (               |         - *  ),86.00, 90.00, 91.00, 92.00, 95.00
  21 , derby_Und_GL_Tran_KNN10 ,    9100  ,   300 (               |           *  ),87.00, 89.00, 91.00, 92.00, 93.00
  21 , elearning2_Tran_Log ,    9100  ,     0 (               |           *  ),91.00, 91.00, 91.00, 91.00, 91.00
  21 , bookkeeper_Und_Tran_KNN5 ,    9100  ,   100 (               |         --*  ),85.00, 91.00, 91.00, 92.00, 94.00
  21 , bookkeeper_Und_Tran_KNN3 ,    9100  ,   300 (               |          -*  ),87.00, 91.00, 91.00, 92.00, 96.00
  21 , pc1_Tran_Log ,    9100  ,     0 (               |           *  ),91.00, 91.00, 91.00, 91.00, 91.00
  21 , elearning2_Und_Tran_Log ,    9100  ,     0 (               |           *  ),91.00, 91.00, 91.00, 91.00, 91.00
  21 , bookkeeper_Und_GL_Tran_KNN10 ,    9100  ,   500 (               |          -*  ),87.00, 91.00, 91.00, 92.00, 96.00
  21 , bookkeeper_Und_Tran_KNN10 ,    9100  ,   100 (               |         --*  ),85.00, 91.00, 91.00, 92.00, 94.00
  21 , arc2_Und_GL_Gauss ,    9100  ,   900 (               |        -- *- ),81.00, 88.00, 91.00, 95.00, 97.00
  21 , accumulo_Und_GL_Tran_KNN10 ,    9100  ,   200 (               |          -*  ),90.00, 91.00, 91.00, 92.00, 93.00
  21 , pc1_Und_Tran_KNN10 ,    9200  ,   100 (               |          -*  ),90.00, 91.00, 92.00, 92.00, 94.00
  21 , pc1_Und_GL_Tran_KNN10 ,    9200  ,   300 (               |           *  ),88.00, 90.00, 92.00, 93.00, 94.00
  21 , accumulo_Und_Tran_KNN10 ,    9200  ,   100 (               |          -*  ),90.00, 91.00, 92.00, 92.00, 94.00
  21 , berek2_Tran_KNN1 ,    9200  ,  2200 (               |-------    *  ),57.00, 78.00, 92.00, 100.00, 100.00
  21 ,  pc4_Und_Log ,    9200  ,   500 (               |         - *  ),86.00, 90.00, 92.00, 94.00, 95.00
  21 , bookkeeper_Und_GL_Tran_KNN5 ,    9200  ,   500 (               |          -*  ),87.00, 91.00, 92.00, 94.00, 96.00
  21 , bookkeeper_Tran_KNN3 ,    9200  ,   600 (               |           *  ),87.00, 89.00, 92.00, 94.00, 96.00
  21 , bookkeeper_Tran_KNN5 ,    9200  ,   700 (               |           *- ),89.00, 90.00, 92.00, 95.00, 97.00
  21 , pc1_Und_GL_Gauss ,    9200  ,   500 (               |           *  ),87.00, 90.00, 92.00, 94.00, 96.00
  21 , ivy2_Und_GL_Gauss ,    9200  ,   500 (               |        -- *  ),83.00, 89.00, 92.00, 92.00, 95.00
  22 , jedit2_GL_Log ,    9300  ,   400 (               |          -*  ),89.00, 92.00, 93.00, 95.00, 96.00
  22 , pig_Und_GL_Tran_KNN10 ,    9300  ,   300 (               |           *  ),91.00, 93.00, 93.00, 95.00, 95.00
  22 , pig_Und_Tran_KNN10 ,    9300  ,   300 (               |           *  ),92.00, 93.00, 93.00, 94.00, 96.00
  22 , derby_Und_Tran_KNN5 ,    9300  ,   100 (               |           *  ),92.00, 93.00, 93.00, 94.00, 95.00
  22 , derby_Und_GL_Tran_KNN5 ,    9300  ,   200 (               |           *  ),91.00, 91.00, 93.00, 93.00, 95.00
  22 , bookkeeper_Und_Tran_KNN1 ,    9300  ,   600 (               |        -- *  ),83.00, 89.00, 93.00, 94.00, 96.00
  23 , bookkeeper_GL_Tran_KNN10 ,    9400  ,   600 (               |          - * ),89.00, 91.00, 94.00, 97.00, 99.00
  23 , derby_Und_Tran_KNN3 ,    9400  ,   100 (               |           -* ),93.00, 94.00, 94.00, 95.00, 96.00
  23 , bookkeeper_Tran_KNN10 ,    9400  ,   500 (               |          - * ),89.00, 92.00, 94.00, 96.00, 97.00
  23 , bookkeeper_GL_Tran_KNN5 ,    9400  ,   400 (               |            * ),87.00, 90.00, 94.00, 94.00, 97.00
  23 , bookkeeper_GL_Tran_KNN1 ,    9400  ,   400 (               |          - * ),89.00, 93.00, 94.00, 96.00, 98.00
  23 , accumulo_Und_GL_Tran_KNN5 ,    9400  ,   400 (               |          - * ),90.00, 92.00, 94.00, 95.00, 97.00
  23 , jedit2_GL_Tran_KNN1 ,    9400  ,   300 (               |            * ),92.00, 93.00, 94.00, 96.00, 98.00
  23 , jedit2_Tran_KNN1 ,    9400  ,   400 (               |          - * ),90.00, 93.00, 94.00, 96.00, 97.00
  23 , derby_Und_GL_Tran_KNN3 ,    9400  ,   200 (               |            * ),92.00, 93.00, 94.00, 95.00, 96.00
  23 , bookkeeper_Und_GL_Tran_KNN3 ,    9400  ,   400 (               |          - * ),89.00, 92.00, 94.00, 95.00, 97.00
  23 , bookkeeper_Und_GL_Tran_KNN1 ,    9400  ,   600 (               |         -- * ),86.00, 93.00, 94.00, 95.00, 97.00
  23 , derby_Tran_KNN10 ,    9400  ,   200 (               |           -* ),93.00, 94.00, 94.00, 95.00, 96.00
  23 , felix_Und_GL_Tran_KNN10 ,    9400  ,   300 (               |            * ),92.00, 92.00, 94.00, 94.00, 96.00
  23 , accumulo_Und_Tran_KNN5 ,    9400  ,   300 (               |            * ),92.00, 93.00, 94.00, 96.00, 98.00
  23 , openjpa_Und_Tran_KNN1 ,    9500  ,   300 (               |           -* ),92.00, 94.00, 95.00, 96.00, 97.00
  23 , berek2_GL_Tran_KNN5 ,    9500  ,  1500 (               |      ----- * ),76.00, 92.00, 95.00, 100.00, 100.00
  23 , berek2_GL_Tran_KNN3 ,    9500  ,  1800 (               |      ---   * ),76.00, 85.00, 95.00, 100.00, 100.00
  23 , derby_Und_Tran_KNN1 ,    9500  ,   100 (               |            * ),94.00, 95.00, 95.00, 96.00, 97.00
  23 , pig_Und_GL_Tran_Gauss ,    9500  ,     0 (               |            * ),95.00, 95.00, 95.00, 95.00, 95.00
  23 , berek2_Und_Tran_KNN10 ,    9500  ,  1500 (               |            * ),85.00, 85.00, 95.00, 100.00, 100.00
  23 , pig_Und_GL_Tran_KNN3 ,    9500  ,   300 (               |          - * ),90.00, 93.00, 95.00, 96.00, 97.00
  23 , pig_Und_GL_Tran_KNN5 ,    9500  ,   300 (               |          - * ),90.00, 93.00, 95.00, 95.00, 97.00
  23 , felix_Und_Tran_KNN10 ,    9500  ,   300 (               |           -* ),92.00, 94.00, 95.00, 96.00, 97.00
  23 , derby_GL_Tran_KNN10 ,    9500  ,   200 (               |           -* ),92.00, 94.00, 95.00, 95.00, 96.00
  23 , openjpa_Und_GL_Tran_KNN1 ,    9500  ,   500 (               |          - * ),89.00, 92.00, 95.00, 96.00, 98.00
  23 , berek2_GL_Gauss ,    9500  ,  1300 (               |        --  * ),83.00, 90.00, 95.00, 100.00, 100.00
  23 , berek2_Und_GL_Tran_KNN10 ,    9500  ,  1200 (               |         -  * ),85.00, 88.00, 95.00, 97.00, 100.00
  23 , pig_Und_Tran_KNN5 ,    9500  ,   300 (               |            * ),92.00, 93.00, 95.00, 96.00, 97.00
  23 , pig_Und_Tran_KNN1 ,    9500  ,   300 (               |           -* ),91.00, 94.00, 95.00, 97.00, 98.00
  23 , pig_Und_Tran_KNN3 ,    9500  ,   200 (               |           -* ),92.00, 94.00, 95.00, 96.00, 98.00
  23 ,   jedit2_Log ,    9600  ,   300 (               |           -* ),91.00, 95.00, 96.00, 97.00, 98.00
  24 , openjpa_Und_Tran_KNN3 ,    9600  ,   200 (               |            * ),94.00, 95.00, 96.00, 97.00, 97.00
  24 , openjpa_Und_Tran_KNN10 ,    9600  ,   100 (               |            * ),95.00, 96.00, 96.00, 97.00, 97.00
  24 , openjpa_Tran_KNN10 ,    9600  ,   200 (               |            * ),95.00, 95.00, 96.00, 96.00, 98.00
  24 , openjpa_Und_Tran_KNN5 ,    9600  ,   200 (               |            * ),95.00, 96.00, 96.00, 97.00, 97.00
  24 , berek2_GL_Tran_KNN1 ,    9600  ,  1800 (               |     ----   * ),71.00, 85.00, 96.00, 100.00, 100.00
  24 , derby_GL_Tran_KNN5 ,    9600  ,   200 (               |            * ),94.00, 95.00, 96.00, 96.00, 97.00
  24 , derby_GL_Tran_KNN3 ,    9600  ,   100 (               |            * ),95.00, 96.00, 96.00, 97.00, 97.00
  24 , jedit2_GL_Gauss ,    9600  ,   200 (               |            * ),94.00, 95.00, 96.00, 97.00, 97.00
  24 , accumulo_GL_Tran_KNN10 ,    9600  ,   200 (               |            * ),94.00, 95.00, 96.00, 97.00, 98.00
  24 , xerces2_Und_GL_Log ,    9600  ,   500 (               |          --* ),90.00, 95.00, 96.00, 99.00, 99.00
  24 , wicket_Und_GL_Tran_KNN10 ,    9600  ,   200 (               |           -* ),93.00, 95.00, 96.00, 97.00, 99.00
  24 , cxf_Und_GL_Tran_KNN10 ,    9600  ,   100 (               |           -* ),93.00, 95.00, 96.00, 96.00, 97.00
  24 , berek2_Tran_KNN5 ,    9600  ,  1800 (               |       --   * ),78.00, 85.00, 96.00, 100.00, 100.00
  24 , berek2_Tran_KNN3 ,    9600  ,  2000 (               |       -    * ),78.00, 82.00, 96.00, 100.00, 100.00
  24 , jedit2_GL_Tran_KNN3 ,    9700  ,   200 (               |             *),95.00, 96.00, 97.00, 97.00, 98.00
  24 , accumulo_Und_GL_Tran_KNN1 ,    9600  ,   200 (               |           -* ),93.00, 95.00, 96.00, 97.00, 98.00
  24 , accumulo_Und_GL_Tran_KNN3 ,    9600  ,   300 (               |           -* ),93.00, 95.00, 96.00, 97.00, 97.00
  24 , openjpa_Und_GL_Tran_KNN10 ,    9600  ,   100 (               |            * ),94.00, 96.00, 96.00, 96.00, 98.00
  24 , pig_Und_GL_Tran_KNN1 ,    9600  ,   400 (               |            * ),92.00, 93.00, 96.00, 97.00, 97.00
  24 , pig_Tran_KNN10 ,    9600  ,   200 (               |            * ),94.00, 95.00, 96.00, 97.00, 97.00
  24 , openjpa_Und_GL_Tran_KNN3 ,    9600  ,   200 (               |          --* ),90.00, 94.00, 96.00, 96.00, 98.00
  24 , openjpa_Und_GL_Tran_KNN5 ,    9600  ,   100 (               |            * ),94.00, 96.00, 96.00, 96.00, 98.00
  24 , derby_Und_GL_Tran_KNN1 ,    9600  ,   300 (               |            * ),94.00, 95.00, 96.00, 96.00, 97.00
  24 , cassandra_Und_Tran_KNN10 ,    9600  ,   200 (               |            * ),94.00, 95.00, 96.00, 97.00, 97.00
  24 , derby_Tran_KNN3 ,    9600  ,   100 (               |            * ),95.00, 96.00, 96.00, 96.00, 97.00
  24 , derby_Tran_KNN5 ,    9600  ,   100 (               |            * ),94.00, 95.00, 96.00, 96.00, 97.00
  24 , wicket_Und_Tran_Gauss ,    9600  ,     0 (               |            * ),96.00, 96.00, 96.00, 96.00, 96.00
  24 , accumulo_Und_Tran_KNN3 ,    9600  ,   200 (               |            * ),94.00, 95.00, 96.00, 97.00, 98.00
  24 , accumulo_Und_Tran_KNN1 ,    9600  ,   200 (               |            * ),94.00, 95.00, 96.00, 97.00, 98.00
  24 , openjpa_GL_Tran_KNN10 ,    9600  ,   200 (               |            * ),95.00, 96.00, 96.00, 97.00, 98.00
  24 , felix_Und_GL_Tran_KNN5 ,    9600  ,   200 (               |           -* ),93.00, 95.00, 96.00, 97.00, 98.00
  24 , accumulo_Tran_KNN1 ,    9600  ,   100 (               |            * ),95.00, 96.00, 96.00, 97.00, 98.00
  25 , jedit2_GL_Tran_KNN10 ,    9700  ,   200 (               |             *),96.00, 96.00, 97.00, 98.00, 98.00
  25 , pig_Tran_KNN5 ,    9700  ,   200 (               |             *),95.00, 96.00, 97.00, 98.00, 99.00
  25 , pig_Tran_KNN3 ,    9700  ,   200 (               |            -*),96.00, 97.00, 97.00, 98.00, 99.00
  25 , pig_Tran_KNN1 ,    9700  ,   200 (               |             *),95.00, 96.00, 97.00, 98.00, 99.00
  25 , jedit2_Und_GL_Gauss ,    8000  ,     0 (               |             *),80.00, 80.00, 97.00, 97.00, 97.00
  25 , pig_GL_Tran_KNN10 ,    9700  ,   100 (               |             *),95.00, 96.00, 97.00, 97.00, 98.00
  25 , cassandra_GL_Tran_KNN10 ,    9700  ,   100 (               |             *),95.00, 96.00, 97.00, 97.00, 98.00
  25 , jedit2_Und_Tran_KNN5 ,    9700  ,     0 (               |             *),97.00, 97.00, 97.00, 98.00, 98.00
  25 , jedit2_Und_Tran_KNN3 ,    9700  ,     0 (               |             *),97.00, 97.00, 97.00, 98.00, 98.00
  25 , accumulo_Tran_KNN10 ,    9700  ,   100 (               |             *),95.00, 96.00, 97.00, 97.00, 98.00
  25 , openjpa_GL_Tran_KNN5 ,    9700  ,   100 (               |             *),95.00, 96.00, 97.00, 97.00, 98.00
  25 , openjpa_GL_Tran_KNN1 ,    9700  ,   300 (               |             *),96.00, 96.00, 97.00, 98.00, 99.00
  25 , openjpa_GL_Tran_KNN3 ,    9700  ,   200 (               |             *),95.00, 96.00, 97.00, 98.00, 98.00
  25 , cassandra_Und_Tran_KNN5 ,    9700  ,   200 (               |             *),96.00, 96.00, 97.00, 98.00, 99.00
  25 , derby_GL_Tran_KNN1 ,    9700  ,   100 (               |             *),95.00, 96.00, 97.00, 97.00, 98.00
  25 , accumulo_Und_GL_Tran_Gauss ,    9700  ,     0 (               |             *),97.00, 97.00, 97.00, 97.00, 97.00
  25 , cassandra_Tran_KNN3 ,    9700  ,   100 (               |            -*),96.00, 97.00, 97.00, 98.00, 99.00
  25 , cassandra_Tran_KNN10 ,    9700  ,   200 (               |            -*),95.00, 97.00, 97.00, 98.00, 98.00
  25 , accumulo_Tran_KNN5 ,    9700  ,   200 (               |            -*),96.00, 97.00, 97.00, 98.00, 99.00
  25 , accumulo_Tran_KNN3 ,    9700  ,   100 (               |            -*),96.00, 97.00, 97.00, 98.00, 99.00
  25 , hive_Und_Tran_KNN10 ,    9700  ,   100 (               |            -*),96.00, 97.00, 97.00, 98.00, 98.00
  25 , cassandra_Und_GL_Tran_KNN10 ,    9700  ,   200 (               |            -*),94.00, 97.00, 97.00, 98.00, 99.00
  25 , cassandra_GL_Tran_KNN5 ,    9700  ,   100 (               |            -*),96.00, 97.00, 97.00, 98.00, 98.00
  25 , cassandra_GL_Tran_KNN1 ,    9700  ,   100 (               |            -*),96.00, 97.00, 97.00, 98.00, 99.00
  25 , cxf_Und_GL_Tran_KNN3 ,    9700  ,   100 (               |            -*),95.00, 97.00, 97.00, 98.00, 99.00
  25 , cxf_Und_GL_Tran_KNN5 ,    9700  ,   200 (               |             *),95.00, 96.00, 97.00, 98.00, 99.00
  25 , cxf_Und_Tran_KNN3 ,    9700  ,   100 (               |             *),97.00, 97.00, 97.00, 98.00, 99.00
  25 , cxf_Und_Tran_KNN10 ,    9700  ,   100 (               |             *),96.00, 96.00, 97.00, 97.00, 98.00
  25 , jedit2_GL_Tran_KNN5 ,    9700  ,   200 (               |             *),96.00, 96.00, 97.00, 98.00, 98.00
  25 , pig_GL_Tran_KNN5 ,    9700  ,   100 (               |            -*),96.00, 97.00, 97.00, 98.00, 99.00
  25 , pig_GL_Tran_KNN1 ,    9700  ,   200 (               |            -*),95.00, 97.00, 97.00, 98.00, 99.00
  25 , jedit2_Tran_KNN3 ,    9700  ,   200 (               |             *),94.00, 96.00, 97.00, 98.00, 98.00
  25 , felix_Und_Tran_KNN3 ,    9700  ,   100 (               |            -*),96.00, 97.00, 97.00, 98.00, 99.00
  25 , felix_Und_Tran_KNN5 ,    9700  ,   200 (               |            -*),95.00, 97.00, 97.00, 98.00, 99.00
  25 , accumulo_GL_Tran_KNN3 ,    9700  ,   200 (               |            -*),96.00, 97.00, 97.00, 98.00, 99.00
  25 , accumulo_GL_Tran_KNN1 ,    9700  ,   200 (               |             *),95.00, 96.00, 97.00, 98.00, 98.00
  25 , cassandra_Tran_KNN1 ,    9700  ,   100 (               |            -*),96.00, 97.00, 97.00, 97.00, 98.00
  25 , bookkeeper_Und_Log ,    9700  ,   300 (               |          -- *),90.00, 96.00, 97.00, 98.00, 99.00
  25 , derby_Tran_KNN1 ,    9700  ,   100 (               |             *),95.00, 96.00, 97.00, 97.00, 98.00
  25 , bookkeeper_Tran_KNN1 ,    9700  ,   400 (               |           - *),91.00, 94.00, 97.00, 98.00, 100.00
  25 , derby_Und_Tran_Gauss ,    9700  ,     0 (               |             *),97.00, 97.00, 97.00, 97.00, 97.00
  25 , openjpa_Tran_KNN1 ,    9700  ,   200 (               |             *),95.00, 96.00, 97.00, 97.00, 99.00
  25 , openjpa_Tran_KNN3 ,    9700  ,   200 (               |             *),95.00, 96.00, 97.00, 97.00, 98.00
  25 , openjpa_Tran_KNN5 ,    9700  ,   100 (               |             *),95.00, 96.00, 97.00, 97.00, 98.00
  25 , accumulo_GL_Tran_KNN5 ,    9700  ,   200 (               |            -*),96.00, 97.00, 97.00, 98.00, 99.00
  25 , felix_Und_GL_Tran_KNN3 ,    9700  ,   200 (               |             *),95.00, 96.00, 97.00, 98.00, 98.00
  25 , hive_Und_GL_Tran_KNN10 ,    9700  ,   200 (               |            -*),96.00, 97.00, 97.00, 98.00, 98.00
  25 , jedit2_Und_Tran_KNN10 ,    9700  ,     0 (               |             *),97.00, 97.00, 97.00, 98.00, 98.00
  25 , wicket_Tran_Gauss ,    9700  ,     0 (               |             *),97.00, 97.00, 97.00, 97.00, 97.00
  26 , pig_Und_GL_Gauss ,    9800  ,   200 (               |            -*),95.00, 97.00, 98.00, 98.00, 99.00
  26 , felix_Und_Tran_Gauss ,    9800  ,     0 (               |             *),98.00, 98.00, 98.00, 98.00, 98.00
  26 , pig_Und_GL_Log ,    9800  ,   200 (               |            -*),96.00, 97.00, 98.00, 98.00, 99.00
  26 , bookkeeper_Und_GL_Gauss ,    9800  ,   400 (               |           - *),93.00, 96.00, 98.00, 98.00, 99.00
  26 , openjpa_Und_GL_Gauss ,    9800  ,   100 (               |            -*),96.00, 97.00, 98.00, 98.00, 99.00
  26 , cxf_GL_Tran_KNN3 ,    9800  ,   100 (               |             *),97.00, 98.00, 98.00, 99.00, 99.00
  26 , cxf_GL_Tran_KNN1 ,    9800  ,   100 (               |             *),97.00, 98.00, 98.00, 99.00, 99.00
  26 , cxf_GL_Tran_KNN5 ,    9800  ,   100 (               |             *),97.00, 98.00, 98.00, 99.00, 99.00
  26 , accumulo_Und_GL_Gauss ,    9800  ,   300 (               |            -*),96.00, 97.00, 98.00, 99.00, 99.00
  26 , derby_Tran_Gauss ,    9800  ,     0 (               |             *),98.00, 98.00, 98.00, 98.00, 98.00
  26 , cassandra_Und_Tran_KNN3 ,    9800  ,   100 (               |            -*),96.00, 97.00, 98.00, 98.00, 98.00
  26 , cxf_Tran_KNN10 ,    9800  ,   100 (               |             *),97.00, 98.00, 98.00, 99.00, 99.00
  26 , cassandra_Tran_KNN5 ,    9800  ,   100 (               |             *),97.00, 97.00, 98.00, 98.00, 99.00
  26 , cassandra_Und_GL_Tran_KNN3 ,    9800  ,   100 (               |            -*),96.00, 97.00, 98.00, 98.00, 99.00
  26 , cassandra_Und_GL_Tran_KNN1 ,    9800  ,   100 (               |            -*),95.00, 97.00, 98.00, 98.00, 99.00
  26 , cassandra_Und_GL_Tran_KNN5 ,    9800  ,   100 (               |            -*),96.00, 97.00, 98.00, 98.00, 99.00
  26 ,  felix_Gauss ,    9800  ,   100 (               |             *),97.00, 98.00, 98.00, 99.00, 99.00
  26 , hive_Und_GL_Tran_KNN3 ,    9800  ,   100 (               |             *),97.00, 98.00, 98.00, 99.00, 99.00
  26 , hive_Und_GL_Tran_KNN5 ,    9800  ,   100 (               |             *),97.00, 98.00, 98.00, 98.00, 99.00
  26 , openjpa_Und_Log ,    9800  ,   200 (               |            -*),96.00, 98.00, 98.00, 99.00, 99.00
  26 , cassandra_GL_Tran_KNN3 ,    9800  ,   100 (               |             *),97.00, 97.00, 98.00, 98.00, 99.00
  26 , accumulo_Tran_Gauss ,    9800  ,     0 (               |             *),98.00, 98.00, 98.00, 98.00, 98.00
  26 , hive_Und_Tran_KNN5 ,    9800  ,   100 (               |             *),97.00, 98.00, 98.00, 98.00, 99.00
  26 , hive_Und_Tran_KNN1 ,    9800  ,   100 (               |             *),98.00, 98.00, 98.00, 99.00, 99.00
  26 , hive_Und_Tran_KNN3 ,    9800  ,   100 (               |             *),97.00, 97.00, 98.00, 98.00, 99.00
  26 , cxf_Und_GL_Tran_KNN1 ,    9800  ,   100 (               |            -*),96.00, 97.00, 98.00, 98.00, 99.00
  26 , cxf_Und_Tran_KNN5 ,    9800  ,   100 (               |            -*),96.00, 97.00, 98.00, 98.00, 98.00
  26 , cxf_Und_Tran_KNN1 ,    9800  ,   200 (               |             *),97.00, 98.00, 98.00, 99.00, 99.00
  26 , hive_GL_Tran_KNN10 ,    9800  ,   100 (               |             *),97.00, 98.00, 98.00, 99.00, 99.00
  26 , accumulo_Und_GL_Log ,    9800  ,   200 (               |             *),95.00, 96.00, 98.00, 98.00, 99.00
  26 , bookkeeper_GL_Log ,    9800  ,   400 (               |           - *),93.00, 96.00, 98.00, 99.00, 100.00
  26 , felix_Und_GL_Tran_Gauss ,    9800  ,     0 (               |             *),98.00, 98.00, 98.00, 98.00, 98.00
  26 , camel_Und_GL_Tran_KNN10 ,    9800  ,   100 (               |            -*),96.00, 98.00, 98.00, 99.00, 99.00
  26 , jedit2_Und_Gauss ,    9800  ,   200 (               |             *),97.00, 98.00, 98.00, 98.00, 100.00
  26 , bookkeeper_Tran_Gauss ,    9800  ,     0 (               |             *),98.00, 98.00, 98.00, 98.00, 98.00
  26 , jedit2_Tran_KNN10 ,    9800  ,   100 (               |            -*),96.00, 97.00, 98.00, 98.00, 98.00
  26 , hive_GL_Tran_KNN3 ,    9800  ,   100 (               |             *),97.00, 98.00, 98.00, 99.00, 99.00
  26 , cxf_Tran_KNN3 ,    9800  ,   100 (               |             *),98.00, 98.00, 98.00, 99.00, 99.00
  26 , cxf_Tran_KNN1 ,    9800  ,     0 (               |             *),97.00, 98.00, 98.00, 98.00, 99.00
  26 , jedit2_Tran_KNN5 ,    9800  ,   100 (               |            -*),96.00, 97.00, 98.00, 98.00, 98.00
  26 , felix_Und_Tran_KNN1 ,    9800  ,   200 (               |            -*),96.00, 98.00, 98.00, 98.00, 99.00
  26 , pig_GL_Tran_KNN3 ,    9800  ,   100 (               |            -*),96.00, 97.00, 98.00, 98.00, 99.00
  26 , cxf_GL_Tran_KNN10 ,    9800  ,   100 (               |             *),97.00, 98.00, 98.00, 99.00, 99.00
  26 , bookkeeper_Und_GL_Log ,    9800  ,   200 (               |             *),94.00, 96.00, 98.00, 98.00, 99.00
  26 , bookkeeper_Und_Tran_Gauss ,    9800  ,     0 (               |             *),98.00, 98.00, 98.00, 98.00, 98.00
  26 , wicket_Und_GL_Tran_KNN1 ,    9800  ,   100 (               |             *),97.00, 98.00, 98.00, 99.00, 99.00
  26 , wicket_Und_GL_Tran_Gauss ,    9800  ,     0 (               |             *),98.00, 98.00, 98.00, 98.00, 98.00
  26 , jedit2_Und_GL_Tran_KNN5 ,    9800  ,     0 (               |             *),98.00, 98.00, 98.00, 98.00, 98.00
  26 , jedit2_Und_GL_Tran_KNN3 ,    9800  ,     0 (               |             *),98.00, 98.00, 98.00, 98.00, 98.00
  26 , hive_GL_Tran_KNN5 ,    9800  ,   100 (               |             *),98.00, 98.00, 98.00, 99.00, 99.00
  26 , hive_GL_Tran_KNN1 ,    9800  ,   100 (               |             *),97.00, 98.00, 98.00, 99.00, 99.00
  26 , cassandra_Und_Tran_KNN1 ,    9800  ,   100 (               |            -*),95.00, 97.00, 98.00, 98.00, 99.00
  26 , hive_Tran_KNN10 ,    9800  ,     0 (               |             *),97.00, 98.00, 98.00, 98.00, 99.00
  26 , openjpa_Und_Tran_Gauss ,    9800  ,     0 (               |             *),98.00, 98.00, 98.00, 98.00, 98.00
  26 , derby_Und_GL_Log ,    9800  ,   100 (               |             *),98.00, 98.00, 98.00, 99.00, 99.00
  26 , hive_Tran_KNN1 ,    9800  ,   100 (               |             *),97.00, 98.00, 98.00, 99.00, 99.00
  26 , felix_Und_GL_Tran_KNN1 ,    9800  ,   100 (               |             *),97.00, 97.00, 98.00, 98.00, 99.00
  26 , openjpa_Und_GL_Log ,    9800  ,   100 (               |            -*),96.00, 97.00, 98.00, 98.00, 99.00
  26 , felix_GL_Tran_KNN10 ,    9800  ,   100 (               |             *),97.00, 98.00, 98.00, 99.00, 99.00
  26 , accumulo_Und_Tran_Gauss ,    9800  ,     0 (               |             *),98.00, 98.00, 98.00, 98.00, 98.00
  26 , hive_Und_GL_Tran_KNN1 ,    9800  ,   100 (               |             *),98.00, 98.00, 98.00, 99.00, 99.00
  26 , jedit2_Und_GL_Tran_KNN10 ,    9800  ,     0 (               |             *),98.00, 98.00, 98.00, 98.00, 98.00
  27 , felix_Und_GL_Log ,    9900  ,   100 (               |             *),97.00, 98.00, 99.00, 99.00, 99.00
  27 , camel_Und_Tran_KNN10 ,    9900  ,     0 (               |             *),98.00, 99.00, 99.00, 99.00, 99.00
  27 , felix_GL_Gauss ,    9900  ,   100 (               |             *),99.00, 99.00, 99.00, 99.00, 100.00
  27 , camel_Und_GL_Tran_Gauss ,    9900  ,     0 (               |             *),99.00, 99.00, 99.00, 99.00, 99.00
  27 , camel_Tran_KNN10 ,    9900  ,     0 (               |             *),99.00, 99.00, 99.00, 99.00, 99.00
  27 ,   pig_GL_Log ,    9900  ,   100 (               |             *),98.00, 98.00, 99.00, 99.00, 100.00
  27 , accumulo_Und_Log ,    9900  ,   100 (               |             *),98.00, 98.00, 99.00, 99.00, 99.00
  27 , derby_Und_GL_Tran_Gauss ,    9900  ,     0 (               |             *),99.00, 99.00, 99.00, 99.00, 99.00
  27 , camel_Und_GL_Tran_Log ,    9900  ,     0 (               |             *),99.00, 99.00, 99.00, 99.00, 99.00
  27 , bookkeeper_Und_GL_Tran_Gauss ,    9900  ,     0 (               |             *),99.00, 99.00, 99.00, 99.00, 99.00
  27 , camel_GL_Log ,    9900  ,   100 (               |             *),99.00, 99.00, 99.00, 100.00, 100.00
  27 , felix_GL_Log ,    9900  ,     0 (               |             *),98.00, 99.00, 99.00, 99.00, 100.00
  27 , wicket_Und_GL_Gauss ,    9900  ,     0 (               |             *),99.00, 99.00, 99.00, 99.00, 100.00
  27 , camel_Und_GL_Gauss ,    9900  ,     0 (               |             *),99.00, 99.00, 99.00, 99.00, 100.00
  27 , wicket_GL_Tran_KNN5 ,    9900  ,     0 (               |             *),99.00, 99.00, 99.00, 99.00, 99.00
  27 , wicket_GL_Tran_KNN1 ,    9900  ,     0 (               |             *),99.00, 99.00, 99.00, 99.00, 99.00
  27 , derby_Und_Log ,    9900  ,     0 (               |             *),98.00, 99.00, 99.00, 99.00, 100.00
  27 , camel_Tran_Log ,    9900  ,     0 (               |             *),99.00, 99.00, 99.00, 99.00, 99.00
  27 , pig_Und_Tran_Log ,    9900  ,     0 (               |             *),99.00, 99.00, 99.00, 99.00, 99.00
  27 , accumulo_Und_GL_Tran_Log ,    9900  ,     0 (               |             *),99.00, 99.00, 99.00, 99.00, 99.00
  27 ,    cxf_Gauss ,    9900  ,     0 (               |             *),98.00, 99.00, 99.00, 99.00, 100.00
  27 , felix_Tran_KNN10 ,    9900  ,   100 (               |             *),98.00, 98.00, 99.00, 99.00, 99.00
  27 , pig_Und_GL_Tran_Log ,    9900  ,     0 (               |             *),99.00, 99.00, 99.00, 99.00, 99.00
  27 , camel_GL_Tran_Log ,    9900  ,     0 (               |             *),99.00, 99.00, 99.00, 99.00, 99.00
  27 , camel_Und_GL_Log ,    9900  ,     0 (               |             *),98.00, 99.00, 99.00, 99.00, 100.00
  27 , wicket_Und_GL_Log ,    9900  ,     0 (               |            -*),96.00, 99.00, 99.00, 99.00, 99.00
  27 , wicket_Und_Log ,    9900  ,   100 (               |             *),99.00, 99.00, 99.00, 100.00, 100.00
  27 , cassandra_GL_Gauss ,    9900  ,   100 (               |             *),98.00, 99.00, 99.00, 99.00, 100.00
  27 , camel_Tran_KNN3 ,    9900  ,     0 (               |             *),99.00, 99.00, 99.00, 99.00, 100.00
  27 , felix_GL_Tran_Gauss ,    9900  ,     0 (               |             *),99.00, 99.00, 99.00, 99.00, 99.00
  27 , camel_GL_Gauss ,    9900  ,   100 (               |             *),99.00, 99.00, 99.00, 100.00, 100.00
  27 , cassandra_Und_GL_Gauss ,    9900  ,     0 (               |             *),98.00, 99.00, 99.00, 99.00, 100.00
  27 , hive_Und_Tran_Gauss ,    9900  ,     0 (               |             *),99.00, 99.00, 99.00, 99.00, 99.00
  27 , accumulo_GL_Gauss ,    9900  ,     0 (               |             *),98.00, 99.00, 99.00, 99.00, 100.00
  27 , hive_Tran_Gauss ,    9900  ,     0 (               |             *),99.00, 99.00, 99.00, 99.00, 99.00
  27 , cxf_Und_GL_Tran_Gauss ,    9900  ,     0 (               |             *),99.00, 99.00, 99.00, 99.00, 99.00
  27 , cxf_Und_Tran_Gauss ,    9900  ,     0 (               |             *),99.00, 99.00, 99.00, 99.00, 99.00
  27 , hive_Und_GL_Gauss ,    9900  ,     0 (               |             *),99.00, 99.00, 99.00, 99.00, 99.00
  27 , derby_Und_GL_Gauss ,    9900  ,   100 (               |             *),98.00, 99.00, 99.00, 99.00, 99.00
  27 , cassandra_GL_Log ,    9900  ,   100 (               |             *),97.00, 98.00, 99.00, 99.00, 100.00
  27 ,  pig_Und_Log ,    9900  ,   200 (               |            -*),95.00, 97.00, 99.00, 99.00, 99.00
  27 , accumulo_Tran_Log ,    9900  ,     0 (               |             *),99.00, 99.00, 99.00, 99.00, 99.00
  27 , derby_Und_Gauss ,    9900  ,   100 (               |            -*),96.00, 98.00, 99.00, 99.00, 100.00
  27 , derby_Und_Tran_Log ,    9900  ,     0 (               |             *),99.00, 99.00, 99.00, 99.00, 99.00
  27 , bookkeeper_GL_Tran_Gauss ,    9900  ,     0 (               |             *),99.00, 99.00, 99.00, 99.00, 99.00
  27 , cassandra_Gauss ,    9900  ,   200 (               |             *),98.00, 98.00, 99.00, 100.00, 100.00
  27 , cassandra_Und_GL_Log ,    9900  ,   100 (               |             *),98.00, 98.00, 99.00, 99.00, 99.00
  27 , camel_GL_Tran_KNN10 ,    9900  ,     0 (               |             *),99.00, 99.00, 99.00, 99.00, 99.00
  27 , felix_Tran_Gauss ,    9900  ,     0 (               |             *),99.00, 99.00, 99.00, 99.00, 99.00
  27 , cxf_Und_GL_Log ,    9900  ,   100 (               |             *),98.00, 98.00, 99.00, 99.00, 99.00
  27 , pig_GL_Tran_Log ,    9900  ,     0 (               |             *),99.00, 99.00, 99.00, 99.00, 99.00
  27 , hive_Und_Gauss ,    9900  ,   200 (               |             *),98.00, 98.00, 99.00, 100.00, 100.00
  27 , wicket_Und_Tran_KNN10 ,    9900  ,   100 (               |             *),98.00, 98.00, 99.00, 99.00, 99.00
  27 , accumulo_Gauss ,    9900  ,   100 (               |             *),97.00, 99.00, 99.00, 100.00, 100.00
  27 , camel_GL_Tran_Gauss ,    9900  ,     0 (               |             *),99.00, 99.00, 99.00, 99.00, 99.00
  27 , derby_GL_Tran_Log ,    9900  ,     0 (               |             *),99.00, 99.00, 99.00, 99.00, 99.00
  27 , pig_Tran_Log ,    9900  ,     0 (               |             *),99.00, 99.00, 99.00, 99.00, 99.00
  27 , felix_GL_Tran_Log ,    9900  ,     0 (               |             *),99.00, 99.00, 99.00, 99.00, 99.00
  27 , bookkeeper_GL_Tran_Log ,    9900  ,     0 (               |             *),99.00, 99.00, 99.00, 99.00, 99.00
  27 , camel_Und_Log ,    9900  ,   100 (               |             *),98.00, 99.00, 99.00, 100.00, 100.00
  27 , cassandra_Und_Gauss ,    9900  ,   100 (               |             *),98.00, 98.00, 99.00, 99.00, 100.00
  27 ,  derby_Gauss ,    9900  ,   100 (               |             *),98.00, 98.00, 99.00, 99.00, 100.00
  27 , pig_GL_Gauss ,    9900  ,   100 (               |             *),99.00, 99.00, 99.00, 100.00, 100.00
  27 , cxf_Tran_KNN5 ,    9900  ,   100 (               |             *),98.00, 98.00, 99.00, 99.00, 99.00
  27 , wicket_Und_GL_Tran_Log ,    9900  ,     0 (               |             *),99.00, 99.00, 99.00, 99.00, 99.00
  27 , hive_Und_Log ,    9900  ,   100 (               |             *),98.00, 99.00, 99.00, 99.00, 100.00
  27 , wicket_GL_Tran_KNN10 ,    9900  ,     0 (               |             *),98.00, 99.00, 99.00, 99.00, 99.00
  27 , wicket_Tran_KNN10 ,    9900  ,     0 (               |             *),99.00, 99.00, 99.00, 99.00, 99.00
  27 , felix_Tran_KNN5 ,    9900  ,     0 (               |             *),98.00, 99.00, 99.00, 99.00, 99.00
  27 , felix_Tran_KNN3 ,    9900  ,   100 (               |             *),98.00, 99.00, 99.00, 99.00, 99.00
  27 , felix_Tran_KNN1 ,    9900  ,   100 (               |             *),98.00, 98.00, 99.00, 99.00, 99.00
  27 , camel_GL_Tran_KNN5 ,    9900  ,     0 (               |             *),99.00, 99.00, 99.00, 99.00, 99.00
  27 , felix_GL_Tran_KNN3 ,    9900  ,   100 (               |             *),98.00, 98.00, 99.00, 99.00, 99.00
  27 , felix_GL_Tran_KNN5 ,    9900  ,   100 (               |             *),98.00, 98.00, 99.00, 99.00, 99.00
  27 , camel_GL_Tran_KNN3 ,    9900  ,     0 (               |             *),99.00, 99.00, 99.00, 99.00, 99.00
  27 , derby_GL_Log ,    9900  ,     0 (               |             *),98.00, 99.00, 99.00, 99.00, 99.00
  27 ,      pig_Log ,    9900  ,   100 (               |             *),99.00, 99.00, 99.00, 100.00, 100.00
  27 , cxf_GL_Tran_Log ,    9900  ,     0 (               |             *),99.00, 99.00, 99.00, 99.00, 99.00
  27 , felix_Und_Log ,    9900  ,     0 (               |             *),98.00, 99.00, 99.00, 99.00, 100.00
  27 , wicket_Tran_KNN3 ,    9900  ,     0 (               |             *),99.00, 99.00, 99.00, 99.00, 99.00
  27 , wicket_Tran_KNN1 ,    9900  ,     0 (               |             *),99.00, 99.00, 99.00, 99.00, 99.00
  27 , accumulo_GL_Tran_Log ,    9900  ,     0 (               |             *),99.00, 99.00, 99.00, 99.00, 99.00
  27 , wicket_Tran_KNN5 ,    9900  ,     0 (               |             *),99.00, 99.00, 99.00, 99.00, 99.00
  27 , cassandra_GL_Tran_Log ,    9900  ,     0 (               |             *),99.00, 99.00, 99.00, 99.00, 99.00
  27 , camel_Tran_KNN1 ,    9900  ,   100 (               |             *),98.00, 98.00, 99.00, 99.00, 100.00
  27 , wicket_Und_GL_Tran_KNN5 ,    9900  ,   100 (               |             *),97.00, 98.00, 99.00, 99.00, 99.00
  27 , wicket_Und_GL_Tran_KNN3 ,    9900  ,   100 (               |             *),97.00, 98.00, 99.00, 99.00, 99.00
  27 , camel_Tran_KNN5 ,    9900  ,     0 (               |             *),99.00, 99.00, 99.00, 99.00, 99.00
  27 , hive_GL_Gauss ,    9900  ,   100 (               |             *),98.00, 99.00, 99.00, 100.00, 100.00
  27 , wicket_Gauss ,    9900  ,   200 (               |             *),98.00, 98.00, 99.00, 100.00, 100.00
  27 ,  camel_Gauss ,    9900  ,     0 (               |             *),98.00, 99.00, 99.00, 99.00, 100.00
  27 , cassandra_Tran_Gauss ,    9900  ,     0 (               |             *),99.00, 99.00, 99.00, 99.00, 99.00
  27 , wicket_GL_Log ,    9900  ,   100 (               |             *),99.00, 99.00, 99.00, 100.00, 100.00
  27 , camel_Und_GL_Tran_KNN3 ,    9900  ,     0 (               |             *),99.00, 99.00, 99.00, 99.00, 99.00
  27 , camel_Und_GL_Tran_KNN1 ,    9900  ,     0 (               |             *),98.00, 99.00, 99.00, 99.00, 99.00
  27 , camel_Und_GL_Tran_KNN5 ,    9900  ,     0 (               |             *),98.00, 99.00, 99.00, 99.00, 99.00
  27 , cassandra_Log ,    9900  ,   100 (               |             *),99.00, 99.00, 99.00, 100.00, 100.00
  27 , wicket_GL_Tran_Gauss ,    9900  ,     0 (               |             *),99.00, 99.00, 99.00, 99.00, 99.00
  27 , felix_Und_GL_Gauss ,    9900  ,     0 (               |             *),98.00, 99.00, 99.00, 99.00, 99.00
  27 , camel_Und_Tran_KNN5 ,    9900  ,     0 (               |             *),99.00, 99.00, 99.00, 99.00, 99.00
  27 , camel_Und_Tran_KNN1 ,    9900  ,     0 (               |             *),98.00, 99.00, 99.00, 99.00, 99.00
  27 , camel_Und_Tran_KNN3 ,    9900  ,     0 (               |             *),99.00, 99.00, 99.00, 99.00, 99.00
  27 ,  hive_GL_Log ,    9900  ,     0 (               |             *),99.00, 99.00, 99.00, 99.00, 100.00
  27 , wicket_GL_Tran_KNN3 ,    9900  ,     0 (               |             *),99.00, 99.00, 99.00, 99.00, 99.00
  27 , hive_Tran_KNN3 ,    9900  ,   100 (               |             *),98.00, 98.00, 99.00, 99.00, 99.00
  27 , hive_Tran_KNN5 ,    9900  ,   100 (               |             *),97.00, 98.00, 99.00, 99.00, 99.00
  27 , openjpa_Und_Gauss ,    9900  ,   200 (               |            -*),95.00, 98.00, 99.00, 99.00, 100.00
  27 ,   cxf_GL_Log ,    9900  ,     0 (               |             *),99.00, 99.00, 99.00, 99.00, 100.00
  27 , hive_Und_GL_Log ,    9900  ,     0 (               |             *),98.00, 99.00, 99.00, 99.00, 99.00
  27 , wicket_Und_Tran_KNN5 ,    9900  ,     0 (               |             *),98.00, 99.00, 99.00, 99.00, 99.00
  27 , wicket_Und_Tran_KNN1 ,    9900  ,   100 (               |             *),97.00, 99.00, 99.00, 99.00, 99.00
  27 , wicket_Und_Tran_KNN3 ,    9900  ,     0 (               |             *),98.00, 99.00, 99.00, 99.00, 99.00
  27 , accumulo_GL_Log ,    9900  ,   100 (               |             *),98.00, 99.00, 99.00, 99.00, 99.00
  27 , cxf_Und_GL_Gauss ,    9900  ,     0 (               |             *),98.00, 99.00, 99.00, 99.00, 99.00
  27 , felix_Und_Gauss ,    9900  ,   100 (               |             *),97.00, 98.00, 99.00, 99.00, 100.00
  27 , cxf_GL_Gauss ,    9900  ,     0 (               |             *),98.00, 99.00, 99.00, 99.00, 100.00
  27 , accumulo_Und_Tran_Log ,    9900  ,     0 (               |             *),99.00, 99.00, 99.00, 99.00, 99.00
  27 ,   hive_Gauss ,    9900  ,   100 (               |             *),99.00, 99.00, 99.00, 100.00, 100.00
  27 , cxf_Und_Gauss ,    9900  ,   100 (               |             *),97.00, 99.00, 99.00, 100.00, 100.00
  27 , felix_GL_Tran_KNN1 ,    9900  ,   100 (               |             *),98.00, 99.00, 99.00, 99.00, 99.00
  27 , derby_GL_Tran_Gauss ,    9900  ,     0 (               |             *),99.00, 99.00, 99.00, 99.00, 99.00
  27 , derby_Und_GL_Tran_Log ,    9900  ,     0 (               |             *),99.00, 99.00, 99.00, 99.00, 99.00
  27 , openjpa_Gauss ,    9900  ,   100 (               |             *),97.00, 99.00, 99.00, 100.00, 100.00
  27 ,    pig_Gauss ,    9900  ,   200 (               |             *),97.00, 97.00, 99.00, 99.00, 100.00
  27 , camel_GL_Tran_KNN1 ,    9900  ,     0 (               |             *),98.00, 99.00, 99.00, 99.00, 99.00
  27 , derby_GL_Gauss ,    9900  ,   100 (               |             *),98.00, 99.00, 99.00, 100.00, 100.00
  27 , cassandra_Und_Tran_Gauss ,    9900  ,     0 (               |             *),99.00, 99.00, 99.00, 99.00, 99.00
  27 , camel_Und_Tran_Log ,    9900  ,     0 (               |             *),99.00, 99.00, 99.00, 99.00, 99.00
  27 , bookkeeper_Und_GL_Tran_Log ,    9900  ,     0 (               |             *),99.00, 99.00, 99.00, 99.00, 99.00
  27 ,     hive_Log ,    10000  ,   100 (               |             *),99.00, 100.00, 100.00, 100.00, 100.00
  27 , cassandra_Und_GL_Tran_Gauss ,    10000  ,     0 (               |             *),100.00, 100.00, 100.00, 100.00, 100.00
  27 , openjpa_GL_Gauss ,    10000  ,   100 (               |             *),99.00, 99.00, 100.00, 100.00, 100.00
  27 , bookkeeper_Gauss ,    10000  ,     0 (               |             *),100.00, 100.00, 100.00, 100.00, 100.00
  27 , xerces2_Und_Tran_KNN1 ,    10000  ,     0 (               |             *),99.00, 100.00, 100.00, 100.00, 100.00
  27 , hive_Und_GL_Tran_Log ,    10000  ,     0 (               |             *),100.00, 100.00, 100.00, 100.00, 100.00
  27 , wicket_Tran_Log ,    10000  ,     0 (               |             *),100.00, 100.00, 100.00, 100.00, 100.00
  27 , camel_Tran_Gauss ,    10000  ,     0 (               |             *),100.00, 100.00, 100.00, 100.00, 100.00
  27 , pig_Und_Tran_Gauss ,    10000  ,     0 (               |             *),100.00, 100.00, 100.00, 100.00, 100.00
  27 ,    derby_Log ,    10000  ,   100 (               |             *),99.00, 99.00, 100.00, 100.00, 100.00
  27 , bookkeeper_Und_Gauss ,    10000  ,   200 (               |             *),98.00, 100.00, 100.00, 100.00, 100.00
  27 , felix_Und_Tran_Log ,    10000  ,     0 (               |             *),100.00, 100.00, 100.00, 100.00, 100.00
  27 , poi2_Und_GL_Log ,    10000  ,     0 (               |             *),97.00, 100.00, 100.00, 100.00, 100.00
  27 , felix_Tran_Log ,    10000  ,     0 (               |             *),100.00, 100.00, 100.00, 100.00, 100.00
  27 , cassandra_Tran_Log ,    10000  ,     0 (               |             *),100.00, 100.00, 100.00, 100.00, 100.00
  27 , hive_GL_Tran_Log ,    10000  ,     0 (               |             *),100.00, 100.00, 100.00, 100.00, 100.00
  27 , cxf_Tran_Log ,    10000  ,     0 (               |             *),100.00, 100.00, 100.00, 100.00, 100.00
  27 , derby_Tran_Log ,    10000  ,     0 (               |             *),100.00, 100.00, 100.00, 100.00, 100.00
  27 ,      cxf_Log ,    10000  ,     0 (               |             *),99.00, 100.00, 100.00, 100.00, 100.00
  27 , pig_Tran_Gauss ,    10000  ,     0 (               |             *),100.00, 100.00, 100.00, 100.00, 100.00
  27 , cxf_Tran_Gauss ,    10000  ,     0 (               |             *),100.00, 100.00, 100.00, 100.00, 100.00
  27 , cassandra_Und_Tran_Log ,    10000  ,     0 (               |             *),100.00, 100.00, 100.00, 100.00, 100.00
  27 , cassandra_Und_GL_Tran_Log ,    10000  ,     0 (               |             *),100.00, 100.00, 100.00, 100.00, 100.00
  27 , hive_Und_Tran_Log ,    10000  ,     0 (               |             *),100.00, 100.00, 100.00, 100.00, 100.00
  27 , bookkeeper_Tran_Log ,    10000  ,     0 (               |             *),100.00, 100.00, 100.00, 100.00, 100.00
  27 , openjpa_Und_Tran_Log ,    10000  ,     0 (               |             *),100.00, 100.00, 100.00, 100.00, 100.00
  27 , berek2_Und_Gauss ,    10000  ,     0 (               |        -----*),82.00, 100.00, 100.00, 100.00, 100.00
  27 ,    camel_Log ,    10000  ,     0 (               |             *),99.00, 100.00, 100.00, 100.00, 100.00
  27 , accumulo_Und_Gauss ,    10000  ,   100 (               |             *),99.00, 99.00, 100.00, 100.00, 100.00
  27 , berek2_Und_GL_Log ,    10000  ,  1300 (               |      -----  *),75.00, 93.00, 100.00, 100.00, 100.00
  27 , wicket_GL_Tran_Log ,    10000  ,     0 (               |             *),100.00, 100.00, 100.00, 100.00, 100.00
  27 , openjpa_GL_Tran_Gauss ,    10000  ,     0 (               |             *),100.00, 100.00, 100.00, 100.00, 100.00
  27 , hive_Tran_Log ,    10000  ,     0 (               |             *),100.00, 100.00, 100.00, 100.00, 100.00
  27 ,  openjpa_Log ,    10000  ,     0 (               |             *),99.00, 100.00, 100.00, 100.00, 100.00
  27 , bookkeeper_Log ,    10000  ,     0 (               |            -*),96.00, 100.00, 100.00, 100.00, 100.00
  27 , berek2_Und_GL_Gauss ,    10000  ,   400 (               |           - *),93.00, 96.00, 100.00, 100.00, 100.00
  27 , xerces2_Und_GL_Tran_KNN1 ,    10000  ,     0 (               |            -*),96.00, 100.00, 100.00, 100.00, 100.00
  27 , berek2_Und_Tran_KNN5 ,    10000  ,   400 (               |         ----*),85.00, 100.00, 100.00, 100.00, 100.00
  27 , berek2_Und_Tran_KNN3 ,    10000  ,     0 (               |         ----*),85.00, 100.00, 100.00, 100.00, 100.00
  27 , berek2_Und_Tran_KNN1 ,    10000  ,     0 (               |         ----*),85.00, 100.00, 100.00, 100.00, 100.00
  27 , openjpa_Und_GL_Tran_Log ,    10000  ,     0 (               |             *),100.00, 100.00, 100.00, 100.00, 100.00
  27 , bookkeeper_GL_Gauss ,    10000  ,     0 (               |             *),99.00, 100.00, 100.00, 100.00, 100.00
  27 ,    felix_Log ,    10000  ,   100 (               |             *),99.00, 99.00, 100.00, 100.00, 100.00
  27 , felix_Und_GL_Tran_Log ,    10000  ,     0 (               |             *),100.00, 100.00, 100.00, 100.00, 100.00
  27 , berek2_GL_Tran_KNN10 ,    10000  ,   500 (               |           - *),92.00, 95.00, 100.00, 100.00, 100.00
  27 , berek2_Und_GL_Tran_KNN1 ,    10000  ,   400 (               |         ----*),85.00, 100.00, 100.00, 100.00, 100.00
  27 , berek2_Und_GL_Tran_KNN3 ,    10000  ,   300 (               |       ------*),80.00, 100.00, 100.00, 100.00, 100.00
  27 , berek2_Und_GL_Tran_KNN5 ,    10000  ,  1200 (               |       ----- *),80.00, 95.00, 100.00, 100.00, 100.00
  27 , openjpa_GL_Tran_Log ,    10000  ,     0 (               |             *),100.00, 100.00, 100.00, 100.00, 100.00
  27 , poi2_Und_GL_Tran_KNN1 ,    10000  ,     0 (               |             *),99.00, 100.00, 100.00, 100.00, 100.00
  27 , accumulo_GL_Tran_Gauss ,    10000  ,     0 (               |             *),100.00, 100.00, 100.00, 100.00, 100.00
  27 , camel_Und_Gauss ,    10000  ,   100 (               |             *),99.00, 99.00, 100.00, 100.00, 100.00
  27 , log4j2_Und_GL_Gauss ,    10000  ,     0 (               |             *),99.00, 100.00, 100.00, 100.00, 100.00
  27 , cxf_GL_Tran_Gauss ,    10000  ,     0 (               |             *),100.00, 100.00, 100.00, 100.00, 100.00
  27 , log4j2_Und_GL_Tran_KNN1 ,    10000  ,     0 (               |             *),100.00, 100.00, 100.00, 100.00, 100.00
  27 , poi2_Und_Tran_KNN1 ,    10000  ,     0 (               |             *),97.00, 100.00, 100.00, 100.00, 100.00
  27 ,   wicket_Log ,    10000  ,   100 (               |             *),99.00, 100.00, 100.00, 100.00, 100.00
  27 , cassandra_GL_Tran_Gauss ,    10000  ,     0 (               |             *),100.00, 100.00, 100.00, 100.00, 100.00
  27 , openjpa_GL_Log ,    10000  ,   100 (               |             *),99.00, 99.00, 100.00, 100.00, 100.00
  27 , accumulo_Log ,    10000  ,     0 (               |             *),99.00, 100.00, 100.00, 100.00, 100.00
  27 , wicket_GL_Gauss ,    10000  ,   100 (               |             *),99.00, 99.00, 100.00, 100.00, 100.00
  27 , openjpa_Und_GL_Tran_Gauss ,    10000  ,     0 (               |             *),100.00, 100.00, 100.00, 100.00, 100.00
  27 , camel_Und_Tran_Gauss ,    10000  ,     0 (               |             *),100.00, 100.00, 100.00, 100.00, 100.00
  27 , openjpa_Tran_Gauss ,    10000  ,     0 (               |             *),100.00, 100.00, 100.00, 100.00, 100.00
  27 , berek2_Und_Log ,    10000  ,   500 (               |     --------*),71.00, 100.00, 100.00, 100.00, 100.00
  27 , cxf_Und_GL_Tran_Log ,    10000  ,     0 (               |             *),100.00, 100.00, 100.00, 100.00, 100.00
  27 , cxf_Und_Tran_Log ,    10000  ,     0 (               |             *),100.00, 100.00, 100.00, 100.00, 100.00
  27 , cassandra_Und_Log ,    10000  ,   100 (               |             *),99.00, 99.00, 100.00, 100.00, 100.00
  27 , hive_GL_Tran_Gauss ,    10000  ,     0 (               |             *),100.00, 100.00, 100.00, 100.00, 100.00
  27 , log4j2_Und_GL_Log ,    10000  ,     0 (               |             *),100.00, 100.00, 100.00, 100.00, 100.00
  27 , openjpa_Tran_Log ,    10000  ,     0 (               |             *),100.00, 100.00, 100.00, 100.00, 100.00
  27 , lucene2_Und_GL_Tran_KNN1 ,    10000  ,     0 (               |             *),100.00, 100.00, 100.00, 100.00, 100.00
  27 , pig_Und_Gauss ,    10000  ,   300 (               |            -*),95.00, 99.00, 100.00, 100.00, 100.00
  27 , lucene2_Und_GL_Log ,    10000  ,     0 (               |             *),100.00, 100.00, 100.00, 100.00, 100.00
  27 , wicket_Und_Tran_Log ,    10000  ,     0 (               |             *),100.00, 100.00, 100.00, 100.00, 100.00
  27 , wicket_Und_Gauss ,    10000  ,   100 (               |             *),98.00, 99.00, 100.00, 100.00, 100.00
  27 , lucene2_Und_Tran_KNN1 ,    10000  ,     0 (               |             *),100.00, 100.00, 100.00, 100.00, 100.00
  27 , hive_Und_GL_Tran_Gauss ,    10000  ,     0 (               |             *),100.00, 100.00, 100.00, 100.00, 100.00
  27 , pig_GL_Tran_Gauss ,    10000  ,     0 (               |             *),100.00, 100.00, 100.00, 100.00, 100.00
  27 , bookkeeper_Und_Tran_Log ,    10000  ,     0 (               |             *),100.00, 100.00, 100.00, 100.00, 100.00
  27 ,  cxf_Und_Log ,    10000  ,   100 (               |             *),99.00, 99.00, 100.00, 100.00, 100.00
  27 , berek2_Tran_KNN10 ,    10000  ,   500 (               |         --- *),85.00, 95.00, 100.00, 100.00, 100.00
  27 , log4j2_Und_Tran_KNN1 ,    10000  ,     0 (               |             *),100.00, 100.00, 100.00, 100.00, 100.00
