rank ,         name ,    med   ,  iqr 
----------------------------------------------------
   1 ,     hive_Log ,       0  ,   100 (*              |              ), 0.00,  0.00,  0.00,  0.00,  3.00
   1 , cassandra_Und_GL_Tran_Gauss ,       0  ,     0 (*              |              ), 0.00,  0.00,  0.00,  0.00,  0.00
   1 , openjpa_GL_Gauss ,       0  ,  1200 (*  -           |              ), 0.00,  0.00,  0.00, 12.00, 16.00
   1 , bookkeeper_Gauss ,       0  ,     0 (*              |              ), 0.00,  0.00,  0.00,  0.00,  0.00
   1 , xerces2_Und_Tran_KNN1 ,       0  ,     0 (*              |              ), 0.00,  0.00,  0.00,  0.00,  0.00
   1 , hive_Und_GL_Tran_Log ,       0  ,     0 (*              |              ), 0.00,  0.00,  0.00,  0.00,  0.00
   1 , camel_Und_GL_Tran_Gauss ,       0  ,     0 (*              |              ), 0.00,  0.00,  0.00,  0.00,  0.00
   1 , felix_Und_Tran_Gauss ,       0  ,     0 (*              |              ), 0.00,  0.00,  0.00,  0.00,  0.00
   1 , wicket_Tran_Log ,       0  ,     0 (*              |              ), 0.00,  0.00,  0.00,  0.00,  0.00
   1 , camel_Tran_Gauss ,       0  ,     0 (*              |              ), 0.00,  0.00,  0.00,  0.00,  0.00
   1 , derby_Und_GL_Tran_Gauss ,       0  ,     0 (*              |              ), 0.00,  0.00,  0.00,  0.00,  0.00
   1 , pig_Und_Tran_Gauss ,       0  ,     0 (*              |              ), 0.00,  0.00,  0.00,  0.00,  0.00
   1 ,    derby_Log ,       0  ,   200 (*              |              ), 0.00,  0.00,  0.00,  2.00,  5.00
   1 , bookkeeper_Und_Gauss ,       0  ,     0 (*--------      |              ), 0.00,  0.00,  0.00,  0.00, 31.00
   1 , bookkeeper_Und_GL_Tran_Gauss ,       0  ,     0 (*              |              ), 0.00,  0.00,  0.00,  0.00,  0.00
   1 , felix_Und_Tran_Log ,       0  ,     0 (*              |              ), 0.00,  0.00,  0.00,  0.00,  0.00
   1 , poi2_Und_GL_Log ,       0  ,     0 (*              |              ), 0.00,  0.00,  0.00,  0.00,  1.00
   1 , felix_Tran_Log ,       0  ,     0 (*              |              ), 0.00,  0.00,  0.00,  0.00,  0.00
   1 , cassandra_Tran_Log ,       0  ,     0 (*              |              ), 0.00,  0.00,  0.00,  0.00,  0.00
   1 , hive_GL_Tran_Log ,       0  ,     0 (*              |              ), 0.00,  0.00,  0.00,  0.00,  0.00
   1 , cxf_Tran_Log ,       0  ,     0 (*              |              ), 0.00,  0.00,  0.00,  0.00,  0.00
   1 , derby_Tran_Log ,       0  ,     0 (*              |              ), 0.00,  0.00,  0.00,  0.00,  0.00
   1 ,      cxf_Log ,       0  ,     0 (*              |              ), 0.00,  0.00,  0.00,  0.00,  5.00
   1 , camel_Tran_Log ,       0  ,     0 (*              |              ), 0.00,  0.00,  0.00,  0.00,  0.00
   1 , accumulo_Und_GL_Tran_Log ,       0  ,     0 (*              |              ), 0.00,  0.00,  0.00,  0.00,  0.00
   1 , pig_Tran_Gauss ,       0  ,     0 (*              |              ), 0.00,  0.00,  0.00,  0.00,  0.00
   1 , cxf_Tran_Gauss ,       0  ,     0 (*              |              ), 0.00,  0.00,  0.00,  0.00,  0.00
   1 ,    cxf_Gauss ,       0  ,     0 (*              |              ), 0.00,  0.00,  0.00,  0.00,  0.00
   1 , cassandra_Und_Tran_Log ,       0  ,     0 (*              |              ), 0.00,  0.00,  0.00,  0.00,  0.00
   1 , camel_GL_Tran_Log ,       0  ,     0 (*              |              ), 0.00,  0.00,  0.00,  0.00,  0.00
   1 , derby_Tran_Gauss ,       0  ,     0 (*              |              ), 0.00,  0.00,  0.00,  0.00,  0.00
   1 , cassandra_Und_GL_Tran_Log ,       0  ,     0 (*              |              ), 0.00,  0.00,  0.00,  0.00,  0.00
   1 , hive_Und_Tran_Log ,       0  ,     0 (*              |              ), 0.00,  0.00,  0.00,  0.00,  0.00
   1 , bookkeeper_Tran_Log ,       0  ,     0 (*              |              ), 0.00,  0.00,  0.00,  0.00,  0.00
   1 , accumulo_Und_GL_Tran_Gauss ,       0  ,     0 (*              |              ), 0.00,  0.00,  0.00,  0.00,  0.00
   1 , pig_Und_GL_Tran_Gauss ,       0  ,     0 (*              |              ), 0.00,  0.00,  0.00,  0.00,  0.00
   1 , openjpa_Und_Tran_Log ,       0  ,     0 (*              |              ), 0.00,  0.00,  0.00,  0.00,  0.00
   1 , berek2_Und_Gauss ,       0  ,     0 (*--            |              ), 0.00,  0.00,  0.00,  0.00, 13.00
   1 ,    camel_Log ,       0  ,     0 (*              |              ), 0.00,  0.00,  0.00,  0.00,  4.00
   1 , cassandra_GL_Gauss ,       0  ,   200 (*              |              ), 0.00,  0.00,  0.00,  2.00,  5.00
   1 , felix_GL_Tran_Gauss ,       0  ,     0 (*              |              ), 0.00,  0.00,  0.00,  0.00,  0.00
   1 , hive_Und_Tran_Gauss ,       0  ,     0 (*              |              ), 0.00,  0.00,  0.00,  0.00,  0.00
   1 ,  felix_Gauss ,       0  ,     0 (*              |              ), 0.00,  0.00,  0.00,  0.00,  0.00
   1 , hive_Tran_Gauss ,       0  ,     0 (*              |              ), 0.00,  0.00,  0.00,  0.00,  0.00
   1 , accumulo_Und_Gauss ,       0  ,     0 (*              |              ), 0.00,  0.00,  0.00,  0.00,  0.00
   1 , cxf_Und_GL_Tran_Gauss ,       0  ,     0 (*              |              ), 0.00,  0.00,  0.00,  0.00,  0.00
   1 , cxf_Und_Tran_Gauss ,       0  ,     0 (*              |              ), 0.00,  0.00,  0.00,  0.00,  0.00
   1 , accumulo_Tran_Gauss ,       0  ,     0 (*              |              ), 0.00,  0.00,  0.00,  0.00,  0.00
   1 , berek2_Und_GL_Log ,       0  ,   400 (*-------       |              ), 0.00,  0.00,  0.00,  3.00, 28.00
   1 , wicket_GL_Tran_Log ,       0  ,     0 (*              |              ), 0.00,  0.00,  0.00,  0.00,  0.00
   1 , openjpa_GL_Tran_Gauss ,       0  ,     0 (*              |              ), 0.00,  0.00,  0.00,  0.00,  0.00
   1 , hive_Tran_Log ,       0  ,     0 (*              |              ), 0.00,  0.00,  0.00,  0.00,  0.00
   1 ,  openjpa_Log ,       0  ,     0 (*              |              ), 0.00,  0.00,  0.00,  0.00,  0.00
   1 , bookkeeper_Log ,       0  ,     0 (*--            |              ), 0.00,  0.00,  0.00,  0.00, 13.00
   1 , accumulo_Tran_Log ,       0  ,     0 (*              |              ), 0.00,  0.00,  0.00,  0.00,  0.00
   1 , berek2_Und_GL_Gauss ,       0  ,  2100 (*     -------  |              ), 0.00,  0.00,  0.00, 21.00, 43.00
   1 , derby_Und_Gauss ,       0  ,     0 (*              |              ), 0.00,  0.00,  0.00,  0.00,  0.00
   1 , derby_Und_Tran_Log ,       0  ,     0 (*              |              ), 0.00,  0.00,  0.00,  0.00,  0.00
   1 , bookkeeper_GL_Tran_Gauss ,       0  ,     0 (*              |              ), 0.00,  0.00,  0.00,  0.00,  0.00
   1 , xerces2_Und_GL_Tran_KNN1 ,       0  ,     0 (*              |              ), 0.00,  0.00,  0.00,  0.00,  0.00
   1 , berek2_Und_Tran_KNN5 ,       0  ,  2100 (*---------     |              ), 0.00,  0.00,  0.00,  0.00, 35.00
   1 , berek2_Und_Tran_KNN3 ,       0  ,   200 (*---------     |              ), 0.00,  0.00,  0.00,  0.00, 35.00
   1 , berek2_Und_Tran_KNN1 ,       0  ,     0 (*              |              ), 0.00,  0.00,  0.00,  0.00,  3.00
   1 , cassandra_Gauss ,       0  ,     0 (*              |              ), 0.00,  0.00,  0.00,  0.00,  0.00
   1 , openjpa_Und_GL_Tran_Log ,       0  ,     0 (*              |              ), 0.00,  0.00,  0.00,  0.00,  0.00
   1 , bookkeeper_GL_Gauss ,       0  ,     0 (*------        |              ), 0.00,  0.00,  0.00,  0.00, 24.00
   1 ,    felix_Log ,       0  ,   200 (*              |              ), 0.00,  0.00,  0.00,  2.00,  5.00
   1 , felix_Tran_Gauss ,       0  ,     0 (*              |              ), 0.00,  0.00,  0.00,  0.00,  0.00
   1 , felix_Und_GL_Tran_Log ,       0  ,     0 (*              |              ), 0.00,  0.00,  0.00,  0.00,  0.00
   1 , hive_Und_Gauss ,       0  ,     0 (*              |              ), 0.00,  0.00,  0.00,  0.00,  0.00
   1 , accumulo_Gauss ,       0  ,     0 (*              |              ), 0.00,  0.00,  0.00,  0.00,  0.00
   1 , camel_GL_Tran_Gauss ,       0  ,     0 (*              |              ), 0.00,  0.00,  0.00,  0.00,  0.00
   1 , bookkeeper_GL_Log ,       0  ,  2300 (*   -------    |              ), 0.00,  0.00,  0.00, 16.00, 37.00
   1 , berek2_GL_Tran_KNN10 ,       0  ,  2800 (*       ----   |              ), 0.00,  0.00,  0.00, 28.00, 42.00
   1 , felix_Und_GL_Tran_Gauss ,       0  ,     0 (*              |              ), 0.00,  0.00,  0.00,  0.00,  0.00
   1 , berek2_Und_GL_Tran_KNN1 ,       0  ,     0 (*-----         |              ), 0.00,  0.00,  0.00,  0.00, 21.00
   1 , berek2_Und_GL_Tran_KNN3 ,       0  ,     0 (*-------       |              ), 0.00,  0.00,  0.00,  0.00, 28.00
   1 , berek2_Und_GL_Tran_KNN5 ,       0  ,  2100 (*     ----     |              ), 0.00,  0.00,  0.00, 21.00, 35.00
   1 , felix_GL_Tran_Log ,       0  ,     0 (*              |              ), 0.00,  0.00,  0.00,  0.00,  0.00
   1 , bookkeeper_Tran_Gauss ,       0  ,     0 (*              |              ), 0.00,  0.00,  0.00,  0.00,  0.00
   1 , cassandra_Und_Gauss ,       0  ,     0 (*              |              ), 0.00,  0.00,  0.00,  0.00,  0.00
   1 , openjpa_GL_Tran_Log ,       0  ,     0 (*              |              ), 0.00,  0.00,  0.00,  0.00,  0.00
   1 ,  derby_Gauss ,       0  ,     0 (*              |              ), 0.00,  0.00,  0.00,  0.00,  0.00
   1 , poi2_Und_GL_Tran_KNN1 ,       0  ,     0 (*              |              ), 0.00,  0.00,  0.00,  0.00,  1.00
   1 , wicket_Und_GL_Tran_Log ,       0  ,     0 (*              |              ), 0.00,  0.00,  0.00,  0.00,  0.00
   1 , accumulo_GL_Tran_Gauss ,       0  ,     0 (*              |              ), 0.00,  0.00,  0.00,  0.00,  0.00
   1 , camel_Und_Gauss ,       0  ,     0 (*              |              ), 0.00,  0.00,  0.00,  0.00,  0.00
   1 , log4j2_Und_GL_Gauss ,       0  ,     0 (*              |              ), 0.00,  0.00,  0.00,  0.00,  2.00
   1 , cxf_GL_Tran_Gauss ,       0  ,     0 (*              |              ), 0.00,  0.00,  0.00,  0.00,  0.00
   1 , log4j2_Und_GL_Tran_KNN1 ,       0  ,     0 (*              |              ), 0.00,  0.00,  0.00,  0.00,  0.00
   1 , bookkeeper_Und_Tran_Gauss ,       0  ,     0 (*              |              ), 0.00,  0.00,  0.00,  0.00,  0.00
   1 , poi2_Und_Tran_KNN1 ,       0  ,     0 (*              |              ), 0.00,  0.00,  0.00,  0.00,  0.00
   1 , cxf_GL_Tran_Log ,       0  ,     0 (*              |              ), 0.00,  0.00,  0.00,  0.00,  0.00
   1 ,   wicket_Log ,       0  ,   300 (*              |              ), 0.00,  0.00,  0.00,  0.00,  3.00
   1 , cassandra_GL_Tran_Log ,       0  ,     0 (*              |              ), 0.00,  0.00,  0.00,  0.00,  0.00
   1 , cassandra_GL_Tran_Gauss ,       0  ,     0 (*              |              ), 0.00,  0.00,  0.00,  0.00,  0.00
   1 , openjpa_GL_Log ,       0  ,  1300 (*  ----        |              ), 0.00,  0.00,  0.00, 12.00, 24.00
   1 , accumulo_Log ,       0  ,     0 (*-             |              ), 0.00,  0.00,  0.00,  0.00,  8.00
   1 , wicket_Und_GL_Tran_Gauss ,       0  ,     0 (*              |              ), 0.00,  0.00,  0.00,  0.00,  0.00
   1 , wicket_GL_Gauss ,       0  ,   500 (*--            |              ), 0.00,  0.00,  0.00,  4.00, 11.00
   1 , openjpa_Und_GL_Tran_Gauss ,       0  ,     0 (*              |              ), 0.00,  0.00,  0.00,  0.00,  0.00
   1 , wicket_Gauss ,       0  ,     0 (*              |              ), 0.00,  0.00,  0.00,  0.00,  0.00
   1 , camel_Und_Tran_Gauss ,       0  ,     0 (*              |              ), 0.00,  0.00,  0.00,  0.00,  0.00
   1 ,  camel_Gauss ,       0  ,     0 (*              |              ), 0.00,  0.00,  0.00,  0.00,  0.00
   1 , openjpa_Tran_Gauss ,       0  ,     0 (*              |              ), 0.00,  0.00,  0.00,  0.00,  0.00
   1 , berek2_Und_Log ,       0  ,   200 (*--            |              ), 0.00,  0.00,  0.00,  0.00, 13.00
   1 , cassandra_Tran_Gauss ,       0  ,     0 (*              |              ), 0.00,  0.00,  0.00,  0.00,  0.00
   1 , cxf_Und_GL_Tran_Log ,       0  ,     0 (*              |              ), 0.00,  0.00,  0.00,  0.00,  0.00
   1 , cxf_Und_Tran_Log ,       0  ,     0 (*              |              ), 0.00,  0.00,  0.00,  0.00,  0.00
   1 , wicket_GL_Tran_Gauss ,       0  ,     0 (*              |              ), 0.00,  0.00,  0.00,  0.00,  0.00
   1 , derby_Und_Tran_Gauss ,       0  ,     0 (*              |              ), 0.00,  0.00,  0.00,  0.00,  0.00
   1 , cassandra_Und_Log ,       0  ,   300 (*              |              ), 0.00,  0.00,  0.00,  3.00,  5.00
   1 , hive_GL_Tran_Gauss ,       0  ,     0 (*              |              ), 0.00,  0.00,  0.00,  0.00,  0.00
   1 , log4j2_Und_GL_Log ,       0  ,     0 (*              |              ), 0.00,  0.00,  0.00,  0.00,  0.00
   1 , openjpa_Und_Tran_Gauss ,       0  ,     0 (*              |              ), 0.00,  0.00,  0.00,  0.00,  0.00
   1 , openjpa_Tran_Log ,       0  ,     0 (*              |              ), 0.00,  0.00,  0.00,  0.00,  0.00
   1 , wicket_Und_Tran_Gauss ,       0  ,     0 (*              |              ), 0.00,  0.00,  0.00,  0.00,  0.00
   1 , lucene2_Und_GL_Tran_KNN1 ,       0  ,     0 (*              |              ), 0.00,  0.00,  0.00,  0.00,  0.00
   1 , pig_Und_Gauss ,       0  ,     0 (*--------------|-----         ), 0.00,  0.00,  0.00,  0.00, 70.00
   1 , lucene2_Und_GL_Log ,       0  ,     0 (*              |              ), 0.00,  0.00,  0.00,  0.00,  0.00
   1 , wicket_Und_Tran_Log ,       0  ,     0 (*              |              ), 0.00,  0.00,  0.00,  0.00,  0.00
   1 , wicket_Und_Gauss ,       0  ,     0 (*              |              ), 0.00,  0.00,  0.00,  0.00,  0.00
   1 , felix_Und_Gauss ,       0  ,     0 (*              |              ), 0.00,  0.00,  0.00,  0.00,  0.00
   1 , lucene2_Und_Tran_KNN1 ,       0  ,     0 (*              |              ), 0.00,  0.00,  0.00,  0.00,  0.00
   1 ,   hive_Gauss ,       0  ,     0 (*              |              ), 0.00,  0.00,  0.00,  0.00,  0.00
   1 , cxf_Und_Gauss ,       0  ,     0 (*              |              ), 0.00,  0.00,  0.00,  0.00,  0.00
   1 , derby_GL_Tran_Gauss ,       0  ,     0 (*              |              ), 0.00,  0.00,  0.00,  0.00,  0.00
   1 , openjpa_Gauss ,       0  ,     0 (*              |              ), 0.00,  0.00,  0.00,  0.00,  0.00
   1 ,    pig_Gauss ,       0  ,     0 (*              |              ), 0.00,  0.00,  0.00,  0.00,  0.00
   1 , hive_Und_GL_Tran_Gauss ,       0  ,     0 (*              |              ), 0.00,  0.00,  0.00,  0.00,  0.00
   1 , pig_GL_Tran_Gauss ,       0  ,     0 (*              |              ), 0.00,  0.00,  0.00,  0.00,  0.00
   1 , cassandra_Und_Tran_Gauss ,       0  ,     0 (*              |              ), 0.00,  0.00,  0.00,  0.00,  0.00
   1 , accumulo_Und_Tran_Gauss ,       0  ,     0 (*              |              ), 0.00,  0.00,  0.00,  0.00,  0.00
   1 , camel_Und_Tran_Log ,       0  ,     0 (*              |              ), 0.00,  0.00,  0.00,  0.00,  0.00
   1 , bookkeeper_Und_Tran_Log ,       0  ,     0 (*              |              ), 0.00,  0.00,  0.00,  0.00,  0.00
   1 , elearning2_Und_GL_Gauss ,     100  ,  6900 (*    ----------|---------     ), 0.00,  0.00,  1.00, 18.00, 83.00
   1 ,  cxf_Und_Log ,       0  ,   200 (*--            |              ), 0.00,  0.00,  0.00,  2.00, 10.00
   1 , berek2_Tran_KNN10 ,       0  ,  2800 (*     ------   |              ), 0.00,  0.00,  0.00, 21.00, 42.00
   1 , log4j2_Und_Tran_KNN1 ,       0  ,     0 (*              |              ), 0.00,  0.00,  0.00,  0.00,  0.00
   1 , wicket_Tran_Gauss ,       0  ,     0 (*              |              ), 0.00,  0.00,  0.00,  0.00,  0.00
   1 , camel_Und_GL_Tran_Log ,     100  ,     0 (*              |              ), 1.00,  1.00,  1.00,  1.00,  1.00
   1 , pig_Und_Tran_Log ,     100  ,     0 (*              |              ), 1.00,  1.00,  1.00,  1.00,  1.00
   1 , pig_Und_GL_Tran_Log ,     100  ,     0 (*              |              ), 1.00,  1.00,  1.00,  1.00,  1.00
   1 , xerces2_Und_GL_Log ,     100  ,   300 (*              |              ), 0.00,  1.00,  1.00,  3.00,  3.00
   1 , pig_GL_Tran_Log ,     100  ,     0 (*              |              ), 1.00,  1.00,  1.00,  1.00,  1.00
   1 , pig_Tran_Log ,     100  ,     0 (*              |              ), 1.00,  1.00,  1.00,  1.00,  1.00
   1 , hive_GL_Gauss ,     100  ,   300 (*              |              ), 0.00,  0.00,  1.00,  2.00,  6.00
   1 , cassandra_Log ,     100  ,   200 (*              |              ), 0.00,  0.00,  1.00,  2.00,  3.00
   2 , felix_GL_Gauss ,     200  ,   400 (*-             |              ), 0.00,  0.00,  2.00,  3.00,  7.00
   2 , derby_Und_Log ,     200  ,   100 (*-             |              ), 0.00,  1.00,  2.00,  2.00,  8.00
   2 , berek2_GL_Tran_KNN1 ,     200  ,  1400 (*  ---------   |              ), 0.00,  0.00,  2.00, 11.00, 40.00
   2 , cassandra_GL_Log ,     200  ,   300 (*              |              ), 0.00,  0.00,  2.00,  3.00,  6.00
   2 , berek2_Tran_KNN5 ,     200  ,  2800 (*     ------   |              ), 0.00,  0.00,  2.00, 21.00, 42.00
   2 , berek2_Tran_KNN3 ,     200  ,  2800 (*     -------- |              ), 0.00,  0.00,  2.00, 21.00, 47.00
   2 , derby_GL_Tran_Log ,     200  ,     0 (*              |              ), 2.00,  2.00,  2.00,  2.00,  2.00
   2 , hive_Und_Log ,     200  ,   300 (*              |              ), 0.00,  1.00,  2.00,  3.00,  6.00
   2 , accumulo_GL_Tran_Log ,     200  ,     0 (*              |              ), 2.00,  2.00,  2.00,  2.00,  2.00
   2 , cxf_GL_Gauss ,     200  ,   400 (*-             |              ), 0.00,  2.00,  2.00,  5.00,  9.00
   2 , accumulo_Und_Tran_Log ,     200  ,     0 (*              |              ), 2.00,  2.00,  2.00,  2.00,  2.00
   2 , derby_Und_GL_Tran_Log ,     200  ,     0 (*              |              ), 2.00,  2.00,  2.00,  2.00,  2.00
   2 , derby_GL_Gauss ,     200  ,   400 (*              |              ), 0.00,  0.00,  2.00,  3.00,  5.00
   2 , berek2_Gauss ,     200  ,  1200 (*     ----     |              ), 0.00,  0.00,  2.00, 21.00, 34.00
   2 , camel_GL_Log ,     300  ,   400 (*--            |              ), 0.00,  0.00,  3.00,  4.00, 11.00
   2 , felix_GL_Log ,     300  ,   500 (*--            |              ), 0.00,  2.00,  3.00,  6.00, 11.00
   2 , berek2_GL_Tran_KNN3 ,     300  ,  2100 (*     ------   |              ), 0.00,  0.00,  3.00, 21.00, 42.00
   2 , wicket_Und_Log ,     300  ,   500 (*-------       |              ), 0.00,  0.00,  3.00,  4.00, 28.00
   2 , berek2_Tran_KNN1 ,     300  ,  2800 (*       ------ |              ), 0.00,  0.00,  3.00, 28.00, 47.00
   2 , bookkeeper_GL_Tran_Log ,     300  ,     0 (*              |              ), 3.00,  3.00,  3.00,  3.00,  3.00
   2 , wicket_GL_Log ,     300  ,   500 (*-             |              ), 0.00,  0.00,  3.00,  4.00,  9.00
   2 ,  hive_GL_Log ,     300  ,   600 (*-             |              ), 0.00,  1.00,  3.00,  6.00,  9.00
   2 , bookkeeper_Und_GL_Tran_Log ,     300  ,     0 (*              |              ), 3.00,  3.00,  3.00,  3.00,  3.00
   2 , camel_GL_Gauss ,     400  ,   500 ( *             |              ), 0.00,  0.00,  4.00,  5.00,  9.00
   2 , cassandra_Und_GL_Gauss ,     400  ,   500 ( *             |              ), 0.00,  2.00,  4.00,  6.00,  9.00
   2 , log4j2_Und_Log ,     400  ,   800 ( *-            |              ), 0.00,  3.00,  4.00,  7.00, 11.00
   2 , camel_Und_Log ,     400  ,  1100 ( *--           |              ), 0.00,  0.00,  4.00,  6.00, 16.00
   2 , elearning2_Und_Tran_KNN1 ,     100  ,   900 ( * ------------|-----------   ), 0.00,  0.00,  4.00, 10.00, 90.00
   2 ,   cxf_GL_Log ,     400  ,   700 ( *-            |              ), 0.00,  2.00,  4.00,  9.00, 13.00
   2 , cassandra_Und_GL_Log ,     500  ,   400 (-*             |              ), 0.00,  4.00,  5.00,  6.00,  9.00
   2 , felix_Und_Log ,     500  ,  1300 ( * --          |              ), 0.00,  2.00,  5.00, 13.00, 18.00
   2 , hive_Und_GL_Gauss ,     600  ,   300 (-*-            |              ), 3.00,  5.00,  6.00,  8.00, 12.00
   2 , log4j2_Und_Tran_KNN10 ,     700  ,   500 (  *            |              ), 5.00,  5.00,  7.00, 10.00, 10.00
   2 , camel_GL_Tran_KNN1 ,     600  ,   800 (-*--           |              ), 2.00,  4.00,  6.00,  9.00, 14.00
   2 , log4j2_Und_Tran_KNN3 ,     600  ,   500 (-* -           |              ), 2.00,  5.00,  6.00, 10.00, 15.00
   2 , log4j2_Und_Tran_KNN5 ,     700  ,   500 (- *            |              ), 2.00,  5.00,  7.00, 10.00, 10.00
   3 , log4j2_Und_GL_Tran_KNN5 ,     700  ,   500 (--*            |              ), 2.00,  7.00,  7.00, 10.00, 12.00
   3 , accumulo_Und_Log ,     700  ,  1600 (- *----        |              ), 0.00,  5.00,  7.00, 13.00, 24.00
   3 , wicket_Und_GL_Gauss ,     700  ,   700 (- *--          |              ), 0.00,  4.00,  7.00, 11.00, 17.00
   3 , camel_Und_GL_Gauss ,     700  ,   600 (- *            |              ), 0.00,  5.00,  7.00, 10.00, 13.00
   3 , xerces2_Und_GL_Tran_KNN3 ,     700  ,   400 (- *            |              ), 2.00,  5.00,  7.00,  9.00, 11.00
   3 , log4j2_Und_GL_Tran_KNN10 ,     700  ,   200 (- *            |              ), 2.00,  5.00,  7.00,  7.00, 10.00
   3 , lucene2_Und_GL_Gauss ,     700  ,   700 (- *-           |              ), 3.00,  6.00,  7.00, 13.00, 14.00
   3 , log4j2_Tran_Log ,     700  ,     0 (  *            |              ), 7.00,  7.00,  7.00,  7.00,  7.00
   3 , log4j2_Und_GL_Tran_KNN3 ,     700  ,   300 (--*-           |              ), 3.00,  7.00,  7.00, 10.00, 15.00
   3 ,      pig_Log ,     700  ,  1200 (  *---         |              ), 0.00,  0.00,  7.00, 10.00, 20.00
   3 , camel_Tran_KNN1 ,     700  ,   800 (- *-           |              ), 0.00,  4.00,  7.00, 10.00, 14.00
   3 , log4j2_Tran_KNN5 ,     700  ,   500 ( -*            |              ), 5.00,  7.00,  7.00, 12.00, 12.00
   3 , log4j2_GL_Tran_KNN10 ,     700  ,   500 (  *            |              ), 5.00,  5.00,  7.00, 10.00, 12.00
   3 , log4j2_Tran_KNN10 ,     700  ,   500 (--*            |              ), 2.00,  7.00,  7.00, 10.00, 12.00
   3 , hive_Und_GL_Log ,     700  ,   400 (- *            |              ), 3.00,  6.00,  7.00,  9.00, 13.00
   4 , camel_Und_GL_Log ,     800  ,  1100 (- *----        |              ), 0.00,  4.00,  8.00, 13.00, 26.00
   4 , cassandra_Und_GL_Tran_KNN1 ,     800  ,   900 (- *-           |              ), 2.00,  5.00,  8.00, 12.00, 15.00
   4 , accumulo_GL_Gauss ,     800  ,   800 (- *---         |              ), 0.00,  5.00,  8.00, 12.00, 21.00
   4 , derby_GL_Log ,     800  ,   400 (  *            |              ), 4.00,  6.00,  8.00, 10.00, 12.00
   4 , jedit2_Und_GL_Log ,     600  ,   600 (- *            | ------------ ), 1.00,  6.00,  8.00, 57.00, 96.00
   4 , xerces2_Und_Tran_KNN3 ,     900  ,   500 ( -*-           |              ), 5.00,  7.00,  9.00, 10.00, 14.00
   4 , berek2_GL_Tran_KNN5 ,     900  ,  2800 (  *   ------   |              ), 0.00,  0.00,  9.00, 21.00, 42.00
   4 , poi2_Und_GL_Tran_KNN3 ,     900  ,   500 ( -*-           |              ), 6.00,  9.00,  9.00, 13.00, 15.00
   4 , elearning2_Und_GL_Log ,     900  ,  1700 (  *  -------   |              ), 0.00,  1.00,  9.00, 18.00, 42.00
   4 , camel_GL_Tran_KNN3 ,     900  ,   800 (- *-           |              ), 3.00,  6.00,  9.00, 13.00, 16.00
   4 , log4j2_GL_Tran_KNN5 ,    1000  ,   500 ( - *           |              ), 5.00,  7.00, 10.00, 10.00, 12.00
   4 , xerces2_Und_Tran_KNN5 ,    1000  ,   200 (   *           |              ), 7.00,  9.00, 10.00, 11.00, 16.00
   4 ,   pig_GL_Log ,    1000  ,  1300 (-- *-          |              ), 0.00,  7.00, 10.00, 13.00, 19.00
   4 , berek2_GL_Log ,    1000  ,  2600 (   *   --      |              ), 0.00,  2.00, 10.00, 25.00, 30.00
   4 , log4j2_GL_Gauss ,    1000  ,   500 ( - *           |              ), 5.00,  7.00, 10.00, 12.00, 15.00
   4 , derby_Und_GL_Gauss ,    1000  ,   700 (-- *--         |              ), 1.00,  7.00, 10.00, 13.00, 22.00
   4 , xerces2_Und_GL_Tran_KNN5 ,    1000  ,   400 ( - *           |              ), 5.00,  7.00, 10.00, 11.00, 14.00
   4 , xerces2_Und_GL_Tran_KNN10 ,    1000  ,   500 ( - *           |              ), 6.00,  9.00, 10.00, 13.00, 15.00
   4 , elearning2_Und_GL_Tran_KNN1 ,    1000  ,  2400 (-  *         --|-----------   ), 1.00,  4.00, 10.00, 45.00, 90.00
   4 , camel_GL_Tran_KNN5 ,    1000  ,   700 ( - *-          |              ), 4.00,  8.00, 10.00, 13.00, 19.00
   4 , cassandra_Und_Tran_KNN1 ,    1000  ,   500 ( - *-          |              ), 6.00,  9.00, 10.00, 14.00, 17.00
   4 , openjpa_Und_Gauss ,    1000  ,  8300 (   *           |        ----- ), 0.00,  0.00, 10.00, 81.00, 95.00
   4 , cxf_Und_GL_Gauss ,    1000  ,   500 ( - *-          |              ), 5.00,  8.00, 10.00, 13.00, 18.00
   4 , camel_Tran_KNN3 ,    1100  ,   900 (-- *---        |              ), 0.00,  7.00, 11.00, 16.00, 23.00
   4 , cxf_Und_GL_Log ,    1100  ,   700 ( - *-          |              ), 5.00,  9.00, 11.00, 15.00, 18.00
   4 , poi2_Und_Tran_KNN3 ,    1100  ,   400 ( - *           |              ), 6.00,  9.00, 11.00, 13.00, 15.00
   4 , poi2_Und_GL_Gauss ,    1100  ,   400 (   *--         |              ), 7.00,  9.00, 11.00, 13.00, 20.00
   4 , log4j2_GL_Tran_KNN3 ,    1200  ,   500 ( --*--         |              ), 5.00, 10.00, 12.00, 15.00, 22.00
   4 , xerces2_Und_Log ,    1200  ,   300 (  -*-          |              ), 9.00, 11.00, 12.00, 14.00, 17.00
   4 ,   log4j2_Log ,    1200  ,   700 ( --*--         |              ), 5.00, 10.00, 12.00, 15.00, 20.00
   4 , camel_GL_Tran_KNN10 ,    1200  ,   600 ( - *--         |              ), 4.00,  9.00, 12.00, 13.00, 20.00
   4 , felix_Tran_KNN1 ,    1200  ,   900 ( - *-          |              ), 5.00,  7.00, 12.00, 16.00, 18.00
   4 , log4j2_Tran_KNN3 ,    1200  ,   500 ( --*-          |              ), 5.00, 10.00, 12.00, 12.00, 17.00
   4 , camel_Und_GL_Tran_KNN1 ,    1200  ,   800 ( - *-          |              ), 4.00,  8.00, 12.00, 15.00, 19.00
   4 , camel_Und_Tran_KNN1 ,    1200  ,   900 ( - *---        |              ), 4.00,  9.00, 12.00, 16.00, 23.00
   4 , xerces2_Und_Tran_KNN10 ,    1200  ,   500 (  -*-          |              ), 8.00, 10.00, 12.00, 14.00, 19.00
   5 ,   berek2_Log ,    1300  ,  2600 (   *    -------|              ), 0.00,  2.00, 13.00, 28.00, 50.00
   5 , elearning2_Und_Log ,     900  ,  6700 (--   *         |     --       ), 0.00,  8.00, 18.00, 71.00, 78.00
   5 , xerces2_Tran_KNN5 ,    1300  ,   400 (   *-          |              ),10.00, 12.00, 13.00, 16.00, 19.00
   5 , synapse2_Und_Tran_KNN1 ,    1300  ,  1100 ( - * --        |              ), 6.00,  9.00, 13.00, 17.00, 25.00
   5 , wicket_Tran_KNN1 ,    1300  ,   800 (---*-          |              ), 3.00, 11.00, 13.00, 16.00, 19.00
   5 , camel_Tran_KNN5 ,    1300  ,  1100 (-- *---        |              ), 3.00,  7.00, 13.00, 16.00, 23.00
   5 ,  xerces2_Log ,    1300  ,   400 (   *--         |              ),10.00, 12.00, 13.00, 15.00, 20.00
   5 , wicket_Und_Tran_KNN1 ,    1300  ,   600 ( --* ---       |              ), 6.00, 11.00, 13.00, 17.00, 29.00
   5 , camel_Tran_KNN10 ,    1400  ,  1100 (  - * -        |              ), 7.00, 10.00, 14.00, 20.00, 23.00
   5 , wicket_Und_GL_Log ,    1400  ,  1200 (--  *--        |              ), 3.00,  7.00, 14.00, 18.00, 25.00
   5 , synapse2_Und_GL_Tran_KNN1 ,    1400  ,  1400 ( -  *-         |              ), 4.00,  7.00, 14.00, 18.00, 22.00
   5 , xerces2_GL_Tran_KNN5 ,    1400  ,   600 (    *-         |              ),10.00, 13.00, 14.00, 18.00, 21.00
   5 , hive_GL_Tran_KNN1 ,    1400  ,   400 (    *-         |              ),10.00, 12.00, 14.00, 16.00, 22.00
   5 , felix_Und_GL_Gauss ,    1400  ,  1100 (--- *--        |              ), 2.00, 12.00, 14.00, 19.00, 24.00
   5 , log4j2_GL_Tran_Log ,    1400  ,     0 (    *          |              ),14.00, 14.00, 14.00, 14.00, 14.00
   5 , hive_Tran_KNN1 ,    1400  ,   600 (    *          |              ),10.00, 12.00, 14.00, 17.00, 18.00
   5 , hive_Und_GL_Tran_KNN1 ,    1400  ,   600 ( -- *--        |              ), 6.00, 12.00, 14.00, 17.00, 23.00
   5 , xerces2_Tran_KNN3 ,    1500  ,   600 (    *-         |              ),11.00, 13.00, 15.00, 18.00, 22.00
   5 , xerces2_GL_Tran_KNN10 ,    1500  ,   500 (  - *          |              ), 9.00, 12.00, 15.00, 16.00, 18.00
   5 , xerces2_Tran_KNN10 ,    1500  ,   700 (    *-         |              ),10.00, 12.00, 15.00, 18.00, 20.00
   5 , poi2_Und_GL_Tran_KNN5 ,    1500  ,   500 (  - *          |              ), 8.00, 13.00, 15.00, 17.00, 19.00
   5 , xerces2_GL_Tran_KNN3 ,    1500  ,   400 (   -*-         |              ),11.00, 15.00, 15.00, 17.00, 20.00
   5 , lucene2_Und_Tran_KNN3 ,    1500  ,   600 (    *-         |              ),12.00, 13.00, 15.00, 18.00, 21.00
   5 , felix_GL_Tran_KNN1 ,    1500  ,  1100 (  - *---       |              ), 8.00, 10.00, 15.00, 18.00, 28.00
   6 , wicket_GL_Tran_KNN1 ,    1600  ,  1200 ( -- * -        |              ), 5.00, 12.00, 16.00, 21.00, 24.00
   6 , cassandra_GL_Tran_KNN1 ,    1600  ,   900 (  - * -        |              ), 9.00, 12.00, 16.00, 20.00, 25.00
   6 , hive_Und_Tran_KNN1 ,    1600  ,   600 (  - *--        |              ), 9.00, 13.00, 16.00, 19.00, 23.00
   6 , xerces2_GL_Log ,    1600  ,   400 (   -*-         |              ),11.00, 14.00, 16.00, 17.00, 21.00
   6 , hive_GL_Tran_KNN3 ,    1600  ,   800 (   -*--        |              ),10.00, 15.00, 16.00, 19.00, 26.00
   6 , cassandra_Tran_KNN1 ,    1600  ,  1000 (  - * -        |              ), 9.00, 13.00, 16.00, 22.00, 24.00
   6 , poi2_Und_Tran_KNN5 ,    1600  ,   700 (    *-         |              ),10.00, 13.00, 16.00, 19.00, 21.00
   6 , wicket_Und_GL_Tran_KNN1 ,    1600  ,  1100 ( -- *--        |              ), 5.00, 10.00, 16.00, 18.00, 23.00
   6 , derby_Und_GL_Log ,    1600  ,  1100 (  - * ---      |              ), 8.00, 12.00, 16.00, 20.00, 30.00
   6 , camel_Und_Tran_KNN3 ,    1600  ,  1100 ( ---* --       |              ), 5.00, 14.00, 16.00, 22.00, 28.00
   6 , hive_Tran_KNN3 ,    1600  ,   600 (   -*-         |              ),11.00, 14.00, 16.00, 18.00, 22.00
   6 , cassandra_Und_GL_Tran_KNN3 ,    1700  ,  1300 (  -- * -       |              ), 8.00, 14.00, 17.00, 24.00, 27.00
   6 , cassandra_GL_Tran_KNN3 ,    1700  ,   900 (  -  *-        |              ), 7.00, 12.00, 17.00, 20.00, 25.00
   6 ,  pig_Und_Log ,    1700  ,  2600 (--   * --------|---           ), 0.00,  7.00, 17.00, 26.00, 63.00
   6 , lucene2_Und_GL_Tran_KNN3 ,    1700  ,   800 (  -  *         |              ), 8.00, 12.00, 17.00, 19.00, 21.00
   6 , pig_GL_Gauss ,    1700  ,  2600 (     * --      |              ), 0.00,  0.00, 17.00, 24.00, 30.00
   6 , felix_Tran_KNN3 ,    1700  ,   900 ( --  *-        |              ), 6.00, 13.00, 17.00, 22.00, 26.00
   6 , wicket_Tran_KNN3 ,    1700  ,   800 (---  *-        |              ), 3.00, 12.00, 17.00, 19.00, 23.00
   6 , berek2_GL_Gauss ,    1700  ,  3000 (     *  -------|              ), 0.00,  0.00, 17.00, 28.00, 50.00
   6 , xerces2_Und_GL_Gauss ,    1700  ,   600 (  -  *-        |              ), 9.00, 12.00, 17.00, 18.00, 23.00
   6 , camel_Und_GL_Tran_KNN3 ,    1700  ,   900 ( --  *--       |              ), 5.00, 12.00, 17.00, 20.00, 28.00
   6 , synapse2_Und_GL_Log ,    1700  ,  1100 ( --  *-        |              ), 6.00, 12.00, 17.00, 20.00, 25.00
   7 , log4j2_GL_Log ,    1800  ,  1000 (   - *-        |              ),10.00, 14.00, 18.00, 20.00, 26.00
   7 , cassandra_Tran_KNN3 ,    1800  ,  1000 (  -  *-        |              ), 7.00, 13.00, 18.00, 20.00, 24.00
   7 , wicket_Tran_KNN5 ,    1800  ,  1100 ( --- * -       |              ), 5.00, 14.00, 18.00, 23.00, 28.00
   7 , hive_GL_Tran_KNN5 ,    1800  ,   700 (   - *--       |              ),12.00, 16.00, 18.00, 22.00, 27.00
   7 , wicket_GL_Tran_KNN3 ,    1800  ,  1100 (  -  *---      |              ), 7.00, 13.00, 18.00, 22.00, 31.00
   7 , cxf_GL_Tran_KNN1 ,    1900  ,   400 (   --*-        |              ),10.00, 18.00, 19.00, 22.00, 26.00
   7 , cassandra_Tran_KNN5 ,    1900  ,  1200 (   - * -       |              ),10.00, 15.00, 19.00, 24.00, 27.00
   7 , cassandra_GL_Tran_KNN5 ,    1900  ,   900 (  -- *--       |              ), 7.00, 16.00, 19.00, 22.00, 28.00
   7 , lucene2_Und_GL_Tran_KNN5 ,    1900  ,   700 (    -*-        |              ),15.00, 17.00, 19.00, 22.00, 26.00
   7 , xerces2_GL_Tran_KNN1 ,    1900  ,   700 (    -* -       |              ),16.00, 17.00, 19.00, 23.00, 29.00
   7 , bookkeeper_Und_Log ,    1900  ,  4700 (     *       --|-----         ), 0.00,  0.00, 19.00, 45.00, 71.00
   7 , xerces2_Tran_KNN1 ,    1900  ,   500 (    -*-        |              ),15.00, 17.00, 19.00, 22.00, 25.00
   7 , poi2_Und_GL_Tran_KNN10 ,    1900  ,   700 (     *-        |              ),14.00, 16.00, 19.00, 21.00, 24.00
   7 , accumulo_GL_Log ,    1900  ,  1000 ( --  *-        |              ), 6.00, 11.00, 19.00, 21.00, 24.00
   8 , poi2_Tran_KNN10 ,    2000  ,   600 (    - *-       |              ),14.00, 18.00, 20.00, 23.00, 27.00
   8 , cxf_Und_Tran_KNN1 ,    2000  ,   900 (   -  *-       |              ),13.00, 15.00, 20.00, 24.00, 27.00
   8 , elearning2_Tran_KNN1 ,    2000  ,  8000 (      *        |       ----   ), 0.00,  1.00, 20.00, 76.00, 90.00
   8 , wicket_Tran_KNN10 ,    2000  ,  1300 (   -  *        |              ),10.00, 16.00, 20.00, 28.00, 29.00
   8 , poi2_Tran_KNN5 ,    2000  ,   500 (   -- *-       |              ),13.00, 18.00, 20.00, 23.00, 29.00
   8 , wicket_Und_GL_Tran_KNN3 ,    2000  ,  1200 (  --  *---     |              ), 9.00, 14.00, 20.00, 24.00, 33.00
   8 , poi2_Und_Tran_KNN10 ,    2000  ,   400 (   -- *        |              ),13.00, 17.00, 20.00, 21.00, 24.00
   8 , camel_Und_Tran_KNN5 ,    2000  ,  1100 ( ---- *---     |              ), 5.00, 18.00, 20.00, 24.00, 34.00
   8 , hive_Tran_KNN5 ,    2000  ,   500 (   -- *        |              ),11.00, 17.00, 20.00, 22.00, 26.00
   8 , wicket_Und_Tran_KNN3 ,    2000  ,  1300 (  -   *-       |              ), 9.00, 12.00, 20.00, 23.00, 28.00
   8 , felix_Und_GL_Log ,    2100  ,  1100 (   -  *--      |              ),10.00, 16.00, 21.00, 24.00, 30.00
   8 , wicket_GL_Tran_KNN5 ,    2100  ,  1200 (  -   *--      |              ), 7.00, 13.00, 21.00, 24.00, 31.00
   8 , cassandra_Und_Tran_KNN3 ,    2100  ,   700 (    - *-       |              ),14.00, 17.00, 21.00, 23.00, 29.00
   8 , poi2_GL_Tran_KNN5 ,    2100  ,   600 (    - *-       |              ),15.00, 19.00, 21.00, 25.00, 28.00
   8 , poi2_GL_Tran_KNN10 ,    2100  ,   400 (     -*--      |              ),17.00, 20.00, 21.00, 22.00, 30.00
   8 , cxf_Tran_KNN1 ,    2100  ,  1100 (  --- *        |              ), 9.00, 18.00, 21.00, 27.00, 29.00
   8 , felix_GL_Tran_KNN3 ,    2100  ,  1200 (   -- *---     |              ),12.00, 18.00, 21.00, 26.00, 33.00
   8 , camel_Und_GL_Tran_KNN5 ,    2100  ,   900 (   -- *----    |              ),12.00, 17.00, 21.00, 23.00, 38.00
   8 , lucene2_Und_Tran_KNN5 ,    2100  ,   800 (   -- *-       |              ),13.00, 18.00, 21.00, 25.00, 29.00
   8 , log4j2_GL_Tran_KNN1 ,    2200  ,  1400 (   -  * ---    |              ),10.00, 15.00, 22.00, 29.00, 38.00
   8 , synapse2_Und_GL_Gauss ,    2200  ,  1300 (   -  * -      |              ),11.00, 16.00, 22.00, 27.00, 31.00
   8 , cxf_GL_Tran_KNN3 ,    2200  ,  1000 (    - *        |              ),15.00, 18.00, 22.00, 28.00, 29.00
   8 , poi2_Und_Log ,    2200  ,   300 (    - *-       |              ),16.00, 19.00, 22.00, 22.00, 27.00
   8 , poi2_Und_Gauss ,    2200  ,   500 (    - *--      |              ),16.00, 19.00, 22.00, 24.00, 30.00
   8 , cassandra_Und_GL_Tran_KNN5 ,    2200  ,   700 (   ---*---     |              ),10.00, 20.00, 22.00, 26.00, 34.00
   8 , cxf_GL_Tran_KNN5 ,    2300  ,  1100 (    -- * -     |              ),16.00, 20.00, 23.00, 30.00, 34.00
   8 , berek2_Und_GL_Tran_Log ,    2300  ,     0 (       *       |              ),23.00, 23.00, 23.00, 23.00, 23.00
   8 , poi2_GL_Tran_KNN3 ,    2300  ,   800 (     - *       |              ),17.00, 20.00, 23.00, 26.00, 29.00
   8 , cxf_Und_GL_Tran_KNN1 ,    2300  ,  1000 (   --  *--     |              ),11.00, 19.00, 23.00, 27.00, 35.00
   8 , berek2_Tran_Gauss ,    2300  ,     0 (       *       |              ),23.00, 23.00, 23.00, 23.00, 23.00
   8 , wicket_GL_Tran_KNN10 ,    2300  ,  1100 (   --  *-      |              ),12.00, 18.00, 23.00, 27.00, 31.00
   8 , poi2_Tran_KNN3 ,    2300  ,   700 (    -- *       |              ),15.00, 20.00, 23.00, 26.00, 29.00
   8 , wicket_Und_Tran_KNN5 ,    2300  ,  1300 (   -   *       |              ),10.00, 16.00, 23.00, 26.00, 29.00
   9 ,  poi2_GL_Log ,    2400  ,   500 (     --*-      |              ),18.00, 23.00, 24.00, 26.00, 30.00
   9 , ant2_Und_Tran_KNN1 ,    2400  ,   700 (     --*-      |              ),17.00, 23.00, 24.00, 28.00, 32.00
   9 ,   poi2_Gauss ,    2400  ,   600 (     - *       |              ),19.00, 21.00, 24.00, 26.00, 29.00
   9 , poi2_Tran_Gauss ,    2400  ,     0 (       *       |              ),24.00, 24.00, 24.00, 24.00, 24.00
   9 , wicket_Und_GL_Tran_KNN5 ,    2400  ,  1900 (   --  *  ---- |              ),10.00, 18.00, 24.00, 35.00, 49.00
   9 , hive_Und_GL_Tran_KNN3 ,    2500  ,   700 (    -- *-      |              ),15.00, 21.00, 25.00, 28.00, 32.00
   9 , log4j2_Und_Tran_Log ,    2500  ,     0 (       *       |              ),25.00, 25.00, 25.00, 25.00, 25.00
   9 , pc1_Und_GL_Tran_Gauss ,    2500  ,     0 (       *       |              ),25.00, 25.00, 25.00, 25.00, 25.00
   9 , cxf_Tran_KNN3 ,    2500  ,  1100 (   --- * -     |              ),13.00, 21.00, 25.00, 30.00, 33.00
   9 , pc4_GL_Gauss ,    2500  ,   800 (       *       |              ),20.00, 22.00, 25.00, 30.00, 32.00
   9 , xerces2_Tran_Log ,    2500  ,     0 (       *       |              ),25.00, 25.00, 25.00, 25.00, 25.00
  10 , ant2_Und_GL_Log ,    2600  ,  1000 (     - * -     |              ),19.00, 22.00, 26.00, 31.00, 34.00
  10 ,     poi2_Log ,    2600  ,   500 (       *-      |              ),23.00, 24.00, 26.00, 29.00, 31.00
  10 , cassandra_Und_Tran_KNN5 ,    2600  ,   500 (     --*--     |              ),19.00, 24.00, 26.00, 28.00, 33.00
  10 , poi2_GL_Tran_KNN1 ,    2600  ,   800 (     - *--     |              ),18.00, 22.00, 26.00, 29.00, 34.00
  10 , log4j2_Tran_KNN1 ,    2600  ,  1600 (  ---  * --    |              ), 8.00, 17.00, 26.00, 31.00, 38.00
  10 , felix_Und_Tran_KNN1 ,    2600  ,   800 (     --* --    |              ),19.00, 23.00, 26.00, 30.00, 39.00
  10 , log4j2_Und_Gauss ,    2600  ,  1500 (   --- * ----  |              ),12.00, 21.00, 26.00, 32.00, 43.00
  10 , felix_Tran_KNN5 ,    2600  ,   900 (   --- *-      |              ),12.00, 21.00, 26.00, 27.00, 32.00
  10 , poi2_Tran_KNN1 ,    2600  ,   800 (       *-      |              ),20.00, 22.00, 26.00, 29.00, 31.00
  11 , pig_Und_GL_Log ,    2900  ,  2400 (   ---- *   ---|              ),10.00, 23.00, 29.00, 42.00, 51.00
  11 , cassandra_Tran_KNN10 ,    2700  ,   900 (     -- *-     |              ),19.00, 23.00, 27.00, 30.00, 33.00
  11 , hive_Und_Tran_KNN3 ,    2700  ,   900 (     -- *-     |              ),19.00, 23.00, 27.00, 29.00, 35.00
  11 , xerces2_GL_Gauss ,    2700  ,   500 (      - *-     |              ),20.00, 25.00, 27.00, 30.00, 34.00
  11 , elearning2_GL_Log ,    2700  ,  6600 (-----   *      |      ---     ), 3.00, 18.00, 27.00, 75.00, 83.00
  11 , cxf_Tran_KNN5 ,    2700  ,  1100 (    --  *--    |              ),15.00, 21.00, 27.00, 31.00, 36.00
  11 , felix_GL_Tran_KNN5 ,    2700  ,   800 (     -- *--    |              ),17.00, 24.00, 27.00, 29.00, 37.00
  11 , cassandra_GL_Tran_KNN10 ,    2800  ,  1200 (    --- * -    |              ),15.00, 23.00, 28.00, 34.00, 37.00
  11 ,   ant2_Gauss ,    2800  ,   600 (      - *      |              ),20.00, 23.00, 28.00, 29.00, 31.00
  11 , pc1_Und_GL_Tran_Log ,    2800  ,     0 (        *      |              ),28.00, 28.00, 28.00, 28.00, 28.00
  11 , xerces2_Gauss ,    2800  ,   700 (     -- *      |              ),19.00, 23.00, 28.00, 29.00, 32.00
  11 , openjpa_Und_Log ,    2800  ,  3200 (-----   *   ---|---           ), 0.00, 19.00, 28.00, 42.00, 65.00
  11 , ant2_Und_GL_Tran_KNN1 ,    2800  ,   600 (     -- *-     |              ),17.00, 25.00, 28.00, 30.00, 33.00
  11 , berek2_Und_Tran_KNN10 ,    2800  ,  4200 (        * -----|----------    ), 0.00,  0.00, 28.00, 35.00, 85.00
  11 , hive_GL_Tran_KNN10 ,    2800  ,   800 (     -- *-     |              ),17.00, 25.00, 28.00, 32.00, 35.00
  11 , accumulo_Und_GL_Log ,    2800  ,  1800 (   --   * ---  |              ),13.00, 19.00, 28.00, 34.00, 43.00
  11 , poi2_GL_Gauss ,    2800  ,   700 (        * -    |              ),23.00, 26.00, 28.00, 33.00, 36.00
  11 , berek2_Und_GL_Tran_KNN10 ,    2800  ,  3500 (-----   * --   |              ), 0.00, 17.00, 28.00, 35.00, 42.00
  12 , lucene2_Und_GL_Tran_KNN10 ,    2900  ,   600 (        *-     |              ),23.00, 25.00, 29.00, 31.00, 33.00
  12 , ant2_Und_Gauss ,    2900  ,   700 (      - *--    |              ),21.00, 26.00, 29.00, 32.00, 37.00
  12 , xerces2_Und_Gauss ,    2900  ,   600 (      - *      |              ),21.00, 24.00, 29.00, 30.00, 32.00
  12 , lucene2_Und_Tran_KNN10 ,    2900  ,   600 (     -- *--    |              ),18.00, 25.00, 29.00, 30.00, 36.00
  12 , synapse2_Und_GL_Tran_KNN3 ,    2900  ,  1400 (      - * -    |              ),20.00, 26.00, 29.00, 35.00, 39.00
  12 , hive_Tran_KNN10 ,    2900  ,   700 (      - *-     |              ),21.00, 26.00, 29.00, 31.00, 35.00
  12 , felix_Und_GL_Tran_KNN1 ,    2900  ,  1500 (      - * ---- |              ),20.00, 25.00, 29.00, 35.00, 46.00
  12 , cxf_Tran_KNN10 ,    3000  ,  1400 (     --- *-    |              ),18.00, 28.00, 30.00, 35.00, 39.00
  12 , hive_Und_GL_Tran_KNN5 ,    3000  ,   600 (      -  *-    |              ),20.00, 26.00, 30.00, 31.00, 39.00
  12 , cassandra_Und_GL_Tran_KNN10 ,    3000  ,   900 (      -  *-    |              ),20.00, 26.00, 30.00, 35.00, 37.00
  12 , cxf_Und_Tran_KNN3 ,    3000  ,  1000 (     --  *     |              ),18.00, 25.00, 30.00, 33.00, 35.00
  12 , synapse2_Und_Tran_KNN3 ,    3000  ,   700 (      -- *--   |              ),20.00, 27.00, 30.00, 34.00, 41.00
  12 , cxf_GL_Tran_KNN10 ,    3000  ,   800 (      -- *-    |              ),22.00, 27.00, 30.00, 33.00, 39.00
  12 , elearning2_GL_Tran_KNN1 ,    3000  ,  7200 (---      *     |       ----   ), 0.00, 10.00, 30.00, 76.00, 90.00
  12 , log4j2_Gauss ,    3000  ,  1700 (     --  * --- |              ),19.00, 23.00, 30.00, 37.00, 49.00
  12 , camel_Und_Tran_KNN10 ,    3100  ,  1400 (         *-    |              ),20.00, 22.00, 31.00, 34.00, 37.00
  12 , derby_GL_Tran_KNN1 ,    3100  ,   800 (      -  *-    |              ),20.00, 26.00, 31.00, 34.00, 38.00
  12 , hive_Und_Tran_KNN5 ,    3100  ,   700 (       - *--   |              ),25.00, 29.00, 31.00, 35.00, 41.00
  12 , lucene2_Und_Log ,    3100  ,   300 (        -*-    |              ),28.00, 30.00, 31.00, 33.00, 37.00
  12 , wicket_Und_Tran_KNN10 ,    3100  ,  1800 (     -   * -   |              ),19.00, 21.00, 31.00, 38.00, 41.00
  12 , ivy2_Und_GL_Tran_Log ,    3100  ,     0 (         *     |              ),31.00, 31.00, 31.00, 31.00, 31.00
  12 , ant2_Tran_Gauss ,    3100  ,     0 (         *     |              ),31.00, 31.00, 31.00, 31.00, 31.00
  12 , xerces2_Und_Tran_Log ,    3100  ,     0 (         *     |              ),31.00, 31.00, 31.00, 31.00, 31.00
  12 , xerces2_GL_Tran_Log ,    3100  ,     0 (         *     |              ),31.00, 31.00, 31.00, 31.00, 31.00
  13 , lucene2_GL_Tran_KNN5 ,    3200  ,   500 (       --*--   |              ),25.00, 31.00, 32.00, 35.00, 41.00
  13 , berek2_GL_Tran_Log ,    3200  ,     0 (         *     |              ),32.00, 32.00, 32.00, 32.00, 32.00
  13 , cxf_Und_GL_Tran_KNN3 ,    3200  ,  1400 (     --  * --  |              ),17.00, 26.00, 32.00, 38.00, 44.00
  13 , lucene2_Tran_KNN5 ,    3200  ,   600 (        -*     |              ),27.00, 30.00, 32.00, 36.00, 39.00
  13 , jedit2_Und_Tran_Gauss ,    3200  ,     0 (         *     |              ),32.00, 32.00, 32.00, 32.00, 32.00
  13 , lucene2_Gauss ,    3200  ,   400 (         *     |              ),30.00, 31.00, 32.00, 34.00, 35.00
  13 , synapse2_Und_Gauss ,    3200  ,  1900 (      -  *   --|              ),20.00, 26.00, 32.00, 43.00, 50.00
  13 , jedit2_Und_GL_Tran_Log ,    3200  ,     0 (         *     |              ),32.00, 32.00, 32.00, 32.00, 32.00
  13 , lucene2_Und_Gauss ,    3300  ,   300 (          *    |              ),30.00, 32.00, 33.00, 35.00, 39.00
  13 , derby_Tran_KNN1 ,    3300  ,   600 (       -- *    |              ),24.00, 31.00, 33.00, 35.00, 37.00
  13 , camel2_Und_GL_Log ,    3300  ,   900 (        - *--  |              ),27.00, 31.00, 33.00, 38.00, 43.00
  14 , pc3_Und_Tran_Log ,    3400  ,     0 (          *    |              ),34.00, 34.00, 34.00, 34.00, 34.00
  14 ,  lucene2_Log ,    3400  ,   500 (         -*-   |              ),30.00, 33.00, 34.00, 37.00, 40.00
  14 , synapse2_Gauss ,    3400  ,  1000 (     ---- *--  |              ),19.00, 30.00, 34.00, 37.00, 44.00
  14 , camel_Und_GL_Tran_KNN10 ,    3400  ,  1800 (     ---  * ---|--------      ),19.00, 28.00, 34.00, 42.00, 79.00
  14 , lucene2_Tran_KNN3 ,    3400  ,  1000 (        - *--  |              ),28.00, 31.00, 34.00, 39.00, 43.00
  14 , cassandra_Und_Tran_KNN10 ,    3400  ,   900 (        - *--  |              ),28.00, 30.00, 34.00, 38.00, 43.00
  14 , lucene2_GL_Tran_KNN1 ,    3500  ,   900 (          * -  |              ),30.00, 32.00, 35.00, 41.00, 44.00
  14 , pc1_Und_Tran_Log ,    3500  ,     0 (          *    |              ),35.00, 35.00, 35.00, 35.00, 35.00
  14 , synapse2_Und_Tran_KNN5 ,    3500  ,  1400 (       -- *--- |              ),25.00, 30.00, 35.00, 38.00, 47.00
  14 , poi2_Und_Tran_Gauss ,    3500  ,     0 (          *    |              ),35.00, 35.00, 35.00, 35.00, 35.00
  14 , ant2_Und_GL_Gauss ,    3500  ,   700 (       -- *--  |              ),25.00, 32.00, 35.00, 38.00, 44.00
  14 , lucene2_Tran_KNN10 ,    3500  ,   700 (        - *    |              ),28.00, 32.00, 35.00, 37.00, 39.00
  14 , jedit2_GL_Tran_Log ,    3500  ,     0 (          *    |              ),35.00, 35.00, 35.00, 35.00, 35.00
  14 , bookkeeper_Tran_KNN1 ,    3500  ,  2400 (--------- *   -|---           ), 0.00, 30.00, 35.00, 46.00, 63.00
  14 , log4j2_Und_GL_Tran_Gauss ,    3600  ,     0 (           *   |              ),36.00, 36.00, 36.00, 36.00, 36.00
  14 , lucene2_GL_Tran_KNN3 ,    3600  ,   700 (       --- *   |              ),26.00, 33.00, 36.00, 38.00, 40.00
  14 , ant2_Und_Tran_Gauss ,    3600  ,     0 (           *   |              ),36.00, 36.00, 36.00, 36.00, 36.00
  14 , accumulo_Und_GL_Gauss ,    3600  ,  2400 (     ----  * --|--            ),19.00, 32.00, 36.00, 44.00, 60.00
  14 , felix_Tran_KNN10 ,    3600  ,  1200 (       --  *---|              ),25.00, 32.00, 36.00, 42.00, 50.00
  14 , berek2_Und_GL_Tran_Gauss ,    3600  ,     0 (           *   |              ),36.00, 36.00, 36.00, 36.00, 36.00
  14 , synapse2_Und_Tran_Gauss ,    3600  ,     0 (           *   |              ),36.00, 36.00, 36.00, 36.00, 36.00
  14 , berek2_GL_Tran_Gauss ,    3600  ,     0 (           *   |              ),36.00, 36.00, 36.00, 36.00, 36.00
  14 , accumulo_GL_Tran_KNN1 ,    3600  ,  1200 (      ---  *---|              ),22.00, 32.00, 36.00, 41.00, 52.00
  14 , lucene2_GL_Log ,    3600  ,   500 (        -- *   |              ),27.00, 34.00, 36.00, 38.00, 42.00
  14 , xerces2_Und_Tran_Gauss ,    3600  ,     0 (           *   |              ),36.00, 36.00, 36.00, 36.00, 36.00
  14 ,   arc2_Gauss ,    3600  ,  1500 (      --   *---|              ),22.00, 27.00, 36.00, 40.00, 53.00
  14 , xerces2_Tran_Gauss ,    3700  ,     0 (           *   |              ),37.00, 37.00, 37.00, 37.00, 37.00
  14 , pc3_Und_GL_Tran_Gauss ,    3700  ,     0 (           *   |              ),37.00, 37.00, 37.00, 37.00, 37.00
  14 , derby_Und_Tran_KNN1 ,    3700  ,  1000 (       --  *-  |              ),26.00, 31.00, 37.00, 39.00, 45.00
  14 , bookkeeper_GL_Tran_KNN1 ,    3700  ,  1600 (---------  *  -|--            ), 0.00, 30.00, 37.00, 46.00, 61.00
  14 , synapse2_Und_GL_Tran_KNN5 ,    3700  ,  1000 (       --  *   |              ),26.00, 30.00, 37.00, 39.00, 41.00
  14 , cxf_Und_Tran_KNN5 ,    3700  ,   900 (      ---  *   |              ),22.00, 31.00, 37.00, 38.00, 41.00
  14 , lucene2_GL_Tran_KNN10 ,    3700  ,   600 (        -- *   |              ),28.00, 33.00, 37.00, 38.00, 42.00
  14 , elearning2_Und_Tran_Gauss ,    3700  ,     0 (           *   |              ),37.00, 37.00, 37.00, 37.00, 37.00
  15 , jedit2_Tran_Gauss ,    3800  ,     0 (           *   |              ),38.00, 38.00, 38.00, 38.00, 38.00
  15 , pc4_Und_GL_Log ,    3800  ,   600 (         --*---|              ),30.00, 36.00, 38.00, 41.00, 51.00
  15 , camel2_Und_GL_Gauss ,    3800  ,   300 (         --*-  |              ),31.00, 36.00, 38.00, 39.00, 44.00
  15 , cxf_Und_GL_Tran_KNN5 ,    3800  ,  1600 (       --  * --|-             ),25.00, 30.00, 38.00, 44.00, 56.00
  15 , ant2_GL_Gauss ,    3800  ,   500 (         --*-  |              ),32.00, 37.00, 38.00, 41.00, 43.00
  15 , derby_Und_GL_Tran_KNN1 ,    3800  ,  1300 (       --  * - |              ),24.00, 31.00, 38.00, 43.00, 49.00
  15 , poi2_Tran_Log ,    3800  ,     0 (           *   |              ),38.00, 38.00, 38.00, 38.00, 38.00
  15 , berek2_Und_Tran_Gauss ,    3800  ,     0 (           *   |              ),38.00, 38.00, 38.00, 38.00, 38.00
  15 , log4j2_GL_Tran_Gauss ,    3800  ,     0 (           *   |              ),38.00, 38.00, 38.00, 38.00, 38.00
  15 , log4j2_Und_Tran_Gauss ,    3900  ,     0 (           *   |              ),39.00, 39.00, 39.00, 39.00, 39.00
  15 , ivy2_Tran_Gauss ,    3900  ,     0 (           *   |              ),39.00, 39.00, 39.00, 39.00, 39.00
  15 , camel2_Und_Tran_KNN1 ,    3900  ,   800 (        -- *-  |              ),27.00, 34.00, 39.00, 42.00, 45.00
  15 , synapse2_Und_Log ,    3900  ,  1100 (        -- * - |              ),29.00, 34.00, 39.00, 44.00, 49.00
  15 , ivy2_Und_GL_Tran_KNN1 ,    3900  ,  3300 (     ----  *   | -----        ),18.00, 30.00, 39.00, 56.00, 73.00
  15 , accumulo_Und_GL_Tran_KNN1 ,    3900  ,  1800 (      ---- *  -|-             ),22.00, 34.00, 39.00, 47.00, 58.00
  15 , lucene2_Tran_KNN1 ,    3900  ,   800 (         --*-  |              ),32.00, 37.00, 39.00, 41.00, 45.00
  15 , ant2_Und_Tran_KNN3 ,    3900  ,  1000 (         - * --|              ),31.00, 35.00, 39.00, 44.00, 51.00
  15 , accumulo_Und_Tran_KNN1 ,    3900  ,  1700 (        -  *  -|--            ),29.00, 32.00, 39.00, 48.00, 60.00
  15 , camel2_Und_GL_Tran_KNN1 ,    3900  ,  1200 (       --- * - |              ),25.00, 34.00, 39.00, 44.00, 48.00
  15 , lucene2_Und_Tran_Gauss ,    3900  ,     0 (           *   |              ),39.00, 39.00, 39.00, 39.00, 39.00
  15 , hive_Und_GL_Tran_KNN10 ,    3900  ,  1000 (         --* --|              ),32.00, 36.00, 39.00, 44.00, 52.00
  15 , felix_GL_Tran_KNN10 ,    3900  ,   900 (        ---*-- |              ),28.00, 37.00, 39.00, 42.00, 49.00
  15 , accumulo_Tran_KNN1 ,    3900  ,  1300 (       --  * --|              ),25.00, 32.00, 39.00, 44.00, 52.00
  15 , lucene2_GL_Gauss ,    4000  ,   900 (          - *  |              ),35.00, 38.00, 40.00, 46.00, 49.00
  15 , lucene2_Tran_Gauss ,    4000  ,     0 (            *  |              ),40.00, 40.00, 40.00, 40.00, 40.00
  15 , derby_GL_Tran_KNN3 ,    4000  ,  1100 (        --  *- |              ),29.00, 35.00, 40.00, 43.00, 47.00
  15 , cm1_Und_Tran_Log ,    4000  ,     0 (            *  |              ),40.00, 40.00, 40.00, 40.00, 40.00
  15 , ant2_Und_Tran_KNN5 ,    4000  ,  1200 (         -- * -|              ),31.00, 36.00, 40.00, 46.00, 54.00
  15 , felix_Und_Tran_KNN3 ,    4000  ,  1400 (        -   *--|              ),27.00, 31.00, 40.00, 42.00, 54.00
  15 , derby_Tran_KNN3 ,    4000  ,   900 (         -- *- |              ),32.00, 36.00, 40.00, 44.00, 46.00
  15 , poi2_Und_Tran_Log ,    4000  ,     0 (            *  |              ),40.00, 40.00, 40.00, 40.00, 40.00
  15 , arc2_Tran_Gauss ,    4000  ,     0 (            *  |              ),40.00, 40.00, 40.00, 40.00, 40.00
  15 , synapse2_GL_Tran_KNN5 ,    4000  ,   700 (         -- *- |              ),30.00, 36.00, 40.00, 43.00, 46.00
  15 , log4j2_Und_GL_Tran_Log ,    4000  ,     0 (            *  |              ),40.00, 40.00, 40.00, 40.00, 40.00
  15 , poi2_GL_Tran_Log ,    4100  ,     0 (            *  |              ),41.00, 41.00, 41.00, 41.00, 41.00
  15 , pc1_GL_Tran_Gauss ,    4100  ,     0 (            *  |              ),41.00, 41.00, 41.00, 41.00, 41.00
  15 , pc3_GL_Gauss ,    4100  ,  1300 (          - * -|              ),35.00, 37.00, 41.00, 49.00, 53.00
  15 , xerces2_Und_GL_Tran_Log ,    4100  ,     0 (            *  |              ),41.00, 41.00, 41.00, 41.00, 41.00
  15 , synapse2_GL_Log ,    4100  ,   600 (         -- *- |              ),32.00, 39.00, 41.00, 43.00, 49.00
  15 , pig_GL_Tran_KNN1 ,    4100  ,  1900 (       ---- * -|-             ),26.00, 36.00, 41.00, 47.00, 57.00
  15 , accumulo_GL_Tran_KNN3 ,    4100  ,  1700 (      ----  *--|              ),22.00, 33.00, 41.00, 44.00, 54.00
  15 , ivy2_GL_Tran_Log ,    4100  ,     0 (            *  |              ),41.00, 41.00, 41.00, 41.00, 41.00
  15 ,  ant2_GL_Log ,    4100  ,  1000 (         -- *  |              ),32.00, 37.00, 41.00, 44.00, 45.00
  15 , accumulo_GL_Tran_KNN5 ,    4100  ,  1500 (       ---  * -|              ),24.00, 33.00, 41.00, 47.00, 55.00
  15 , synapse2_GL_Tran_KNN3 ,    4100  ,   700 (          - *- |              ),33.00, 39.00, 41.00, 45.00, 47.00
  16 , synapse2_Tran_KNN5 ,    4200  ,   700 (         ---*  |              ),32.00, 40.00, 42.00, 46.00, 49.00
  16 , lucene2_Tran_Log ,    4200  ,     0 (            *  |              ),42.00, 42.00, 42.00, 42.00, 42.00
  16 , synapse2_Tran_Gauss ,    4200  ,     0 (            *  |              ),42.00, 42.00, 42.00, 42.00, 42.00
  16 , accumulo_Tran_KNN3 ,    4200  ,  1500 (         -- * -|              ),30.00, 38.00, 42.00, 47.00, 55.00
  16 , ant2_Und_GL_Tran_KNN3 ,    4200  ,   500 (        --- *- |              ),28.00, 39.00, 42.00, 44.00, 48.00
  16 ,   pc4_GL_Log ,    4200  ,   800 (         -- *--|              ),31.00, 39.00, 42.00, 44.00, 52.00
  16 , synapse2_Und_Tran_KNN10 ,    4200  ,  1300 (          - * -|              ),33.00, 38.00, 42.00, 47.00, 51.00
  16 , pig_Und_GL_Gauss ,    4300  ,  4200 (   -----     * | -----        ),10.00, 29.00, 43.00, 58.00, 72.00
  16 , pc4_Und_GL_Gauss ,    4300  ,   900 (         --  * |              ),32.00, 39.00, 43.00, 46.00, 49.00
  16 , jedit2_Und_Tran_Log ,    4300  ,     0 (             * |              ),43.00, 43.00, 43.00, 43.00, 43.00
  16 ,   ivy2_Gauss ,    4300  ,  1500 (     ------  *-|-             ),18.00, 37.00, 43.00, 49.00, 56.00
  16 , synapse2_Und_GL_Tran_KNN10 ,    4300  ,   800 (          -  * |              ),34.00, 39.00, 43.00, 46.00, 48.00
  16 , accumulo_Tran_KNN5 ,    4300  ,  1100 (         --- * |--            ),30.00, 40.00, 43.00, 50.00, 59.00
  16 , hive_Und_Tran_KNN10 ,    4300  ,   700 (           - *-|-             ),36.00, 40.00, 43.00, 46.00, 56.00
  16 , ant2_GL_Tran_KNN1 ,    4300  ,  1200 (          -- * |              ),35.00, 40.00, 43.00, 50.00, 52.00
  17 , synapse2_GL_Tran_KNN10 ,    4400  ,   800 (           - *-|-             ),37.00, 40.00, 44.00, 48.00, 56.00
  17 , synapse2_Tran_KNN3 ,    4400  ,  1500 (        ---  *-|              ),28.00, 37.00, 44.00, 46.00, 50.00
  17 , jedit2_Gauss ,    4400  ,  9000 (             * |   ---------  ), 0.00,  2.00, 44.00, 65.00, 94.00
  17 , lucene2_Und_GL_Tran_Gauss ,    4400  ,     0 (             * |              ),44.00, 44.00, 44.00, 44.00, 44.00
  17 , camel2_Und_Gauss ,    4400  ,  1100 (           - * |-             ),36.00, 42.00, 44.00, 50.00, 58.00
  17 , lucene2_Und_Tran_Log ,    4400  ,     0 (             * |              ),44.00, 44.00, 44.00, 44.00, 44.00
  17 , berek2_Und_Tran_Log ,    4400  ,     0 (             * |              ),44.00, 44.00, 44.00, 44.00, 44.00
  17 , log4j2_Tran_Gauss ,    4400  ,     0 (             * |              ),44.00, 44.00, 44.00, 44.00, 44.00
  17 , pc3_Und_GL_Tran_Log ,    4400  ,     0 (             * |              ),44.00, 44.00, 44.00, 44.00, 44.00
  17 , synapse2_Log ,    4400  ,   900 (           --* |-             ),39.00, 43.00, 44.00, 51.00, 57.00
  17 , ant2_Und_GL_Tran_KNN5 ,    4400  ,  1000 (         --  *-|              ),31.00, 39.00, 44.00, 48.00, 52.00
  17 , felix_Und_Tran_KNN5 ,    4400  ,  2000 (          -- * | ---          ),35.00, 40.00, 44.00, 56.00, 68.00
  17 , pc3_GL_Tran_Gauss ,    4400  ,     0 (             * |              ),44.00, 44.00, 44.00, 44.00, 44.00
  17 , pc1_Tran_Gauss ,    4400  ,     0 (             * |              ),44.00, 44.00, 44.00, 44.00, 44.00
  17 , felix_Und_GL_Tran_KNN3 ,    4400  ,  1800 (        ---  * |----          ),28.00, 36.00, 44.00, 53.00, 68.00
  17 , camel2_GL_Gauss ,    4400  ,   600 (           - * |              ),38.00, 42.00, 44.00, 47.00, 49.00
  17 , synapse2_GL_Tran_KNN1 ,    4400  ,   700 (           - *-|              ),39.00, 42.00, 44.00, 46.00, 52.00
  17 , jedit2_Tran_Log ,    4500  ,     0 (             * |              ),45.00, 45.00, 45.00, 45.00, 45.00
  17 , synapse2_GL_Gauss ,    4500  ,   600 (          ---*-|              ),35.00, 43.00, 45.00, 46.00, 52.00
  17 , ant2_Tran_KNN1 ,    4500  ,   700 (           - *-|              ),36.00, 41.00, 45.00, 48.00, 51.00
  17 , pc4_Und_GL_Tran_Gauss ,    4500  ,     0 (             * |              ),45.00, 45.00, 45.00, 45.00, 45.00
  17 , pc3_Und_GL_Log ,    4500  ,  1700 (        ---  * |--            ),29.00, 36.00, 45.00, 51.00, 62.00
  17 , cm1_Tran_Gauss ,    4600  ,     0 (              *|              ),46.00, 46.00, 46.00, 46.00, 46.00
  17 , poi2_Und_GL_Tran_Log ,    4600  ,     0 (              *|              ),46.00, 46.00, 46.00, 46.00, 46.00
  17 , cm1_GL_Tran_Log ,    4600  ,     0 (              *|              ),46.00, 46.00, 46.00, 46.00, 46.00
  17 , lucene2_GL_Tran_Log ,    4600  ,     0 (              *|              ),46.00, 46.00, 46.00, 46.00, 46.00
  17 , derby_GL_Tran_KNN5 ,    4600  ,   900 (           -  *|-             ),36.00, 42.00, 46.00, 50.00, 57.00
  17 , synapse2_Tran_KNN1 ,    4600  ,   900 (        ----  *|              ),27.00, 41.00, 46.00, 49.00, 54.00
  17 ,  pc4_Und_Log ,    4600  ,  1300 (           -  *|--            ),37.00, 40.00, 46.00, 49.00, 59.00
  17 , bookkeeper_Und_GL_Log ,    4600  ,  2200 (---------     *|---           ), 0.00, 31.00, 46.00, 48.00, 64.00
  17 , synapse2_Tran_KNN10 ,    4600  ,   600 (           -- *|              ),37.00, 44.00, 46.00, 48.00, 51.00
  17 , derby_Tran_KNN5 ,    4600  ,   800 (           -- *|-             ),39.00, 44.00, 46.00, 51.00, 57.00
  17 , camel2_Gauss ,    4600  ,  1100 (           -  *|              ),36.00, 42.00, 46.00, 49.00, 53.00
  17 , cm1_GL_Tran_Gauss ,    4700  ,     0 (              *|              ),47.00, 47.00, 47.00, 47.00, 47.00
  17 , cxf_Und_Tran_KNN10 ,    4700  ,  1200 (          --  *|-             ),35.00, 41.00, 47.00, 51.00, 57.00
  17 , pig_GL_Tran_KNN3 ,    4700  ,  1800 (       -----  *|-             ),26.00, 40.00, 47.00, 55.00, 58.00
  17 , ant2_Tran_KNN3 ,    4700  ,  1100 (            - *|              ),41.00, 44.00, 47.00, 53.00, 55.00
  17 , ant2_Und_Tran_KNN10 ,    4700  ,  1400 (           -  *|-             ),36.00, 40.00, 47.00, 52.00, 58.00
  17 , pig_Tran_KNN1 ,    4800  ,  1700 (        ---   *|---           ),28.00, 38.00, 48.00, 53.00, 63.00
  17 , bookkeeper_Und_GL_Gauss ,    4800  ,  2800 (    -------   *|   ---        ),16.00, 38.00, 48.00, 64.00, 75.00
  17 , jedit2_Und_Tran_KNN1 ,    9300  ,  9300 (               |            * ), 0.00,  3.00, 93.00, 93.00, 96.00
  17 , ivy2_Und_Tran_Log ,    4800  ,     0 (              *|              ),48.00, 48.00, 48.00, 48.00, 48.00
  17 , cm1_Und_GL_Tran_Gauss ,    4800  ,     0 (              *|              ),48.00, 48.00, 48.00, 48.00, 48.00
  17 , berek2_Tran_Log ,    4800  ,     0 (              *|              ),48.00, 48.00, 48.00, 48.00, 48.00
  17 , ant2_GL_Tran_KNN5 ,    4800  ,   700 (             -*|-             ),43.00, 47.00, 48.00, 53.00, 57.00
  17 , cm1_Und_Tran_Gauss ,    4800  ,     0 (              *|              ),48.00, 48.00, 48.00, 48.00, 48.00
  17 , arc2_Und_Gauss ,    4800  ,  2400 (     -----    *|----          ),19.00, 35.00, 48.00, 55.00, 68.00
  17 , poi2_Und_GL_Tran_Gauss ,    4800  ,     0 (              *|              ),48.00, 48.00, 48.00, 48.00, 48.00
  18 , ivy2_Und_Log ,    4900  ,  2500 (        --    *| ---          ),27.00, 34.00, 49.00, 57.00, 66.00
  18 , pc4_Und_GL_Tran_KNN1 ,    4900  ,   800 (             -*|--            ),43.00, 46.00, 49.00, 53.00, 60.00
  18 , poi2_GL_Tran_Gauss ,    4900  ,     0 (              *|              ),49.00, 49.00, 49.00, 49.00, 49.00
  18 , ivy2_GL_Tran_Gauss ,    4900  ,     0 (              *|              ),49.00, 49.00, 49.00, 49.00, 49.00
  18 , pig_Und_GL_Tran_KNN1 ,    4900  ,  2700 (   ---------  *|   -----      ),13.00, 40.00, 49.00, 64.00, 80.00
  18 , ant2_GL_Tran_KNN10 ,    4900  ,   900 (             -*|-             ),44.00, 47.00, 49.00, 53.00, 57.00
  18 , ant2_Tran_KNN5 ,    4900  ,   700 (           -- *|-             ),39.00, 45.00, 49.00, 51.00, 56.00
  18 , xerces2_GL_Tran_Gauss ,    5000  ,     0 (               *              ),50.00, 50.00, 50.00, 50.00, 50.00
  18 , pc1_Und_Tran_Gauss ,    5000  ,     0 (               *              ),50.00, 50.00, 50.00, 50.00, 50.00
  18 , elearning2_Tran_Gauss ,    5000  ,     0 (               *              ),50.00, 50.00, 50.00, 50.00, 50.00
  18 , derby_Und_Tran_KNN3 ,    5000  ,  1400 (             - * ---          ),44.00, 47.00, 50.00, 57.00, 66.00
  18 , pc4_Und_GL_Tran_Log ,    5000  ,     0 (               *              ),50.00, 50.00, 50.00, 50.00, 50.00
  18 , pc3_Und_Tran_KNN1 ,    5000  ,  1100 (             - * -            ),44.00, 48.00, 50.00, 56.00, 60.00
  18 , camel2_GL_Log ,    5000  ,   800 (             - *-             ),43.00, 46.00, 50.00, 53.00, 58.00
  18 , synapse2_Und_GL_Tran_Gauss ,    5000  ,     0 (               *              ),50.00, 50.00, 50.00, 50.00, 50.00
  18 , ant2_GL_Tran_KNN3 ,    5000  ,   600 (            -- *-             ),42.00, 46.00, 50.00, 52.00, 57.00
  18 , ivy2_Und_Tran_KNN1 ,    5000  ,  2300 (        ---    * -----        ),27.00, 37.00, 50.00, 57.00, 75.00
  18 , synapse2_Und_GL_Tran_Log ,    5000  ,     0 (               *              ),50.00, 50.00, 50.00, 50.00, 50.00
  18 , arc2_Und_GL_Log ,    5100  ,  3500 (       --      *   --         ),23.00, 30.00, 51.00, 65.00, 70.00
  18 , pc4_Und_Gauss ,    5100  ,  2600 (         ---   *   --         ),31.00, 42.00, 51.00, 65.00, 70.00
  18 , camel2_Tran_Gauss ,    5100  ,     0 (               *              ),51.00, 51.00, 51.00, 51.00, 51.00
  18 , ant2_Tran_KNN10 ,    5100  ,  1300 (            -- *--            ),41.00, 46.00, 51.00, 54.00, 59.00
  18 , jedit2_Und_Log ,    9100  ,  8500 (---            |           *- ), 2.00, 12.00, 91.00, 91.00, 97.00
  18 , synapse2_GL_Tran_Gauss ,    5100  ,     0 (               *              ),51.00, 51.00, 51.00, 51.00, 51.00
  18 , lucene2_GL_Tran_Gauss ,    5100  ,     0 (               *              ),51.00, 51.00, 51.00, 51.00, 51.00
  18 , cm1_Und_Tran_KNN1 ,    5100  ,  2200 (       ----    * ----         ),23.00, 39.00, 51.00, 58.00, 70.00
  18 , ivy2_Und_Gauss ,    5200  ,  1900 (         ----  *  ---         ),30.00, 44.00, 52.00, 59.00, 69.00
  18 , cm1_Und_GL_Log ,    5200  ,  1900 (       ------  * -            ),26.00, 43.00, 52.00, 58.00, 60.00
  18 , elearning2_Log ,    6300  ,  6500 (-----          |   *    ---   ), 3.00, 18.00, 63.00, 81.00, 90.00
  18 , pc4_Und_Tran_KNN1 ,    5200  ,  1300 (            -- *--            ),42.00, 49.00, 52.00, 55.00, 61.00
  18 , ivy2_Und_GL_Tran_Gauss ,    5200  ,     0 (               *              ),52.00, 52.00, 52.00, 52.00, 52.00
  18 , ant2_Und_GL_Tran_Log ,    5200  ,     0 (               *              ),52.00, 52.00, 52.00, 52.00, 52.00
  19 , lucene2_Und_GL_Tran_Log ,    5300  ,     0 (               |*             ),53.00, 53.00, 53.00, 53.00, 53.00
  19 , ivy2_Und_GL_Log ,    5300  ,  1800 (         ----  |* ----        ),30.00, 43.00, 53.00, 60.00, 75.00
  19 , pc3_Und_GL_Gauss ,    5300  ,  1100 (           --- |*---          ),39.00, 47.00, 53.00, 57.00, 66.00
  19 ,  cm1_Und_Log ,    5300  ,  1900 (          ---  |* ----        ),35.00, 45.00, 53.00, 62.00, 72.00
  19 , ant2_Und_GL_Tran_KNN10 ,    5300  ,  1100 (           --- |*-            ),39.00, 48.00, 53.00, 56.00, 60.00
  19 , ant2_Und_Log ,    5300  ,   800 (              -|*-            ),48.00, 50.00, 53.00, 58.00, 60.00
  19 , arc2_Und_Log ,    5400  ,  2900 (       ----    |* ---         ),23.00, 37.00, 54.00, 59.00, 71.00
  19 , pig_Tran_KNN3 ,    5400  ,  1700 (         ----- |* -           ),32.00, 48.00, 54.00, 60.00, 65.00
  19 , cm1_Und_GL_Tran_KNN1 ,    5400  ,  3300 (       ----    |*  ---        ),23.00, 38.00, 54.00, 65.00, 75.00
  19 , accumulo_GL_Tran_KNN10 ,    5400  ,  2000 (          ---  |* ---         ),34.00, 45.00, 54.00, 59.00, 69.00
  19 , wicket_Und_GL_Tran_KNN10 ,    5400  ,  1900 (       ------- |* ----        ),25.00, 47.00, 54.00, 59.00, 75.00
  19 , pig_GL_Tran_KNN5 ,    5400  ,  1300 (           --- |* --          ),38.00, 48.00, 54.00, 61.00, 67.00
  19 , xerces2_Und_GL_Tran_Gauss ,    5400  ,     0 (               |*             ),54.00, 54.00, 54.00, 54.00, 54.00
  19 , felix_Und_GL_Tran_KNN5 ,    5400  ,  2500 (           --- |*    ----     ),37.00, 47.00, 54.00, 70.00, 82.00
  19 , pig_Tran_KNN5 ,    5500  ,  1600 (            -- |*  --         ),42.00, 48.00, 55.00, 64.00, 70.00
  19 , pc3_Und_GL_Tran_KNN1 ,    5500  ,  1000 (             --|* -           ),45.00, 52.00, 55.00, 60.00, 65.00
  19 , accumulo_Tran_KNN10 ,    5500  ,  1300 (           ----|* -           ),38.00, 50.00, 55.00, 60.00, 65.00
  19 , pc3_Und_Gauss ,    5500  ,  4700 (       ---     |*             ),26.00, 34.00, 55.00, 79.00, 81.00
  19 , cm1_Und_GL_Tran_Log ,    5500  ,     0 (               |*             ),55.00, 55.00, 55.00, 55.00, 55.00
  19 , elearning2_Gauss ,    5500  ,  6000 (  ------       |*      ----   ), 9.00, 27.00, 55.00, 78.00, 90.00
  19 ,      pc4_Log ,    5500  ,   700 (               |*--           ),50.00, 51.00, 55.00, 57.00, 64.00
  19 , bookkeeper_Und_Tran_KNN1 ,    5600  ,  2600 (        ------ | *  -------   ),27.00, 47.00, 56.00, 68.00, 91.00
  19 , bookkeeper_Und_GL_Tran_KNN1 ,    5600  ,  3400 (-------------- | * --------   ), 1.00, 47.00, 56.00, 64.00, 89.00
  19 , openjpa_Und_GL_Log ,    5500  ,  4400 (    -----      |*     ---     ),16.00, 32.00, 55.00, 73.00, 84.00
  20 , pc1_Und_Gauss ,    5600  ,  2200 (            -- | *  ----      ),40.00, 48.00, 56.00, 66.00, 81.00
  20 , derby_Und_GL_Tran_KNN3 ,    5600  ,  1300 (             - | *-           ),45.00, 49.00, 56.00, 60.00, 64.00
  20 , pig_Und_Tran_KNN1 ,    5600  ,  2700 (           --- | *    ------- ),36.00, 49.00, 56.00, 73.00, 96.00
  20 , camel2_Und_GL_Tran_Gauss ,    5600  ,     0 (               | *            ),56.00, 56.00, 56.00, 56.00, 56.00
  20 , accumulo_Und_Tran_KNN3 ,    5600  ,  1600 (            -- | * --         ),41.00, 48.00, 56.00, 63.00, 69.00
  20 , synapse2_GL_Tran_Log ,    5600  ,     0 (               | *            ),56.00, 56.00, 56.00, 56.00, 56.00
  20 , pc1_GL_Gauss ,    5700  ,  1200 (            ---| * --         ),42.00, 51.00, 57.00, 63.00, 69.00
  20 , openjpa_GL_Tran_KNN1 ,    5700  ,  1700 (           --- | * ----       ),39.00, 48.00, 57.00, 64.00, 78.00
  20 , camel2_GL_Tran_KNN1 ,    5700  ,   600 (               | *            ),53.00, 55.00, 57.00, 60.00, 61.00
  20 , pc1_Und_GL_Log ,    5700  ,  1700 (            ---| * --         ),40.00, 51.00, 57.00, 65.00, 70.00
  20 , camel2_GL_Tran_Gauss ,    5700  ,     0 (               | *            ),57.00, 57.00, 57.00, 57.00, 57.00
  20 , arc2_GL_Tran_Gauss ,    5700  ,     0 (               | *            ),57.00, 57.00, 57.00, 57.00, 57.00
  20 , cxf_Und_GL_Tran_KNN10 ,    5700  ,  1200 (            ---| *--          ),41.00, 50.00, 57.00, 61.00, 68.00
  20 , arc2_Und_GL_Tran_KNN1 ,    5800  ,  2200 (         ------| *  ------    ),31.00, 51.00, 58.00, 66.00, 86.00
  20 , ant2_GL_Tran_Gauss ,    5800  ,     0 (               | *            ),58.00, 58.00, 58.00, 58.00, 58.00
  20 , camel2_Tran_KNN1 ,    5800  ,   500 (               | *-           ),53.00, 55.00, 58.00, 60.00, 63.00
  20 , pc4_Und_Tran_Log ,    5800  ,     0 (               | *            ),58.00, 58.00, 58.00, 58.00, 58.00
  20 , cm1_Und_Gauss ,    5800  ,  1800 (         ----- | * ---        ),30.00, 48.00, 58.00, 65.00, 73.00
  21 , camel2_Und_Tran_KNN3 ,    5900  ,   400 (               |- *           ),53.00, 57.00, 59.00, 61.00, 63.00
  21 ,   cm1_GL_Log ,    5900  ,  1700 (              -|  * ---       ),47.00, 54.00, 59.00, 67.00, 77.00
  21 ,  pc1_Und_Log ,    5900  ,  1600 (            ---|  * ----      ),42.00, 53.00, 59.00, 68.00, 80.00
  21 , pc4_GL_Tran_Gauss ,    5900  ,     0 (               |  *           ),59.00, 59.00, 59.00, 59.00, 59.00
  21 , jedit2_GL_Tran_Gauss ,    5900  ,     0 (               |  *           ),59.00, 59.00, 59.00, 59.00, 59.00
  21 , accumulo_Und_GL_Tran_KNN3 ,    5900  ,  2200 (             --|  * ----      ),43.00, 51.00, 59.00, 66.00, 80.00
  21 , camel2_Und_Tran_Gauss ,    5900  ,     0 (               |  *           ),59.00, 59.00, 59.00, 59.00, 59.00
  21 , ant2_Und_GL_Tran_Gauss ,    5900  ,     0 (               |  *           ),59.00, 59.00, 59.00, 59.00, 59.00
  21 ,     ant2_Log ,    6000  ,   600 (               |- *           ),54.00, 58.00, 60.00, 63.00, 64.00
  21 ,    cm1_Gauss ,    6000  ,  1300 (             --|  *----       ),43.00, 54.00, 60.00, 65.00, 78.00
  21 , arc2_GL_Gauss ,    6000  ,  1700 (             --|  * ------    ),43.00, 53.00, 60.00, 66.00, 85.00
  21 , arc2_Und_GL_Tran_Log ,    6000  ,     0 (               |  *           ),60.00, 60.00, 60.00, 60.00, 60.00
  21 , jedit2_Und_GL_Tran_Gauss ,    6000  ,     0 (               |  *           ),60.00, 60.00, 60.00, 60.00, 60.00
  21 , arc2_Und_Tran_KNN1 ,    6000  ,  1500 (         ------|  *-------    ),30.00, 52.00, 60.00, 63.00, 86.00
  21 , openjpa_Tran_KNN1 ,    6000  ,  1400 (           ----|  * -----     ),38.00, 55.00, 60.00, 68.00, 84.00
  21 , ivy2_GL_Gauss ,    6100  ,  2200 (               |  *  -----    ),47.00, 49.00, 61.00, 70.00, 85.00
  21 ,  ivy2_GL_Log ,    6100  ,  2100 (              -|  *  -        ),49.00, 52.00, 61.00, 69.00, 73.00
  21 , derby_GL_Tran_KNN10 ,    6100  ,  1200 (               |- *---        ),50.00, 58.00, 61.00, 65.00, 72.00
  21 , camel2_Und_GL_Tran_KNN3 ,    6100  ,   600 (               |--*--         ),54.00, 59.00, 61.00, 63.00, 69.00
  21 , derby_Und_Tran_KNN5 ,    6200  ,  1200 (               |- *           ),51.00, 57.00, 62.00, 69.00, 71.00
  21 , ivy2_GL_Tran_KNN1 ,    6200  ,  1600 (             --|  * ---       ),45.00, 55.00, 62.00, 67.00, 76.00
  21 , cm1_Und_GL_Gauss ,    6200  ,  1800 (          -----|- *  --       ),35.00, 58.00, 62.00, 69.00, 76.00
  21 , camel2_Und_GL_Tran_Log ,    6200  ,     0 (               |  *           ),62.00, 62.00, 62.00, 62.00, 62.00
  21 , derby_Tran_KNN10 ,    6200  ,   400 (               | -*--         ),58.00, 61.00, 62.00, 64.00, 69.00
  21 ,    pc1_Gauss ,    6200  ,  1400 (               |- * --        ),50.00, 56.00, 62.00, 67.00, 73.00
  21 , synapse2_Und_Tran_Log ,    6200  ,     0 (               |  *           ),62.00, 62.00, 62.00, 62.00, 62.00
  21 , camel2_Und_Log ,    6200  ,   800 (               |- *           ),54.00, 58.00, 62.00, 63.00, 65.00
  22 ,   pc3_GL_Log ,    6300  ,   600 (               | - *--        ),56.00, 60.00, 63.00, 66.00, 72.00
  22 , cm1_GL_Tran_KNN1 ,    6300  ,  1700 (             --|-  *----      ),44.00, 56.00, 63.00, 67.00, 80.00
  22 ,     ivy2_Log ,    6300  ,  2100 (              -|-  *  ----    ),46.00, 56.00, 63.00, 74.00, 85.00
  22 ,     arc2_Log ,    6300  ,  2000 (             --|   * ------   ),45.00, 54.00, 63.00, 71.00, 90.00
  22 ,   pc1_GL_Log ,    6300  ,  1400 (              -|   *--        ),49.00, 53.00, 63.00, 66.00, 72.00
  22 , ivy2_Tran_KNN1 ,    6300  ,  1300 (               |-  * -        ),54.00, 58.00, 63.00, 69.00, 75.00
  22 , cm1_Tran_KNN1 ,    6300  ,  1200 (               | - *          ),57.00, 59.00, 63.00, 70.00, 71.00
  22 , bookkeeper_Und_GL_Tran_KNN3 ,    6400  ,  3900 (           ----|   *      --  ),37.00, 55.00, 64.00, 85.00, 94.00
  22 , ant2_GL_Tran_Log ,    6300  ,     0 (               |   *          ),63.00, 63.00, 63.00, 63.00, 63.00
  22 , arc2_Und_GL_Gauss ,    6300  ,  2600 (         ------|   * ------   ),31.00, 55.00, 63.00, 71.00, 90.00
  22 , pc4_Tran_KNN1 ,    6300  ,   500 (               | - *          ),58.00, 61.00, 63.00, 65.00, 67.00
  22 , ivy2_Tran_Log ,    6400  ,     0 (               |   *          ),64.00, 64.00, 64.00, 64.00, 64.00
  22 , synapse2_Tran_Log ,    6400  ,     0 (               |   *          ),64.00, 64.00, 64.00, 64.00, 64.00
  22 , pc4_GL_Tran_KNN1 ,    6400  ,   400 (               |   *-         ),59.00, 62.00, 64.00, 66.00, 69.00
  22 , bookkeeper_Tran_KNN3 ,    6400  ,  1800 (              -|-- *  -----   ),49.00, 61.00, 64.00, 73.00, 91.00
  22 , arc2_GL_Tran_KNN1 ,    6400  ,  2300 (               |-  *    --    ),50.00, 57.00, 64.00, 79.00, 85.00
  22 , arc2_Und_GL_Tran_Gauss ,    6400  ,     0 (               |   *          ),64.00, 64.00, 64.00, 64.00, 64.00
  22 , elearning2_GL_Tran_Gauss ,    6500  ,     0 (               |   *          ),65.00, 65.00, 65.00, 65.00, 65.00
  22 , camel2_GL_Tran_KNN3 ,    6500  ,   300 (               |  -*          ),61.00, 64.00, 65.00, 66.00, 68.00
  22 , arc2_Und_Tran_Gauss ,    6500  ,     0 (               |   *          ),65.00, 65.00, 65.00, 65.00, 65.00
  22 , camel2_Tran_KNN3 ,    6500  ,   600 (               |  -*-         ),61.00, 64.00, 65.00, 68.00, 69.00
  22 , arc2_Tran_KNN1 ,    6500  ,  1300 (              -|-- * -----    ),46.00, 61.00, 65.00, 71.00, 86.00
  22 , pig_Tran_KNN10 ,    6500  ,  1500 (               |-- *  --      ),55.00, 60.00, 65.00, 73.00, 79.00
  22 , pc1_Und_Tran_KNN1 ,    6600  ,  1400 (             --|-   *----     ),44.00, 58.00, 66.00, 70.00, 83.00
  23 , pig_GL_Tran_KNN10 ,    6700  ,  1400 (               |--  *--       ),52.00, 61.00, 67.00, 70.00, 76.00
  23 , pc3_Tran_KNN1 ,    6700  ,   800 (               |    *-        ),63.00, 65.00, 67.00, 71.00, 75.00
  23 ,    pc4_Gauss ,    6700  ,   800 (               |--- *-        ),53.00, 65.00, 67.00, 71.00, 74.00
  23 , derby_Und_GL_Tran_KNN5 ,    6700  ,  1400 (               |--  *--       ),53.00, 60.00, 67.00, 71.00, 77.00
  23 , ivy2_Und_Tran_KNN3 ,    6700  ,  1900 (             --|-   * ----    ),44.00, 56.00, 67.00, 75.00, 88.00
  23 , camel2_GL_Tran_Log ,    6800  ,     0 (               |    *         ),68.00, 68.00, 68.00, 68.00, 68.00
  23 , pc3_GL_Tran_KNN1 ,    6800  ,   900 (               |  - *--       ),61.00, 65.00, 68.00, 70.00, 76.00
  23 , ant2_Und_Tran_Log ,    6800  ,     0 (               |    *         ),68.00, 68.00, 68.00, 68.00, 68.00
  23 , camel2_GL_Tran_KNN5 ,    6800  ,   500 (               |   -*         ),65.00, 66.00, 68.00, 71.00, 71.00
  23 , camel2_Und_Tran_KNN5 ,    6800  ,   800 (               |  --*-        ),62.00, 66.00, 68.00, 71.00, 73.00
  23 , ivy2_Und_GL_Tran_KNN3 ,    6800  ,  2800 (          -----|    *  ----   ),35.00, 53.00, 68.00, 77.00, 90.00
  23 , elearning2_Und_GL_Tran_Log ,    6800  ,     0 (               |    *         ),68.00, 68.00, 68.00, 68.00, 68.00
  23 , pig_Und_GL_Tran_KNN3 ,    6800  ,  2600 (            ---|-   *   ---   ),42.00, 57.00, 68.00, 80.00, 90.00
  23 ,  pc3_Und_Log ,    6800  ,  1100 (               |--  *---      ),52.00, 62.00, 68.00, 71.00, 81.00
  23 , openjpa_Und_GL_Tran_KNN1 ,    6800  ,  2200 (               |--  *    ---- ),54.00, 61.00, 68.00, 83.00, 96.00
  23 , bookkeeper_Tran_KNN5 ,    6800  ,  2700 (              -|--- * -----   ),49.00, 63.00, 68.00, 75.00, 91.00
  23 , accumulo_Und_Tran_KNN5 ,    6800  ,  1900 (               |--  *   ---   ),51.00, 62.00, 68.00, 80.00, 89.00
  23 , pc3_Und_Tran_Gauss ,    6900  ,     0 (               |     *        ),69.00, 69.00, 69.00, 69.00, 69.00
  23 , camel2_Tran_KNN5 ,    6900  ,   500 (               |     *        ),66.00, 66.00, 69.00, 70.00, 74.00
  23 , arc2_Tran_KNN3 ,    6900  ,  2000 (              -|---  *  --    ),46.00, 63.00, 69.00, 80.00, 88.00
  23 , bookkeeper_GL_Tran_KNN5 ,    7000  ,  1100 (---------------|---  *-----   ), 0.00, 63.00, 70.00, 74.00, 89.00
  23 ,   camel2_Log ,    7000  ,   200 (               |    -*        ),66.00, 69.00, 70.00, 70.00, 75.00
  23 , bookkeeper_GL_Tran_KNN3 ,    7000  ,  1400 (---------------|--   *-----   ), 0.00, 62.00, 70.00, 74.00, 89.00
  23 , camel2_Und_GL_Tran_KNN5 ,    7000  ,   800 (               |  -  *        ),60.00, 64.00, 70.00, 71.00, 74.00
  23 , ivy2_Und_GL_Gauss ,    7000  ,  1500 (               | -   * ----   ),57.00, 62.00, 70.00, 76.00, 91.00
  24 , pc3_Tran_Gauss ,    7100  ,     0 (               |     *        ),71.00, 71.00, 71.00, 71.00, 71.00
  24 , pc4_Und_Tran_KNN3 ,    7100  ,   900 (               |  -- *--      ),61.00, 67.00, 71.00, 75.00, 81.00
  24 , cm1_GL_Gauss ,    7100  ,  1400 (               |---  * --     ),53.00, 65.00, 71.00, 76.00, 84.00
  24 , arc2_Tran_KNN5 ,    7100  ,  1600 (               |  ---*   -    ),62.00, 69.00, 71.00, 83.00, 88.00
  24 , pc1_Und_GL_Gauss ,    7100  ,  1700 (               | -   * --     ),57.00, 62.00, 71.00, 78.00, 83.00
  24 , ivy2_Und_Tran_KNN5 ,    7100  ,  2000 (           ----|---- * ----   ),39.00, 66.00, 71.00, 78.00, 89.00
  24 , pc1_GL_Tran_Log ,    7200  ,     0 (               |      *       ),72.00, 72.00, 72.00, 72.00, 72.00
  24 , accumulo_Und_GL_Tran_KNN5 ,    7200  ,  2500 (               |---   *   -   ),55.00, 64.00, 72.00, 85.00, 90.00
  24 , cm1_Tran_Log ,    7200  ,     0 (               |      *       ),72.00, 72.00, 72.00, 72.00, 72.00
  24 ,  arc2_GL_Log ,    7200  ,  2000 (             --|--    * --    ),43.00, 62.00, 72.00, 81.00, 86.00
  24 , arc2_GL_Tran_KNN3 ,    7200  ,  1700 (              -|----- *  -    ),46.00, 70.00, 72.00, 84.00, 88.00
  24 , elearning2_Und_GL_Tran_Gauss ,    7200  ,     0 (               |      *       ),72.00, 72.00, 72.00, 72.00, 72.00
  24 , ant2_Tran_Log ,    7300  ,     0 (               |      *       ),73.00, 73.00, 73.00, 73.00, 73.00
  24 , pc4_Und_Tran_Gauss ,    7300  ,     0 (               |      *       ),73.00, 73.00, 73.00, 73.00, 73.00
  24 , camel2_Und_Tran_Log ,    7300  ,     0 (               |      *       ),73.00, 73.00, 73.00, 73.00, 73.00
  24 , pc4_Und_GL_Tran_KNN3 ,    7300  ,   600 (               |  --- *-      ),62.00, 70.00, 73.00, 75.00, 79.00
  24 , ivy2_GL_Tran_KNN3 ,    7300  ,  1300 (               |  -   *--     ),60.00, 64.00, 73.00, 75.00, 83.00
  24 , felix_Und_Tran_KNN10 ,    7300  ,  2200 (               | --   *       ),58.00, 65.00, 73.00, 85.00, 88.00
  24 , arc2_GL_Tran_KNN5 ,    7300  ,  1600 (               |  --- *   -   ),60.00, 70.00, 73.00, 86.00, 90.00
  24 , pc3_Und_GL_Tran_KNN3 ,    7400  ,   900 (               |    --* -     ),67.00, 72.00, 74.00, 79.00, 83.00
  24 , pc4_Tran_KNN3 ,    7400  ,   400 (               |     -*       ),70.00, 73.00, 74.00, 76.00, 78.00
  24 , pc3_Tran_KNN3 ,    7400  ,   600 (               |    --*-      ),67.00, 72.00, 74.00, 77.00, 80.00
  24 , bookkeeper_GL_Tran_KNN10 ,    7400  ,  2500 (              -|---   *       ),48.00, 64.00, 74.00, 89.00, 91.00
  24 ,      cm1_Log ,    7400  ,  1000 (               |  --  *--     ),62.00, 68.00, 74.00, 76.00, 84.00
  24 ,      pc3_Log ,    7400  ,   800 (               |  --- *---    ),61.00, 71.00, 74.00, 77.00, 86.00
  24 ,      pc1_Log ,    7400  ,  1300 (               | ---- * -     ),58.00, 69.00, 74.00, 81.00, 83.00
  24 , pc4_GL_Tran_Log ,    7400  ,     0 (               |      *       ),74.00, 74.00, 74.00, 74.00, 74.00
  24 , cm1_Und_GL_Tran_KNN3 ,    7400  ,  1900 (               |  --  *  -    ),61.00, 66.00, 74.00, 83.00, 87.00
  24 , ivy2_Tran_KNN3 ,    7400  ,  1900 (               |  --  *  -    ),59.00, 66.00, 74.00, 82.00, 88.00
  24 , arc2_Und_Tran_KNN3 ,    7400  ,  2200 (               |----  *  --   ),51.00, 66.00, 74.00, 83.00, 90.00
  24 , pc3_GL_Tran_KNN3 ,    7500  ,   700 (               |    - *--     ),68.00, 71.00, 75.00, 77.00, 83.00
  24 , openjpa_GL_Tran_KNN3 ,    7500  ,  1900 (               |  --- *   --- ),59.00, 69.00, 75.00, 85.00, 97.00
  24 , bookkeeper_Tran_KNN10 ,    7500  ,  2700 (               | --   *    -  ),56.00, 64.00, 75.00, 89.00, 92.00
  24 , pc1_Tran_KNN1 ,    7500  ,  1000 (               |  --  *---    ),60.00, 68.00, 75.00, 78.00, 85.00
  24 , pc4_GL_Tran_KNN3 ,    7500  ,   600 (               |     -*-      ),71.00, 72.00, 75.00, 77.00, 80.00
  24 , cm1_Und_Tran_KNN3 ,    7500  ,  1500 (               |------*  --   ),54.00, 72.00, 75.00, 84.00, 89.00
  24 , pc3_Und_Tran_KNN3 ,    7500  ,   600 (               |   ---* -     ),65.00, 74.00, 75.00, 79.00, 83.00
  24 , pc1_Und_GL_Tran_KNN1 ,    7500  ,  1000 (               |----- *-      ),54.00, 69.00, 75.00, 78.00, 80.00
  25 , openjpa_Und_Tran_KNN1 ,    7700  ,  3700 (              -|---    * ---- ),48.00, 65.00, 77.00, 83.00, 96.00
  25 , camel2_Tran_Log ,    7600  ,     0 (               |       *      ),76.00, 76.00, 76.00, 76.00, 76.00
  25 , camel2_Tran_KNN10 ,    7600  ,   200 (               |       *      ),73.00, 75.00, 76.00, 77.00, 79.00
  25 , arc2_GL_Tran_Log ,    7600  ,     0 (               |       *      ),76.00, 76.00, 76.00, 76.00, 76.00
  25 , ivy2_GL_Tran_KNN5 ,    7600  ,  1200 (               | ---   *--    ),56.00, 68.00, 76.00, 79.00, 85.00
  25 , camel2_GL_Tran_KNN10 ,    7600  ,   400 (               |       *      ),73.00, 75.00, 76.00, 79.00, 80.00
  25 , openjpa_Tran_KNN3 ,    7600  ,  1800 (               |----   * -    ),55.00, 68.00, 76.00, 82.00, 85.00
  25 , pc1_GL_Tran_KNN1 ,    7600  ,   700 (               |   --- *      ),63.00, 74.00, 76.00, 78.00, 80.00
  25 , pc4_Und_Tran_KNN5 ,    7700  ,   900 (               |    -- *      ),68.00, 73.00, 77.00, 82.00, 83.00
  25 , ivy2_Und_GL_Tran_KNN5 ,    7700  ,  2500 (             --|-----  *  --  ),43.00, 70.00, 77.00, 85.00, 92.00
  25 , ivy2_Tran_KNN5 ,    7700  ,  1300 (               |   --- *---   ),65.00, 73.00, 77.00, 78.00, 90.00
  25 , pig_Und_Tran_KNN3 ,    7700  ,  3200 (              -|---    *    - ),49.00, 64.00, 77.00, 92.00, 96.00
  25 , camel2_Und_Tran_KNN10 ,    7700  ,   300 (               |       *      ),74.00, 75.00, 77.00, 78.00, 80.00
  25 , pc4_Tran_Gauss ,    7800  ,     0 (               |       *      ),78.00, 78.00, 78.00, 78.00, 78.00
  25 , pc3_GL_Tran_Log ,    7800  ,     0 (               |       *      ),78.00, 78.00, 78.00, 78.00, 78.00
  25 , camel2_Und_GL_Tran_KNN10 ,    7800  ,   400 (               |     --*-     ),71.00, 76.00, 78.00, 80.00, 83.00
  25 , arc2_Und_Tran_Log ,    7900  ,     0 (               |        *     ),79.00, 79.00, 79.00, 79.00, 79.00
  25 , pc4_Und_GL_Tran_KNN5 ,    7900  ,   700 (               |    --- *-    ),67.00, 76.00, 79.00, 81.00, 87.00
  25 , bookkeeper_Und_Tran_KNN3 ,    8300  ,  2900 (               |---      * -  ),52.00, 64.00, 83.00, 91.00, 92.00
  25 , pc4_Tran_KNN5 ,    7900  ,   400 (               |      - *-    ),75.00, 78.00, 79.00, 81.00, 85.00
  25 , elearning2_GL_Tran_KNN3 ,    8000  ,  7000 (   ------      |        *     ),10.00, 30.00, 80.00, 90.00, 90.00
  25 , cm1_Tran_KNN3 ,    8000  ,   300 (               |      --*-    ),74.00, 79.00, 80.00, 82.00, 85.00
  25 ,    pc3_Gauss ,    8100  ,   500 (         ------|------- *-    ),30.00, 78.00, 81.00, 82.00, 85.00
  25 , pc3_Tran_KNN5 ,    8100  ,   600 (               |        *-    ),76.00, 78.00, 81.00, 84.00, 85.00
  25 , openjpa_Und_GL_Gauss ,    8100  ,  2700 (              -|------  *     ),49.00, 72.00, 81.00, 95.00, 98.00
  25 , elearning2_Und_Gauss ,    4500  ,  9000 (------------   |        *     ), 0.00, 42.00, 81.00, 90.00, 90.00
  25 , pc4_Tran_Log ,    8100  ,     0 (               |        *     ),81.00, 81.00, 81.00, 81.00, 81.00
  25 , pc4_GL_Tran_KNN5 ,    8100  ,   200 (               |       -*     ),76.00, 79.00, 81.00, 81.00, 83.00
  25 , pc3_GL_Tran_KNN5 ,    8100  ,   600 (               |      - *     ),74.00, 78.00, 81.00, 83.00, 84.00
  25 , pc3_Und_Tran_KNN5 ,    8100  ,   700 (               |      --*-    ),74.00, 79.00, 81.00, 84.00, 87.00
  25 , derby_Und_Tran_KNN10 ,    8100  ,  1100 (               |      - *     ),72.00, 76.00, 81.00, 86.00, 88.00
  25 , jedit2_Und_GL_Tran_KNN1 ,    8100  ,     0 (               |        *     ),81.00, 81.00, 81.00, 81.00, 81.00
  25 , pc1_Tran_Log ,    8100  ,     0 (               |        *     ),81.00, 81.00, 81.00, 81.00, 81.00
  26 , cm1_GL_Tran_KNN3 ,    8200  ,   800 (               |      -  *    ),73.00, 78.00, 82.00, 85.00, 86.00
  26 , pig_Und_GL_Tran_KNN5 ,    8200  ,  2500 (               |    -    *  - ),66.00, 70.00, 82.00, 92.00, 95.00
  26 , cm1_Tran_KNN5 ,    8200  ,   500 (               |       - *-   ),77.00, 81.00, 82.00, 84.00, 89.00
  26 , derby_Und_GL_Tran_KNN10 ,    8200  ,  1000 (               |     --  *-   ),70.00, 78.00, 82.00, 87.00, 89.00
  26 , pc3_Und_GL_Tran_KNN5 ,    8300  ,   600 (               |      -- *-   ),75.00, 81.00, 83.00, 85.00, 90.00
  26 , openjpa_GL_Tran_KNN5 ,    8300  ,  2100 (               |      -  *    ),72.00, 76.00, 83.00, 95.00, 97.00
  26 , pc1_Und_Tran_KNN3 ,    8300  ,  1300 (               |     --- * -  ),71.00, 79.00, 83.00, 91.00, 93.00
  26 , arc2_Und_Tran_KNN5 ,    8300  ,  2300 (               |----     *-   ),53.00, 68.00, 83.00, 85.00, 90.00
  26 , openjpa_Tran_KNN5 ,    8300  ,   700 (               |     --- *--- ),69.00, 80.00, 83.00, 85.00, 97.00
  27 , ivy2_GL_Tran_KNN10 ,    8400  ,   800 (               |       - *-   ),76.00, 79.00, 84.00, 86.00, 91.00
  27 , pc3_Tran_Log ,    8400  ,     0 (               |         *    ),84.00, 84.00, 84.00, 84.00, 84.00
  27 , cm1_Tran_KNN10 ,    8400  ,   700 (               |        -*-   ),81.00, 82.00, 84.00, 85.00, 90.00
  27 , pc4_Tran_KNN10 ,    8500  ,   300 (               |          *   ),83.00, 83.00, 85.00, 86.00, 87.00
  27 , arc2_Und_Tran_KNN10 ,    8500  ,  1000 (               |       -- *-  ),78.00, 83.00, 85.00, 90.00, 92.00
  27 , pc4_Und_GL_Tran_KNN10 ,    8500  ,   500 (               |        - *   ),81.00, 83.00, 85.00, 87.00, 88.00
  27 , cm1_Und_GL_Tran_KNN5 ,    8500  ,  1300 (               |    --    *   ),67.00, 75.00, 85.00, 87.00, 90.00
  27 , jedit2_Und_Gauss ,    9800  ,  2600 (---------------|------       *), 0.00, 72.00, 98.00, 98.00, 98.00
  27 , ivy2_Tran_KNN10 ,    8500  ,  1100 (               |          *-  ),77.00, 78.00, 85.00, 88.00, 92.00
  27 , pc4_GL_Tran_KNN10 ,    8500  ,   200 (               |          *   ),83.00, 84.00, 85.00, 86.00, 87.00
  27 , cm1_GL_Tran_KNN5 ,    8600  ,   600 (               |        - *   ),80.00, 84.00, 86.00, 89.00, 90.00
  27 , pc1_Tran_KNN3 ,    8600  ,   600 (               |        - *   ),80.00, 83.00, 86.00, 89.00, 90.00
  27 , ivy2_Und_GL_Tran_KNN10 ,    8600  ,   900 (               |        --*-  ),80.00, 85.00, 86.00, 91.00, 92.00
  27 , pc4_Und_Tran_KNN10 ,    8600  ,   200 (               |        --*   ),81.00, 85.00, 86.00, 86.00, 87.00
  27 , felix_Und_GL_Tran_KNN10 ,    8600  ,  1100 (               |     ---  *-  ),69.00, 81.00, 86.00, 90.00, 92.00
  27 , ivy2_Und_Tran_Gauss ,    8600  ,     0 (               |          *   ),86.00, 86.00, 86.00, 86.00, 86.00
  27 , cm1_Und_GL_Tran_KNN10 ,    8700  ,   500 (               |         -*   ),84.00, 85.00, 87.00, 87.00, 90.00
  27 , cm1_GL_Tran_KNN10 ,    8700  ,   500 (               |        --*-  ),81.00, 85.00, 87.00, 89.00, 92.00
  27 , pc3_Und_Tran_KNN10 ,    8700  ,   200 (               |         -*   ),84.00, 86.00, 87.00, 88.00, 90.00
  27 , pc1_GL_Tran_KNN3 ,    8700  ,   300 (               |        --*   ),81.00, 86.00, 87.00, 89.00, 91.00
  27 , arc2_Tran_Log ,    8700  ,     0 (               |          *   ),87.00, 87.00, 87.00, 87.00, 87.00
  27 , pc3_Tran_KNN10 ,    8700  ,   300 (               |         -*   ),84.00, 86.00, 87.00, 89.00, 91.00
  27 , cm1_Und_Tran_KNN5 ,    8700  ,  1000 (               |    ----  *   ),66.00, 81.00, 87.00, 89.00, 90.00
  27 , pc3_GL_Tran_KNN10 ,    8700  ,   200 (               |          *   ),85.00, 86.00, 87.00, 88.00, 90.00
  27 , ivy2_Und_Tran_KNN10 ,    8800  ,   400 (               |         -*-  ),82.00, 85.00, 88.00, 89.00, 92.00
  27 , arc2_Und_GL_Tran_KNN3 ,    8800  ,   700 (               |   ------ *-  ),63.00, 83.00, 88.00, 90.00, 92.00
  27 , arc2_Und_GL_Tran_KNN5 ,    8800  ,   500 (               |      ----*-  ),73.00, 85.00, 88.00, 90.00, 92.00
  27 , pc3_Und_GL_Tran_KNN10 ,    8800  ,   200 (               |         -*   ),84.00, 87.00, 88.00, 89.00, 90.00
  27 , arc2_GL_Tran_KNN10 ,    8800  ,   700 (               |       -- *-  ),78.00, 83.00, 88.00, 88.00, 93.00
  27 , arc2_Und_GL_Tran_KNN10 ,    8800  ,   500 (               |         -*-  ),83.00, 85.00, 88.00, 90.00, 92.00
  27 , elearning2_GL_Tran_Log ,    8800  ,     0 (               |          *   ),88.00, 88.00, 88.00, 88.00, 88.00
  27 , arc2_Tran_KNN10 ,    8800  ,  1000 (               |      --- *   ),72.00, 83.00, 88.00, 90.00, 90.00
  27 , pc1_Tran_KNN5 ,    8900  ,   300 (               |         - *  ),82.00, 87.00, 89.00, 90.00, 91.00
  27 , bookkeeper_Und_GL_Tran_KNN5 ,    8900  ,  1800 (               |------     *  ),55.00, 74.00, 89.00, 92.00, 94.00
  27 , cm1_Und_Tran_KNN10 ,    8900  ,   600 (               |        -- *  ),81.00, 85.00, 89.00, 90.00, 92.00
  27 , pc1_GL_Tran_KNN5 ,    8900  ,   400 (               |         - *  ),82.00, 88.00, 89.00, 91.00, 92.00
  27 , elearning2_GL_Gauss ,    8100  ,   900 (  -------------|--------   *  ), 9.00, 81.00, 90.00, 90.00, 90.00
  27 , elearning2_GL_Tran_KNN10 ,    9000  ,     0 (               |        ---*  ),80.00, 90.00, 90.00, 90.00, 90.00
  27 , pc1_Tran_KNN10 ,    9000  ,   200 (               |          -*  ),87.00, 89.00, 90.00, 91.00, 92.00
  27 , elearning2_Tran_KNN3 ,    9000  ,  1000 (      ---------|---------  *  ),20.00, 82.00, 90.00, 90.00, 90.00
  27 , elearning2_Tran_KNN5 ,    9000  ,     0 (   ------------|-----------*  ),10.00, 90.00, 90.00, 90.00, 90.00
  27 , elearning2_Und_Tran_KNN3 ,    9000  ,  1000 (---------------|-----------*  ), 0.00, 90.00, 90.00, 90.00, 90.00
  27 , elearning2_Und_Tran_KNN5 ,    9000  ,     0 (               |           *  ),90.00, 90.00, 90.00, 90.00, 90.00
  27 , elearning2_Und_GL_Tran_KNN5 ,    9000  ,     0 (               |        ---*  ),80.00, 90.00, 90.00, 90.00, 90.00
  27 , elearning2_Und_GL_Tran_KNN3 ,    9000  ,     0 (               |        ---*  ),80.00, 90.00, 90.00, 90.00, 90.00
  27 , elearning2_GL_Tran_KNN5 ,    9000  ,  1000 (   ------------|--------   *  ),10.00, 80.00, 90.00, 90.00, 90.00
  27 , pc1_Und_GL_Tran_KNN3 ,    9000  ,   500 (               |      ---- *  ),72.00, 88.00, 90.00, 91.00, 93.00
  27 , elearning2_Und_Tran_KNN10 ,    9000  ,     0 (               |           *  ),90.00, 90.00, 90.00, 90.00, 90.00
  27 , elearning2_Tran_KNN10 ,    9000  ,     0 (               |        ---*  ),80.00, 90.00, 90.00, 90.00, 90.00
  27 , elearning2_Und_GL_Tran_KNN10 ,    9000  ,     0 (               |        ---*  ),80.00, 90.00, 90.00, 90.00, 90.00
  28 , pc1_GL_Tran_KNN10 ,    9100  ,   300 (               |          -*  ),88.00, 89.00, 91.00, 92.00, 94.00
  28 , accumulo_Und_Tran_KNN10 ,    9100  ,   200 (               |          -*  ),85.00, 90.00, 91.00, 92.00, 94.00
  28 , pc1_Und_Tran_KNN5 ,    9100  ,   400 (               |         --*  ),83.00, 90.00, 91.00, 92.00, 94.00
  28 , pc1_Und_GL_Tran_KNN5 ,    9100  ,   500 (               |         --*  ),83.00, 90.00, 91.00, 93.00, 94.00
  28 , elearning2_Tran_Log ,    9100  ,     0 (               |           *  ),91.00, 91.00, 91.00, 91.00, 91.00
  28 , bookkeeper_Und_Tran_KNN5 ,    9100  ,   300 (               |   --------*  ),64.00, 89.00, 91.00, 91.00, 94.00
  28 , elearning2_Und_Tran_Log ,    9100  ,     0 (               |           *  ),91.00, 91.00, 91.00, 91.00, 91.00
  28 , bookkeeper_Und_GL_Tran_KNN10 ,    9100  ,   500 (               |          -*- ),87.00, 89.00, 91.00, 92.00, 96.00
  28 , bookkeeper_Und_Tran_KNN10 ,    9100  ,   100 (               |          -*  ),85.00, 91.00, 91.00, 92.00, 94.00
  28 , accumulo_Und_GL_Tran_KNN10 ,    9100  ,   200 (               |          -*  ),85.00, 90.00, 91.00, 91.00, 93.00
  28 , pc1_Und_Tran_KNN10 ,    9200  ,   100 (               |            * ),90.00, 91.00, 92.00, 92.00, 94.00
  28 , pc1_Und_GL_Tran_KNN10 ,    9200  ,   300 (               |          - * ),88.00, 90.00, 92.00, 93.00, 94.00
  28 , pig_Und_Tran_KNN5 ,    9200  ,  2100 (               |------      * ),55.00, 74.00, 92.00, 93.00, 96.00
  28 , pig_Und_GL_Tran_KNN10 ,    9300  ,   300 (               |           -* ),90.00, 92.00, 93.00, 95.00, 95.00
  28 , pig_Und_Tran_KNN10 ,    9300  ,   200 (               |            * ),92.00, 92.00, 93.00, 94.00, 96.00
  28 , jedit2_GL_Log ,    9400  ,  3200 (---------------|------------* ), 3.00, 93.00, 94.00, 95.00, 97.00
  28 , openjpa_Und_Tran_KNN3 ,    9600  ,  1800 (               |------------ *),55.00, 94.00, 96.00, 96.00, 97.00
  28 , jedit2_GL_Tran_KNN1 ,    9500  ,   200 ( --------------|-------------*), 6.00, 95.00, 95.00, 96.00, 97.00
  28 , jedit2_Tran_KNN1 ,    9500  ,   300 (---------------|------------ *), 2.00, 94.00, 95.00, 96.00, 97.00
  28 , openjpa_Und_Tran_KNN10 ,    9600  ,   100 (               |             *),95.00, 96.00, 96.00, 97.00, 97.00
  28 , openjpa_Tran_KNN10 ,    9600  ,   200 (               |             *),95.00, 95.00, 96.00, 96.00, 98.00
  28 , openjpa_Und_Tran_KNN5 ,    9600  ,   200 (               |            -*),94.00, 96.00, 96.00, 97.00, 97.00
  28 , openjpa_Und_GL_Tran_KNN10 ,    9600  ,   100 (               |            -*),94.00, 96.00, 96.00, 96.00, 98.00
  28 , openjpa_Und_GL_Tran_KNN3 ,    9600  ,   300 (               | ----------- *),58.00, 94.00, 96.00, 96.00, 98.00
  28 , openjpa_Und_GL_Tran_KNN5 ,    9600  ,   200 (               |      -------*),73.00, 95.00, 96.00, 96.00, 98.00
  28 , openjpa_GL_Tran_KNN10 ,    9600  ,   200 (               |             *),95.00, 96.00, 96.00, 97.00, 98.00
  28 ,   jedit2_Log ,    9600  ,   500 (---------------|------------ *), 2.00, 94.00, 96.00, 97.00, 98.00
  28 , jedit2_GL_Tran_KNN10 ,    9700  ,   200 (               |             *),96.00, 96.00, 97.00, 98.00, 98.00
  28 , jedit2_Und_GL_Gauss ,    5900  ,     0 (               |             *),59.00, 59.00, 97.00, 97.00, 97.00
  28 , jedit2_Und_Tran_KNN5 ,    9700  ,     0 (               |             *),97.00, 97.00, 97.00, 98.00, 98.00
  28 , jedit2_Und_Tran_KNN3 ,    9700  ,     0 (               |             *),97.00, 97.00, 97.00, 98.00, 98.00
  28 , jedit2_GL_Gauss ,    9700  ,   200 (---------------|-------------*), 2.00, 95.00, 97.00, 97.00, 97.00
  28 , jedit2_GL_Tran_KNN5 ,    9700  ,   200 (               |             *),96.00, 96.00, 97.00, 98.00, 98.00
  28 , jedit2_GL_Tran_KNN3 ,    9700  ,   200 (               |             *),95.00, 96.00, 97.00, 97.00, 98.00
  28 , jedit2_Tran_KNN3 ,    9700  ,   200 (---------------|-------------*), 2.00, 96.00, 97.00, 98.00, 98.00
  28 , jedit2_Und_Tran_KNN10 ,    9700  ,     0 (               |             *),97.00, 97.00, 97.00, 98.00, 98.00
  29 , jedit2_Tran_KNN10 ,    9800  ,   100 (               |             *),96.00, 97.00, 98.00, 98.00, 98.00
  29 , jedit2_Tran_KNN5 ,    9800  ,   100 (               |             *),96.00, 97.00, 98.00, 98.00, 98.00
  29 , jedit2_Und_GL_Tran_KNN5 ,    9800  ,     0 (               |             *),98.00, 98.00, 98.00, 98.00, 98.00
  29 , jedit2_Und_GL_Tran_KNN3 ,    9800  ,     0 (               |             *),98.00, 98.00, 98.00, 98.00, 98.00
  29 , jedit2_Und_GL_Tran_KNN10 ,    9800  ,     0 (               |             *),98.00, 98.00, 98.00, 98.00, 98.00
