rank ,         name ,    med   ,  iqr 
----------------------------------------------------
   1 , log4j2_Tran_KNN3 ,    1100  ,  7800 ( -*            |          -   ), 7.00,  9.00, 11.00, 87.00, 92.00
   1 , log4j2_Tran_KNN1 ,    1700  ,   800 (  - *----      |              ),10.00, 15.00, 17.00, 21.00, 33.00
   1 , log4j2_GL_Log ,    1800  ,  2200 (    *    ------|              ), 9.00, 11.00, 18.00, 33.00, 53.00
   1 , log4j2_GL_Tran_KNN1 ,    1900  ,  2000 (  -- *  -------|---------     ),11.00, 16.00, 19.00, 29.00, 85.00
   1 , ivy2_Und_Tran_Gauss ,    2300  ,     0 (      *        |              ),23.00, 23.00, 23.00, 23.00, 23.00
   1 , elearning2_Und_GL_Tran_Gauss ,    2300  ,     0 (      *        |              ),23.00, 23.00, 23.00, 23.00, 23.00
   1 ,    pc3_Gauss ,    2600  ,   500 (    -- *-------|-----         ),17.00, 23.00, 26.00, 27.00, 72.00
   1 , jedit2_Und_GL_Tran_Gauss ,    2600  ,     0 (       *       |              ),26.00, 26.00, 26.00, 26.00, 26.00
   1 , jedit2_GL_Tran_Gauss ,    2800  ,     0 (       *       |              ),28.00, 28.00, 28.00, 28.00, 28.00
   1 , elearning2_GL_Tran_Gauss ,    2900  ,     0 (        *      |              ),29.00, 29.00, 29.00, 29.00, 29.00
   1 , arc2_Und_GL_Tran_Gauss ,    3200  ,     0 (         *     |              ),32.00, 32.00, 32.00, 32.00, 32.00
   1 , arc2_Und_Tran_Gauss ,    3300  ,     0 (         *     |              ),33.00, 33.00, 33.00, 33.00, 33.00
   1 , xerces2_Und_GL_Tran_Gauss ,    3400  ,     0 (         *     |              ),34.00, 34.00, 34.00, 34.00, 34.00
   1 , log4j2_Und_GL_Tran_Gauss ,    3500  ,     0 (          *    |              ),35.00, 35.00, 35.00, 35.00, 35.00
   2 ,   log4j2_Log ,    3700  ,  7500 ( --       *    |    --------  ), 7.00, 13.00, 37.00, 69.00, 95.00
   2 , log4j2_Gauss ,    3700  ,   700 (       -- *--  |              ),28.00, 33.00, 37.00, 38.00, 46.00
   2 , log4j2_Und_Tran_Gauss ,    3800  ,     0 (           *   |              ),38.00, 38.00, 38.00, 38.00, 38.00
   2 , arc2_GL_Tran_Gauss ,    3800  ,     0 (           *   |              ),38.00, 38.00, 38.00, 38.00, 38.00
   2 , log4j2_GL_Tran_Gauss ,    3800  ,     0 (           *   |              ),38.00, 38.00, 38.00, 38.00, 38.00
   2 , log4j2_Und_Gauss ,    3900  ,  1000 (        -  *-  |              ),30.00, 34.00, 39.00, 42.00, 46.00
   2 , ant2_Und_GL_Tran_Gauss ,    3900  ,     0 (           *   |              ),39.00, 39.00, 39.00, 39.00, 39.00
   2 , ant2_GL_Tran_Gauss ,    4000  ,     0 (           *   |              ),40.00, 40.00, 40.00, 40.00, 40.00
   2 , cm1_Und_GL_Tran_Log ,    4000  ,     0 (           *   |              ),40.00, 40.00, 40.00, 40.00, 40.00
   2 , camel2_GL_Tran_Gauss ,    4000  ,     0 (           *   |              ),40.00, 40.00, 40.00, 40.00, 40.00
   2 , xerces2_GL_Tran_Gauss ,    4100  ,     0 (           *   |              ),41.00, 41.00, 41.00, 41.00, 41.00
   2 , camel2_Und_GL_Tran_Gauss ,    4100  ,     0 (           *   |              ),41.00, 41.00, 41.00, 41.00, 41.00
   2 , ivy2_Und_GL_Tran_Gauss ,    4100  ,     0 (           *   |              ),41.00, 41.00, 41.00, 41.00, 41.00
   2 , ivy2_GL_Tran_Gauss ,    4300  ,     0 (            *  |              ),43.00, 43.00, 43.00, 43.00, 43.00
   2 , poi2_Und_GL_Tran_Gauss ,    4300  ,     0 (            *  |              ),43.00, 43.00, 43.00, 43.00, 43.00
   2 , camel2_Und_Tran_Gauss ,    4300  ,     0 (            *  |              ),43.00, 43.00, 43.00, 43.00, 43.00
   2 , cm1_Und_GL_Tran_Gauss ,    4400  ,     0 (            *  |              ),44.00, 44.00, 44.00, 44.00, 44.00
   2 , poi2_GL_Tran_Gauss ,    4400  ,     0 (            *  |              ),44.00, 44.00, 44.00, 44.00, 44.00
   2 , lucene2_Und_GL_Tran_Log ,    4600  ,     0 (             * |              ),46.00, 46.00, 46.00, 46.00, 46.00
   2 , lucene2_GL_Tran_Gauss ,    4600  ,     0 (             * |              ),46.00, 46.00, 46.00, 46.00, 46.00
   2 , camel2_Tran_Gauss ,    4700  ,     0 (             * |              ),47.00, 47.00, 47.00, 47.00, 47.00
   2 , synapse2_GL_Tran_Gauss ,    4800  ,     0 (              *|              ),48.00, 48.00, 48.00, 48.00, 48.00
   2 , cm1_GL_Tran_Gauss ,    4900  ,     0 (              *|              ),49.00, 49.00, 49.00, 49.00, 49.00
   3 , jedit2_Tran_Gauss ,    5000  ,     0 (              *|              ),50.00, 50.00, 50.00, 50.00, 50.00
   3 , log4j2_Tran_Gauss ,    5000  ,     0 (              *|              ),50.00, 50.00, 50.00, 50.00, 50.00
   3 , jedit2_Und_Tran_Gauss ,    5000  ,     0 (              *|              ),50.00, 50.00, 50.00, 50.00, 50.00
   3 , synapse2_Und_GL_Tran_Gauss ,    5000  ,     0 (              *|              ),50.00, 50.00, 50.00, 50.00, 50.00
   3 , arc2_Tran_Gauss ,    5000  ,     0 (              *|              ),50.00, 50.00, 50.00, 50.00, 50.00
   3 , lucene2_Und_GL_Tran_Gauss ,    5100  ,     0 (              *|              ),51.00, 51.00, 51.00, 51.00, 51.00
   3 , lucene2_GL_Tran_Log ,    5100  ,     0 (              *|              ),51.00, 51.00, 51.00, 51.00, 51.00
   3 , ivy2_Tran_Gauss ,    5100  ,     0 (              *|              ),51.00, 51.00, 51.00, 51.00, 51.00
   4 , synapse2_Und_Tran_Log ,    5200  ,     0 (               *              ),52.00, 52.00, 52.00, 52.00, 52.00
   4 , poi2_Und_GL_Tran_Log ,    5300  ,     0 (               *              ),53.00, 53.00, 53.00, 53.00, 53.00
   4 , cm1_Und_Tran_Log ,    5300  ,     0 (               *              ),53.00, 53.00, 53.00, 53.00, 53.00
   4 , xerces2_GL_Gauss ,    5300  ,  1000 (            -- * -            ),44.00, 50.00, 53.00, 58.00, 61.00
   5 , poi2_Und_Tran_Gauss ,    5500  ,     0 (               |*             ),55.00, 55.00, 55.00, 55.00, 55.00
   5 , lucene2_GL_Gauss ,    5600  ,   600 (              -|*-            ),50.00, 53.00, 56.00, 58.00, 62.00
   5 , camel2_Und_Gauss ,    5600  ,  1400 (           ----|*  -          ),41.00, 52.00, 56.00, 65.00, 68.00
   5 , lucene2_Und_Tran_Gauss ,    5600  ,     0 (               |*             ),56.00, 56.00, 56.00, 56.00, 56.00
   5 , lucene2_Tran_Gauss ,    5700  ,     0 (               |*             ),57.00, 57.00, 57.00, 57.00, 57.00
   5 , synapse2_Tran_Gauss ,    5700  ,     0 (               |*             ),57.00, 57.00, 57.00, 57.00, 57.00
   5 , xerces2_Und_GL_Tran_Log ,    5700  ,     0 (               |*             ),57.00, 57.00, 57.00, 57.00, 57.00
   5 , xerces2_Und_Gauss ,    5700  ,   400 (               |*-            ),54.00, 56.00, 57.00, 58.00, 62.00
   5 , lucene2_Tran_KNN1 ,    5700  ,   500 (               |*--           ),53.00, 56.00, 57.00, 59.00, 65.00
   5 ,   arc2_Gauss ,    5700  ,  1500 (            -- |* -           ),42.00, 50.00, 57.00, 62.00, 66.00
   5 , camel2_GL_Gauss ,    5700  ,   600 (              -|*-            ),50.00, 53.00, 57.00, 59.00, 61.00
   6 , lucene2_GL_Tran_KNN3 ,    5800  ,   700 (               | *--          ),53.00, 56.00, 58.00, 62.00, 69.00
   6 , poi2_GL_Tran_Log ,    5800  ,     0 (               | *            ),58.00, 58.00, 58.00, 58.00, 58.00
   6 , lucene2_Und_Tran_Log ,    5800  ,     0 (               | *            ),58.00, 58.00, 58.00, 58.00, 58.00
   6 , xerces2_Gauss ,    5800  ,   400 (               | *            ),53.00, 57.00, 58.00, 60.00, 62.00
   6 , camel2_Und_GL_Tran_Log ,    5800  ,     0 (               | *            ),58.00, 58.00, 58.00, 58.00, 58.00
   6 , jedit2_Und_GL_Tran_Log ,    5800  ,     0 (               | *            ),58.00, 58.00, 58.00, 58.00, 58.00
   6 , camel2_GL_Tran_Log ,    5900  ,     0 (               | *            ),59.00, 59.00, 59.00, 59.00, 59.00
   6 , lucene2_GL_Tran_KNN10 ,    5900  ,   600 (              -| *-           ),51.00, 57.00, 59.00, 63.00, 67.00
   6 , lucene2_GL_Log ,    5900  ,   800 (               |-*-           ),55.00, 58.00, 59.00, 63.00, 67.00
   6 , xerces2_Tran_KNN1 ,    5900  ,   700 (              -| *--          ),51.00, 57.00, 59.00, 62.00, 69.00
   6 , lucene2_GL_Tran_KNN1 ,    6000  ,   600 (               | *-           ),52.00, 56.00, 60.00, 62.00, 65.00
   6 , xerces2_Tran_Gauss ,    6000  ,     0 (               | *            ),60.00, 60.00, 60.00, 60.00, 60.00
   6 , lucene2_Tran_KNN10 ,    6000  ,   500 (               |-*--          ),56.00, 59.00, 60.00, 63.00, 68.00
   6 , lucene2_Tran_KNN3 ,    6000  ,   800 (               | *--          ),54.00, 57.00, 60.00, 63.00, 68.00
   6 , poi2_Tran_Log ,    6000  ,     0 (               | *            ),60.00, 60.00, 60.00, 60.00, 60.00
   7 , lucene2_GL_Tran_KNN5 ,    6100  ,   600 (               |- *---        ),55.00, 58.00, 61.00, 64.00, 74.00
   7 , synapse2_Tran_KNN1 ,    6100  ,  1000 (              -|- *---        ),48.00, 59.00, 61.00, 67.00, 77.00
   7 , xerces2_GL_Tran_KNN1 ,    6100  ,  1300 (              -|  *-          ),49.00, 54.00, 61.00, 64.00, 68.00
   7 , camel2_Tran_Log ,    6200  ,     0 (               |  *           ),62.00, 62.00, 62.00, 62.00, 62.00
   7 , lucene2_Tran_Log ,    6200  ,     0 (               |  *           ),62.00, 62.00, 62.00, 62.00, 62.00
   7 , camel2_GL_Tran_KNN1 ,    6200  ,   800 (               |- *-          ),56.00, 60.00, 62.00, 66.00, 69.00
   7 , synapse2_Und_Tran_Gauss ,    6200  ,     0 (               |  *           ),62.00, 62.00, 62.00, 62.00, 62.00
   7 , synapse2_GL_Gauss ,    6200  ,  1000 (               |- *-          ),55.00, 58.00, 62.00, 67.00, 70.00
   7 , poi2_Und_Tran_Log ,    6200  ,     0 (               |  *           ),62.00, 62.00, 62.00, 62.00, 62.00
   7 , synapse2_GL_Tran_KNN1 ,    6200  ,  1000 (              -|  *-          ),50.00, 57.00, 62.00, 66.00, 68.00
   8 , berek2_Und_GL_Tran_Gauss ,    6300  ,     0 (               |  *           ),63.00, 63.00, 63.00, 63.00, 63.00
   8 , berek2_GL_Tran_Gauss ,    6300  ,     0 (               |  *           ),63.00, 63.00, 63.00, 63.00, 63.00
   8 , arc2_Und_Gauss ,    6300  ,  2300 (              -|  *    ----   ),48.00, 57.00, 63.00, 80.00, 91.00
   8 , lucene2_Tran_KNN5 ,    6300  ,   600 (               |- *-          ),57.00, 60.00, 63.00, 65.00, 68.00
   8 , camel2_Tran_KNN3 ,    6300  ,   900 (               |--*-          ),56.00, 62.00, 63.00, 67.00, 70.00
   8 , camel2_Tran_KNN1 ,    6300  ,   700 (               |  *-          ),58.00, 60.00, 63.00, 65.00, 70.00
   8 , xerces2_Und_Tran_Gauss ,    6300  ,     0 (               |  *           ),63.00, 63.00, 63.00, 63.00, 63.00
   8 , xerces2_Tran_KNN3 ,    6400  ,  1400 (               |- *  -        ),56.00, 59.00, 64.00, 71.00, 76.00
   8 , lucene2_Und_Gauss ,    6400  ,   500 (               | -*-          ),58.00, 62.00, 64.00, 66.00, 69.00
   8 ,  lucene2_Log ,    6400  ,   300 (               |--*-          ),57.00, 62.00, 64.00, 65.00, 69.00
   8 , camel2_Und_Tran_Log ,    6400  ,     0 (               |  *           ),64.00, 64.00, 64.00, 64.00, 64.00
   8 , pc3_Und_GL_Tran_Gauss ,    6400  ,     0 (               |  *           ),64.00, 64.00, 64.00, 64.00, 64.00
   8 , xerces2_Tran_KNN10 ,    6400  ,  1300 (               |- *  -        ),54.00, 60.00, 64.00, 71.00, 77.00
   8 , camel2_GL_Tran_KNN3 ,    6400  ,   500 (               | -*-          ),60.00, 62.00, 64.00, 66.00, 70.00
   8 , camel2_Tran_KNN5 ,    6400  ,  1000 (               | -* -         ),58.00, 62.00, 64.00, 69.00, 72.00
   8 , poi2_GL_Gauss ,    6400  ,   900 (               |--*           ),53.00, 61.00, 64.00, 68.00, 70.00
   8 , xerces2_Und_GL_Gauss ,    6400  ,  1400 (               |- * ---       ),56.00, 59.00, 64.00, 70.00, 80.00
   8 , lucene2_Gauss ,    6400  ,   500 (               | -*           ),58.00, 62.00, 64.00, 66.00, 67.00
   8 , camel2_Und_GL_Tran_KNN10 ,    6400  ,  1000 (               |  * --        ),58.00, 60.00, 64.00, 70.00, 75.00
   8 , berek2_Und_Tran_Gauss ,    6400  ,     0 (               |  *           ),64.00, 64.00, 64.00, 64.00, 64.00
   8 , ant2_Und_GL_Tran_Log ,    6400  ,     0 (               |  *           ),64.00, 64.00, 64.00, 64.00, 64.00
   8 , camel2_Und_Tran_KNN10 ,    6400  ,  1300 (               |--*  ---      ),56.00, 61.00, 64.00, 71.00, 83.00
   9 , poi2_GL_Tran_KNN1 ,    6500  ,   700 (               | - *-         ),60.00, 64.00, 65.00, 70.00, 72.00
   9 , synapse2_GL_Log ,    6500  ,   700 (               | - *--        ),58.00, 62.00, 65.00, 67.00, 77.00
   9 , camel2_Tran_KNN10 ,    6500  ,  1900 (               |-- *   -      ),56.00, 63.00, 65.00, 78.00, 83.00
   9 , lucene2_Und_GL_Tran_KNN10 ,    6600  ,   600 (               | - *-         ),59.00, 64.00, 66.00, 69.00, 73.00
   9 ,     poi2_Log ,    6600  ,   700 (               |   *-         ),61.00, 63.00, 66.00, 69.00, 71.00
   9 , synapse2_Gauss ,    6600  ,  1100 (               |-- *---       ),56.00, 61.00, 66.00, 69.00, 79.00
   9 , pc4_Und_GL_Tran_Log ,    6600  ,     0 (               |   *          ),66.00, 66.00, 66.00, 66.00, 66.00
   9 , lucene2_Und_Tran_KNN10 ,    6600  ,   800 (               | - *--        ),60.00, 62.00, 66.00, 70.00, 77.00
   9 , cm1_Tran_KNN3 ,    6600  ,   800 (               |   *--        ),62.00, 64.00, 66.00, 70.00, 77.00
   9 , poi2_Tran_KNN1 ,    6600  ,  1000 (               | - *--        ),60.00, 63.00, 66.00, 70.00, 75.00
   9 , pc4_Und_Tran_Log ,    6600  ,     0 (               |   *          ),66.00, 66.00, 66.00, 66.00, 66.00
   9 , synapse2_Und_GL_Tran_Log ,    6600  ,     0 (               |   *          ),66.00, 66.00, 66.00, 66.00, 66.00
   9 , synapse2_Tran_KNN3 ,    6700  ,   800 (               |   *---       ),61.00, 64.00, 67.00, 70.00, 79.00
   9 ,  poi2_GL_Log ,    6700  ,   300 (               |  -*--        ),61.00, 66.00, 67.00, 69.00, 76.00
   9 , lucene2_Und_Log ,    6700  ,   600 (               |  -*--        ),62.00, 65.00, 67.00, 69.00, 74.00
   9 , xerces2_GL_Log ,    6700  ,  1100 (               | - *---       ),58.00, 62.00, 67.00, 70.00, 79.00
   9 , xerces2_GL_Tran_KNN3 ,    6700  ,  1000 (              -|-- *-         ),51.00, 61.00, 67.00, 68.00, 73.00
   9 , xerces2_Und_Tran_Log ,    6700  ,     0 (               |   *          ),67.00, 67.00, 67.00, 67.00, 67.00
   9 , pc3_GL_Tran_Gauss ,    6700  ,     0 (               |   *          ),67.00, 67.00, 67.00, 67.00, 67.00
   9 , camel2_GL_Log ,    6700  ,   700 (               | - *-         ),60.00, 64.00, 67.00, 69.00, 73.00
   9 , ant2_GL_Tran_Log ,    6700  ,     0 (               |   *          ),67.00, 67.00, 67.00, 67.00, 67.00
   9 , synapse2_GL_Tran_KNN3 ,    6700  ,   800 (               |   * -        ),61.00, 64.00, 67.00, 71.00, 76.00
   9 , log4j2_Und_GL_Tran_Log ,    6700  ,     0 (               |   *          ),67.00, 67.00, 67.00, 67.00, 67.00
   9 , xerces2_GL_Tran_Log ,    6700  ,     0 (               |   *          ),67.00, 67.00, 67.00, 67.00, 67.00
   9 , cm1_GL_Tran_Log ,    6800  ,     0 (               |    *         ),68.00, 68.00, 68.00, 68.00, 68.00
   9 , ant2_Und_Tran_Gauss ,    6800  ,     0 (               |    *         ),68.00, 68.00, 68.00, 68.00, 68.00
   9 , camel2_GL_Tran_KNN5 ,    6800  ,   500 (               |  - *         ),64.00, 67.00, 68.00, 71.00, 72.00
   9 , poi2_GL_Tran_KNN3 ,    6800  ,   600 (               |  - *-        ),63.00, 67.00, 68.00, 72.00, 76.00
   9 , xerces2_Tran_KNN5 ,    6800  ,  1400 (               |--  * --      ),56.00, 62.00, 68.00, 74.00, 81.00
   9 , ant2_GL_Gauss ,    6800  ,   600 (               |  - *-        ),62.00, 65.00, 68.00, 70.00, 75.00
   9 ,   poi2_Gauss ,    6800  ,   900 (               | -- *-        ),60.00, 67.00, 68.00, 72.00, 76.00
   9 , camel2_Gauss ,    6800  ,  1100 (               |--  *-        ),55.00, 62.00, 68.00, 71.00, 74.00
   9 , camel2_GL_Tran_KNN10 ,    6800  ,  1000 (               | -  *--       ),60.00, 63.00, 68.00, 72.00, 78.00
   9 ,  xerces2_Log ,    6800  ,  1000 (               |--- *         ),57.00, 66.00, 68.00, 74.00, 77.00
   9 , synapse2_GL_Tran_Log ,    6800  ,     0 (               |    *         ),68.00, 68.00, 68.00, 68.00, 68.00
   9 , ant2_Und_Tran_Log ,    6900  ,     0 (               |    *         ),69.00, 69.00, 69.00, 69.00, 69.00
   9 , xerces2_Und_Log ,    6900  ,   500 (               |    *--       ),65.00, 67.00, 69.00, 72.00, 78.00
   9 , pc3_Und_GL_Tran_Log ,    6900  ,     0 (               |    *         ),69.00, 69.00, 69.00, 69.00, 69.00
   9 , ant2_Tran_Gauss ,    6900  ,     0 (               |    *         ),69.00, 69.00, 69.00, 69.00, 69.00
   9 , synapse2_Tran_KNN10 ,    6900  ,   400 (               | -- *-        ),60.00, 67.00, 69.00, 70.00, 74.00
   9 , cm1_Tran_KNN5 ,    6900  ,   600 (               |  --*--       ),62.00, 68.00, 69.00, 73.00, 80.00
   9 , poi2_Tran_KNN3 ,    6900  ,   500 (               |  - *--       ),63.00, 66.00, 69.00, 70.00, 78.00
   9 , synapse2_Und_Gauss ,    6900  ,  1700 (               |--  * --      ),55.00, 61.00, 69.00, 77.00, 81.00
   9 , log4j2_Und_Tran_KNN3 ,    6900  ,  8400 ( ----------    |    *       - ), 7.00, 39.00, 69.00, 95.00, 99.00
  10 , synapse2_GL_Tran_KNN10 ,    7000  ,   400 (               |--- *-        ),54.00, 67.00, 70.00, 70.00, 75.00
  10 , synapse2_Tran_KNN5 ,    7000  ,   900 (               |    *-        ),61.00, 64.00, 70.00, 72.00, 76.00
  10 , xerces2_GL_Tran_KNN10 ,    7000  ,  1300 (               |--  *--       ),55.00, 63.00, 70.00, 73.00, 79.00
  10 , camel2_Und_Tran_KNN5 ,    7000  ,   700 (               | ---*-        ),60.00, 68.00, 70.00, 72.00, 76.00
  10 , poi2_GL_Tran_KNN5 ,    7000  ,   700 (               |  --*--       ),64.00, 68.00, 70.00, 73.00, 79.00
  10 , synapse2_Log ,    7000  ,   700 (               |  - *-        ),64.00, 66.00, 70.00, 73.00, 77.00
  10 , pc1_Und_GL_Tran_Gauss ,    7000  ,     0 (               |    *         ),70.00, 70.00, 70.00, 70.00, 70.00
  10 , xerces2_GL_Tran_KNN5 ,    7000  ,  1400 (               |-   *--       ),56.00, 59.00, 70.00, 73.00, 79.00
  10 , elearning2_Und_Tran_Gauss ,    7000  ,     0 (               |    *         ),70.00, 70.00, 70.00, 70.00, 70.00
  10 , cm1_Tran_KNN10 ,    7000  ,  1100 (               |   -*---      ),65.00, 68.00, 70.00, 73.00, 82.00
  10 , synapse2_GL_Tran_KNN5 ,    7000  ,   900 (               | ---*-        ),58.00, 68.00, 70.00, 72.00, 77.00
  10 , xerces2_Und_Tran_KNN10 ,    7000  ,   500 (               |   -*--       ),67.00, 68.00, 70.00, 73.00, 80.00
  11 , pc1_Und_Tran_Log ,    7100  ,     0 (               |     *        ),71.00, 71.00, 71.00, 71.00, 71.00
  11 , synapse2_Und_GL_Tran_KNN10 ,    7100  ,   800 (               |  -  *--      ),64.00, 67.00, 71.00, 75.00, 81.00
  11 , pc1_Und_GL_Tran_Log ,    7100  ,     0 (               |     *        ),71.00, 71.00, 71.00, 71.00, 71.00
  11 , poi2_GL_Tran_KNN10 ,    7100  ,   600 (               |  -  *        ),63.00, 67.00, 71.00, 73.00, 76.00
  11 , poi2_Tran_KNN10 ,    7100  ,   900 (               |  -  *--      ),64.00, 67.00, 71.00, 74.00, 83.00
  11 , poi2_Tran_Gauss ,    7100  ,     0 (               |     *        ),71.00, 71.00, 71.00, 71.00, 71.00
  11 , synapse2_Und_Tran_KNN10 ,    7100  ,   800 (               |  -- *-       ),61.00, 69.00, 71.00, 76.00, 80.00
  11 , camel2_Und_Tran_KNN3 ,    7200  ,   500 (               |     *-       ),69.00, 70.00, 72.00, 75.00, 78.00
  11 , ant2_Tran_Log ,    7200  ,     0 (               |     *        ),72.00, 72.00, 72.00, 72.00, 72.00
  11 , poi2_Und_Log ,    7200  ,   400 (               |   - *        ),66.00, 70.00, 72.00, 73.00, 77.00
  11 , poi2_Und_Gauss ,    7200  ,   600 (               |  -- *        ),64.00, 69.00, 72.00, 73.00, 76.00
  11 , pc4_GL_Tran_Log ,    7200  ,     0 (               |     *        ),72.00, 72.00, 72.00, 72.00, 72.00
  11 , jedit2_GL_Tran_Log ,    7200  ,     0 (               |     *        ),72.00, 72.00, 72.00, 72.00, 72.00
  11 , poi2_Tran_KNN5 ,    7200  ,   700 (               |   - *-       ),65.00, 69.00, 72.00, 74.00, 80.00
  11 , camel2_Und_GL_Tran_KNN5 ,    7200  ,   700 (               |   - *        ),65.00, 70.00, 72.00, 75.00, 77.00
  11 , pc4_Und_Tran_Gauss ,    7300  ,     0 (               |     *        ),73.00, 73.00, 73.00, 73.00, 73.00
  11 , pc3_Und_Gauss ,    7300  ,  5200 (     --        |     *--      ),21.00, 25.00, 73.00, 76.00, 81.00
  11 , arc2_Und_Tran_KNN10 ,    7300  ,  1200 (               |   - *  -     ),65.00, 69.00, 73.00, 81.00, 86.00
  11 , pc4_GL_Tran_Gauss ,    7300  ,     0 (               |     *        ),73.00, 73.00, 73.00, 73.00, 73.00
  11 , elearning2_Gauss ,    7300  ,  1900 (               |--   *  --    ),53.00, 64.00, 73.00, 82.00, 87.00
  11 ,  ant2_GL_Log ,    7300  ,   700 (               |    -*--      ),68.00, 71.00, 73.00, 76.00, 81.00
  11 , pc4_Und_GL_Tran_Gauss ,    7300  ,     0 (               |     *        ),73.00, 73.00, 73.00, 73.00, 73.00
  11 , poi2_Und_GL_Tran_KNN10 ,    7300  ,   300 (               |    -*-       ),68.00, 71.00, 73.00, 74.00, 78.00
  11 , pc4_GL_Tran_KNN10 ,    7300  ,   400 (               |    -*-       ),69.00, 71.00, 73.00, 75.00, 78.00
  11 , lucene2_Und_Tran_KNN5 ,    7300  ,   800 (               |   - *--      ),67.00, 70.00, 73.00, 77.00, 81.00
  11 , pc4_Tran_KNN1 ,    7300  ,   700 (               |     *-       ),69.00, 70.00, 73.00, 76.00, 79.00
  12 , pc3_Und_Tran_Log ,    7400  ,     0 (               |      *       ),74.00, 74.00, 74.00, 74.00, 74.00
  12 , pc3_GL_Tran_KNN1 ,    7400  ,   400 (               |      *       ),72.00, 73.00, 74.00, 76.00, 79.00
  12 , pc1_GL_Tran_Gauss ,    7400  ,     0 (               |      *       ),74.00, 74.00, 74.00, 74.00, 74.00
  12 , pc4_Tran_KNN10 ,    7400  ,   700 (               |    - *-      ),69.00, 71.00, 74.00, 77.00, 82.00
  12 , cm1_GL_Tran_KNN3 ,    7400  ,   700 (               |  --  *       ),61.00, 69.00, 74.00, 75.00, 79.00
  12 ,   cm1_GL_Log ,    7400  ,  1100 (               |  --  *-      ),64.00, 68.00, 74.00, 78.00, 82.00
  12 ,   camel2_Log ,    7400  ,   800 (               |   -  *       ),67.00, 70.00, 74.00, 77.00, 80.00
  12 , lucene2_Und_GL_Tran_KNN5 ,    7400  ,   800 (               |   -- *-      ),67.00, 71.00, 74.00, 78.00, 81.00
  12 , pc4_GL_Tran_KNN1 ,    7400  ,   400 (               |    - *       ),70.00, 72.00, 74.00, 76.00, 77.00
  12 , ivy2_Und_GL_Tran_Log ,    7400  ,     0 (               |      *       ),74.00, 74.00, 74.00, 74.00, 74.00
  12 , cm1_Tran_Log ,    7400  ,     0 (               |      *       ),74.00, 74.00, 74.00, 74.00, 74.00
  12 , cm1_Tran_KNN1 ,    7400  ,  1100 (               |   -  *-      ),66.00, 70.00, 74.00, 78.00, 82.00
  12 , ant2_Tran_KNN1 ,    7400  ,   600 (               |    - *       ),69.00, 71.00, 74.00, 76.00, 79.00
  12 , poi2_Und_Tran_KNN10 ,    7400  ,   500 (               |   -- *       ),67.00, 71.00, 74.00, 76.00, 79.00
  13 , pc4_Tran_Gauss ,    7500  ,     0 (               |      *       ),75.00, 75.00, 75.00, 75.00, 75.00
  13 , pc3_Tran_KNN1 ,    7500  ,   400 (               |      *       ),72.00, 73.00, 75.00, 77.00, 78.00
  13 , synapse2_Und_Tran_KNN5 ,    7500  ,   900 (               |  --- *--     ),63.00, 71.00, 75.00, 79.00, 86.00
  13 ,   ant2_Gauss ,    7500  ,   300 (               |    --*       ),68.00, 74.00, 75.00, 77.00, 79.00
  13 , pc3_GL_Gauss ,    7500  ,   900 (               |    --*       ),70.00, 74.00, 75.00, 81.00, 82.00
  13 , elearning2_Tran_Gauss ,    7500  ,     0 (               |      *       ),75.00, 75.00, 75.00, 75.00, 75.00
  13 , cm1_GL_Gauss ,    7500  ,   600 (               |  --- *--     ),61.00, 73.00, 75.00, 78.00, 84.00
  13 , synapse2_Und_GL_Tran_KNN5 ,    7500  ,   700 (               |   -- *-      ),67.00, 72.00, 75.00, 78.00, 81.00
  13 , pc4_GL_Tran_KNN5 ,    7500  ,   400 (               |    --*       ),70.00, 74.00, 75.00, 78.00, 80.00
  13 , arc2_Und_GL_Tran_Log ,    7500  ,     0 (               |      *       ),75.00, 75.00, 75.00, 75.00, 75.00
  13 , ivy2_GL_Tran_KNN10 ,    7500  ,  1000 (               |  --- * --    ),64.00, 72.00, 75.00, 82.00, 89.00
  13 , arc2_Tran_KNN1 ,    7500  ,  1100 (               |  --  *--     ),64.00, 68.00, 75.00, 79.00, 84.00
  13 , pc4_Und_Tran_KNN10 ,    7500  ,   500 (               |     -*-      ),72.00, 74.00, 75.00, 77.00, 81.00
  13 , jedit2_Und_GL_Tran_KNN1 ,    7500  ,     0 (               |      *       ),75.00, 75.00, 75.00, 75.00, 75.00
  13 , ant2_Tran_KNN3 ,    7500  ,   400 (               |    --*       ),68.00, 74.00, 75.00, 77.00, 79.00
  13 , camel2_Und_GL_Tran_KNN3 ,    7500  ,   500 (               |    - *       ),69.00, 72.00, 75.00, 76.00, 78.00
  13 , arc2_GL_Tran_KNN1 ,    7500  ,  1100 (               |   -- *--     ),65.00, 71.00, 75.00, 80.00, 84.00
  13 , xerces2_Und_Tran_KNN5 ,    7600  ,   700 (               |   -- *-      ),66.00, 71.00, 76.00, 78.00, 82.00
  13 , cm1_Tran_Gauss ,    7600  ,     0 (               |      *       ),76.00, 76.00, 76.00, 76.00, 76.00
  13 , cm1_GL_Tran_KNN5 ,    7600  ,   900 (               |  --  *-      ),64.00, 70.00, 76.00, 79.00, 82.00
  13 , camel2_Und_GL_Gauss ,    7600  ,   500 (               |    --*-      ),70.00, 74.00, 76.00, 79.00, 81.00
  13 , pc4_GL_Tran_KNN3 ,    7600  ,   300 (               |     -*       ),72.00, 74.00, 76.00, 77.00, 79.00
  13 ,    cm1_Gauss ,    7600  ,   800 (               |    - *-      ),68.00, 72.00, 76.00, 79.00, 83.00
  13 , arc2_Tran_Log ,    7600  ,     0 (               |      *       ),76.00, 76.00, 76.00, 76.00, 76.00
  13 , elearning2_GL_Log ,    7900  ,  1500 (               | ----  *--    ),58.00, 72.00, 79.00, 82.00, 90.00
  13 , berek2_Tran_Gauss ,    7600  ,     0 (               |      *       ),76.00, 76.00, 76.00, 76.00, 76.00
  13 , cm1_Und_Tran_Gauss ,    7600  ,     0 (               |      *       ),76.00, 76.00, 76.00, 76.00, 76.00
  13 , xerces2_Und_GL_Tran_KNN10 ,    7600  ,  1200 (               |   -- *--     ),65.00, 71.00, 76.00, 80.00, 85.00
  13 , ivy2_GL_Tran_Log ,    7600  ,     0 (               |      *       ),76.00, 76.00, 76.00, 76.00, 76.00
  13 , ant2_GL_Tran_KNN3 ,    7600  ,   700 (               |    - *-      ),69.00, 72.00, 76.00, 78.00, 81.00
  13 ,  arc2_GL_Log ,    7600  ,   800 (               |   -- *--     ),66.00, 71.00, 76.00, 78.00, 85.00
  13 , pc4_Tran_KNN5 ,    7600  ,   400 (               |     -*-      ),72.00, 75.00, 76.00, 79.00, 82.00
  14 ,   pc3_GL_Log ,    7700  ,   500 (               |      *-      ),74.00, 75.00, 77.00, 79.00, 82.00
  14 , pc3_Und_Tran_Gauss ,    7700  ,     0 (               |      *       ),77.00, 77.00, 77.00, 77.00, 77.00
  14 , pc4_Tran_KNN3 ,    7700  ,   500 (               |     -*-      ),73.00, 74.00, 77.00, 79.00, 81.00
  14 , arc2_Und_GL_Tran_KNN3 ,    7700  ,  1100 (               |    - * --    ),69.00, 73.00, 77.00, 81.00, 89.00
  14 , cm1_Und_GL_Tran_KNN10 ,    7700  ,   900 (               |    - *-      ),70.00, 73.00, 77.00, 77.00, 82.00
  14 , synapse2_Tran_Log ,    7700  ,     0 (               |      *       ),77.00, 77.00, 77.00, 77.00, 77.00
  14 , cm1_GL_Tran_KNN10 ,    7700  ,   900 (               |   -- *--     ),65.00, 73.00, 77.00, 79.00, 84.00
  14 , pc3_Und_Tran_KNN10 ,    7700  ,   400 (               |     -*--     ),72.00, 76.00, 77.00, 79.00, 86.00
  14 , log4j2_Und_Tran_Log ,    7700  ,     0 (               |      *       ),77.00, 77.00, 77.00, 77.00, 77.00
  14 , arc2_GL_Tran_KNN10 ,    7700  ,  1100 (               |    - * --    ),69.00, 73.00, 77.00, 81.00, 90.00
  14 , ant2_GL_Tran_KNN1 ,    7700  ,   700 (               |    - *       ),70.00, 72.00, 77.00, 78.00, 80.00
  14 , ant2_GL_Tran_KNN5 ,    7700  ,   500 (               |     -*-      ),72.00, 75.00, 77.00, 79.00, 82.00
  14 , arc2_Und_GL_Tran_KNN10 ,    7700  ,   800 (               |    - * -     ),69.00, 73.00, 77.00, 81.00, 86.00
  14 , pc3_Tran_KNN10 ,    7700  ,   600 (               |      *-      ),74.00, 76.00, 77.00, 80.00, 83.00
  14 , pc4_Und_GL_Tran_KNN10 ,    7700  ,  1200 (               |     -*  -    ),72.00, 74.00, 77.00, 84.00, 88.00
  14 , cm1_Und_GL_Tran_KNN3 ,    7700  ,   800 (               |    --*       ),70.00, 74.00, 77.00, 81.00, 82.00
  14 , cm1_Und_GL_Tran_KNN5 ,    7700  ,   600 (               |    - *--     ),70.00, 73.00, 77.00, 79.00, 84.00
  14 , ivy2_Und_GL_Tran_KNN10 ,    7700  ,  1400 (               |    - *  -    ),70.00, 72.00, 77.00, 86.00, 88.00
  14 , pc3_GL_Tran_KNN10 ,    7700  ,   500 (               |     -*--     ),73.00, 75.00, 77.00, 80.00, 84.00
  14 , arc2_Und_Tran_KNN5 ,    7700  ,  1700 (               |   -  *  -    ),65.00, 69.00, 77.00, 85.00, 89.00
  14 , ant2_Tran_KNN5 ,    7700  ,   600 (               |     -*-      ),71.00, 75.00, 77.00, 79.00, 81.00
  14 , arc2_Tran_KNN10 ,    7700  ,  1200 (               |   -- *       ),65.00, 71.00, 77.00, 81.00, 81.00
  14 , pc1_Tran_Gauss ,    7700  ,     0 (               |      *       ),77.00, 77.00, 77.00, 77.00, 77.00
  14 , cm1_Und_Gauss ,    7700  ,  1300 (              -|----  *-      ),51.00, 70.00, 77.00, 80.00, 83.00
  14 , arc2_GL_Tran_KNN3 ,    7700  ,   800 (               |     -*---    ),71.00, 75.00, 77.00, 79.00, 90.00
  15 , xerces2_Und_Tran_KNN3 ,    7800  ,   800 (               |     - *-     ),71.00, 75.00, 78.00, 81.00, 86.00
  15 , pc3_Tran_Gauss ,    7800  ,     0 (               |       *      ),78.00, 78.00, 78.00, 78.00, 78.00
  15 , pc3_GL_Tran_KNN3 ,    7800  ,   600 (               |     - *      ),73.00, 76.00, 78.00, 80.00, 83.00
  15 , cm1_GL_Tran_KNN1 ,    7800  ,   900 (               |   --  *-     ),65.00, 72.00, 78.00, 81.00, 85.00
  15 , ant2_Tran_KNN10 ,    7800  ,   500 (               |     - *-     ),73.00, 74.00, 78.00, 79.00, 84.00
  15 ,     ant2_Log ,    7800  ,   600 (               |       *      ),74.00, 76.00, 78.00, 81.00, 83.00
  15 , pc1_Tran_KNN1 ,    7800  ,   500 (               |       *-     ),74.00, 76.00, 78.00, 81.00, 84.00
  15 , pc3_GL_Tran_Log ,    7800  ,     0 (               |       *      ),78.00, 78.00, 78.00, 78.00, 78.00
  15 , synapse2_Und_Log ,    7800  ,   500 (               |     - *-     ),73.00, 76.00, 78.00, 80.00, 84.00
  15 , lucene2_Und_GL_Tran_KNN3 ,    7800  ,  1100 (               |     - *--    ),72.00, 74.00, 78.00, 83.00, 89.00
  15 , ivy2_Und_Gauss ,    7800  ,   800 (               |   --- *--    ),66.00, 74.00, 78.00, 81.00, 88.00
  15 , elearning2_Und_GL_Tran_Log ,    7800  ,     0 (               |       *      ),78.00, 78.00, 78.00, 78.00, 78.00
  15 , poi2_Und_GL_Tran_KNN5 ,    7800  ,   700 (               |     - *--    ),71.00, 74.00, 78.00, 80.00, 88.00
  15 ,  ivy2_GL_Log ,    7800  ,   600 (               |       *-     ),74.00, 76.00, 78.00, 81.00, 84.00
  15 , ivy2_GL_Tran_KNN3 ,    7800  ,   700 (               |    -- *-     ),70.00, 74.00, 78.00, 81.00, 86.00
  15 , poi2_Und_Tran_KNN5 ,    7800  ,   700 (               |     - *-     ),72.00, 74.00, 78.00, 80.00, 85.00
  15 , pc3_Tran_Log ,    7800  ,     0 (               |       *      ),78.00, 78.00, 78.00, 78.00, 78.00
  15 , camel2_Und_Log ,    7800  ,   600 (               |     - *-     ),73.00, 76.00, 78.00, 80.00, 84.00
  15 , lucene2_Und_Tran_KNN3 ,    7800  ,   600 (               |     - *-     ),73.00, 76.00, 78.00, 82.00, 85.00
  15 , arc2_Und_Log ,    7900  ,  1400 (               |     - *  -   ),71.00, 75.00, 79.00, 89.00, 93.00
  15 , pc3_Und_GL_Tran_KNN3 ,    7900  ,   600 (               |      -*-     ),76.00, 78.00, 79.00, 82.00, 86.00
  15 , pc3_Tran_KNN3 ,    7900  ,   500 (               |       *      ),75.00, 76.00, 79.00, 80.00, 82.00
  15 , pc3_Tran_KNN5 ,    7900  ,   600 (               |       *-     ),75.00, 77.00, 79.00, 82.00, 85.00
  15 , ant2_Und_Gauss ,    7900  ,   700 (               |     - *      ),71.00, 75.00, 79.00, 80.00, 82.00
  15 , jedit2_Und_Tran_Log ,    7900  ,     0 (               |       *      ),79.00, 79.00, 79.00, 79.00, 79.00
  15 , pc3_Und_GL_Tran_KNN10 ,    7900  ,   400 (               |       *      ),74.00, 76.00, 79.00, 80.00, 82.00
  15 ,   ivy2_Gauss ,    7900  ,   700 (               |     - *-     ),73.00, 76.00, 79.00, 81.00, 85.00
  15 , arc2_Und_Tran_Log ,    7900  ,     0 (               |       *      ),79.00, 79.00, 79.00, 79.00, 79.00
  15 , pc4_Und_GL_Tran_KNN3 ,    7900  ,   500 (               |       *-     ),76.00, 77.00, 79.00, 81.00, 85.00
  15 , berek2_Tran_Log ,    7900  ,     0 (               |       *      ),79.00, 79.00, 79.00, 79.00, 79.00
  15 , ant2_Und_GL_Tran_KNN10 ,    7900  ,   500 (               |     - *-     ),73.00, 77.00, 79.00, 82.00, 85.00
  15 , cm1_Und_Tran_KNN5 ,    7900  ,   600 (               |   --- *-     ),65.00, 77.00, 79.00, 82.00, 85.00
  15 , arc2_Tran_KNN3 ,    7900  ,   900 (               |   --  *---   ),66.00, 73.00, 79.00, 81.00, 93.00
  15 , ivy2_GL_Tran_KNN1 ,    7900  ,   800 (               |    -- *-     ),69.00, 74.00, 79.00, 81.00, 85.00
  15 , arc2_Tran_KNN5 ,    7900  ,  1100 (               |    -- * --   ),70.00, 74.00, 79.00, 84.00, 91.00
  15 , ant2_GL_Tran_KNN10 ,    7900  ,   300 (               |      -*-     ),76.00, 78.00, 79.00, 81.00, 84.00
  15 , elearning2_GL_Tran_Log ,    7900  ,     0 (               |       *      ),79.00, 79.00, 79.00, 79.00, 79.00
  15 , ant2_Und_Log ,    7900  ,   500 (               |       *      ),76.00, 77.00, 79.00, 81.00, 83.00
  15 , pc4_Und_GL_Tran_KNN5 ,    7900  ,   600 (               |     - *-     ),71.00, 77.00, 79.00, 81.00, 85.00
  15 , arc2_Und_Tran_KNN1 ,    7900  ,  1000 (               |     - * --   ),71.00, 77.00, 79.00, 84.00, 93.00
  15 , cm1_Und_Tran_KNN10 ,    7900  ,  1200 (               |   --  *-     ),65.00, 73.00, 79.00, 82.00, 84.00
  15 , pc1_GL_Tran_KNN1 ,    7900  ,   500 (               |       *-     ),74.00, 77.00, 79.00, 81.00, 86.00
  15 , xerces2_Tran_Log ,    7900  ,     0 (               |       *      ),79.00, 79.00, 79.00, 79.00, 79.00
  15 , ivy2_Und_Tran_KNN10 ,    8000  ,   500 (               |    -- *--    ),70.00, 77.00, 80.00, 80.00, 88.00
  15 , pc3_Und_GL_Tran_KNN5 ,    8000  ,   400 (               |      -*-     ),76.00, 78.00, 80.00, 82.00, 85.00
  15 , ivy2_Und_Tran_Log ,    8000  ,     0 (               |       *      ),80.00, 80.00, 80.00, 80.00, 80.00
  15 , elearning2_Und_Log ,    7900  ,  2600 (               |--      * --  ),56.00, 64.00, 81.00, 90.00, 95.00
  15 , ivy2_Tran_Log ,    8000  ,     0 (               |       *      ),80.00, 80.00, 80.00, 80.00, 80.00
  15 , pc1_Und_Tran_Gauss ,    8000  ,     0 (               |       *      ),80.00, 80.00, 80.00, 80.00, 80.00
  15 , berek2_Und_Tran_Log ,    8000  ,     0 (               |       *      ),80.00, 80.00, 80.00, 80.00, 80.00
  15 , pc4_Tran_Log ,    8000  ,     0 (               |       *      ),80.00, 80.00, 80.00, 80.00, 80.00
  15 , xerces2_Und_GL_Tran_KNN5 ,    8000  ,  1100 (               |    -- * -    ),69.00, 76.00, 80.00, 85.00, 89.00
  15 , pc3_GL_Tran_KNN5 ,    8000  ,   300 (               |      -*-     ),76.00, 79.00, 80.00, 82.00, 84.00
  15 , cm1_Und_Tran_KNN3 ,    8000  ,  1400 (               |   --  *---   ),65.00, 73.00, 80.00, 82.00, 91.00
  15 , synapse2_Und_Tran_KNN3 ,    8000  ,   700 (               |     - *--    ),71.00, 77.00, 80.00, 83.00, 87.00
  15 , ivy2_Tran_KNN1 ,    8000  ,   400 (               |     --*-     ),73.00, 78.00, 80.00, 82.00, 84.00
  15 , ivy2_GL_Gauss ,    8000  ,   500 (               |     - *-     ),72.00, 77.00, 80.00, 81.00, 85.00
  15 , pc3_Und_Tran_KNN3 ,    8000  ,   500 (               |      -*-     ),76.00, 78.00, 80.00, 82.00, 84.00
  15 , arc2_GL_Tran_Log ,    8000  ,     0 (               |       *      ),80.00, 80.00, 80.00, 80.00, 80.00
  15 , elearning2_Log ,    8100  ,  1500 (               |  ---   *-    ),63.00, 72.00, 81.00, 82.00, 87.00
  15 , ivy2_GL_Tran_KNN5 ,    8000  ,  1000 (               |   ----* -    ),65.00, 78.00, 80.00, 84.00, 87.00
  15 , berek2_Und_GL_Tran_KNN10 ,    7800  ,  1400 (               |  ---   *---- ),64.00, 71.00, 82.00, 85.00, 100.00
  15 , arc2_GL_Tran_KNN5 ,    8000  ,  1000 (               |    -- *  -   ),70.00, 77.00, 80.00, 87.00, 93.00
  16 , arc2_Und_GL_Tran_KNN5 ,    8100  ,   900 (               |     -  *     ),73.00, 77.00, 81.00, 85.00, 86.00
  16 , pc4_Und_Gauss ,    8100  ,   500 (              -|------- *     ),50.00, 78.00, 81.00, 83.00, 86.00
  16 ,      cm1_Log ,    8100  ,  1000 (               |     -  *-    ),71.00, 77.00, 81.00, 85.00, 87.00
  16 , cm1_Und_GL_Tran_KNN1 ,    8100  ,   700 (               |     -- *--   ),73.00, 78.00, 81.00, 85.00, 91.00
  16 , pc4_Und_Tran_KNN5 ,    8100  ,   500 (               |      - *     ),76.00, 78.00, 81.00, 83.00, 85.00
  16 , elearning2_GL_Tran_KNN10 ,    8100  ,     0 (               |  ------*     ),64.00, 81.00, 81.00, 81.00, 81.00
  16 , pc4_Und_Tran_KNN3 ,    8100  ,   600 (               |     -- *     ),73.00, 78.00, 81.00, 82.00, 85.00
  16 , berek2_GL_Tran_Log ,    8100  ,     0 (               |        *     ),81.00, 81.00, 81.00, 81.00, 81.00
  16 , pc1_Tran_KNN3 ,    8100  ,   500 (               |      - *     ),75.00, 79.00, 81.00, 83.00, 86.00
  16 , pc1_Tran_KNN5 ,    8100  ,   400 (               |      - *--   ),77.00, 79.00, 81.00, 83.00, 91.00
  16 , ant2_Und_GL_Tran_KNN5 ,    8100  ,   600 (               |      - *     ),76.00, 78.00, 81.00, 83.00, 86.00
  16 , pc1_GL_Tran_KNN3 ,    8100  ,   700 (               |      - *-    ),76.00, 78.00, 81.00, 84.00, 90.00
  16 , synapse2_Und_GL_Tran_KNN3 ,    8100  ,  1000 (               |   ---  *     ),67.00, 74.00, 81.00, 82.00, 85.00
  16 , elearning2_Tran_KNN3 ,    8100  ,     0 (               |     ---*     ),71.00, 81.00, 81.00, 81.00, 81.00
  16 , elearning2_Tran_KNN5 ,    8100  ,     0 (               |        *-    ),81.00, 81.00, 81.00, 81.00, 90.00
  16 , cm1_Und_GL_Log ,    8100  ,   900 (               |        *--   ),74.00, 77.00, 81.00, 84.00, 92.00
  16 , elearning2_Und_Tran_KNN3 ,    8100  ,     0 (               |        *---- ),81.00, 81.00, 81.00, 81.00, 100.00
  16 , elearning2_Und_Tran_KNN5 ,    8100  ,     0 (               |        *     ),81.00, 81.00, 81.00, 81.00, 81.00
  16 , ivy2_Tran_KNN3 ,    8100  ,   700 (               |        *     ),75.00, 77.00, 81.00, 84.00, 86.00
  16 , pc3_Und_Tran_KNN5 ,    8100  ,   500 (               |      - *-    ),74.00, 78.00, 81.00, 82.00, 87.00
  16 , elearning2_Und_GL_Tran_KNN5 ,    8100  ,     0 (               |  ------*     ),64.00, 81.00, 81.00, 81.00, 81.00
  16 , elearning2_Und_GL_Tran_KNN3 ,    8100  ,     0 (               |  ------*     ),64.00, 81.00, 81.00, 81.00, 81.00
  16 , elearning2_GL_Tran_KNN3 ,    8100  ,  1900 (               |  ----- *---  ),64.00, 80.00, 81.00, 81.00, 95.00
  16 , elearning2_GL_Tran_KNN5 ,    8100  ,     0 (               |  ------*-    ),64.00, 81.00, 81.00, 81.00, 90.00
  16 , elearning2_Und_Tran_KNN10 ,    8100  ,     0 (               |        *     ),81.00, 81.00, 81.00, 81.00, 81.00
  16 , pc4_GL_Gauss ,    8100  ,   300 (               |      - *     ),77.00, 80.00, 81.00, 81.00, 84.00
  16 , arc2_Und_Tran_KNN3 ,    8100  ,  1700 (               |   ---  *-    ),65.00, 75.00, 81.00, 85.00, 89.00
  16 , elearning2_Tran_KNN10 ,    8100  ,     0 (               |  ------*     ),64.00, 81.00, 81.00, 81.00, 81.00
  16 , elearning2_Und_GL_Tran_KNN10 ,    8100  ,     0 (               |  ------*     ),64.00, 81.00, 81.00, 81.00, 81.00
  16 , ivy2_Tran_KNN10 ,    8100  ,  1400 (               |     -  * -   ),72.00, 77.00, 81.00, 88.00, 91.00
  16 , camel2_Und_GL_Tran_KNN1 ,    8100  ,   600 (               |      - *-    ),76.00, 79.00, 81.00, 85.00, 87.00
  17 , elearning2_GL_Gauss ,    8200  ,  1500 (               |        *-    ),67.00, 67.00, 82.00, 82.00, 90.00
  17 , pc1_GL_Gauss ,    8200  ,   400 (               |        *-    ),78.00, 80.00, 82.00, 84.00, 87.00
  17 , poi2_Und_GL_Tran_KNN3 ,    8200  ,   700 (               |       -*-    ),79.00, 81.00, 82.00, 86.00, 90.00
  17 , elearning2_Und_Gauss ,    8200  ,     0 (               |     ---* --- ),73.00, 82.00, 82.00, 90.00, 100.00
  17 , berek2_Und_GL_Tran_Log ,    8200  ,     0 (               |        *     ),82.00, 82.00, 82.00, 82.00, 82.00
  17 , camel2_Und_Tran_KNN1 ,    8200  ,   400 (               |       -*     ),78.00, 81.00, 82.00, 84.00, 86.00
  17 , ant2_Und_GL_Tran_KNN3 ,    8200  ,   600 (               |      - *-    ),77.00, 79.00, 82.00, 83.00, 88.00
  17 , pc1_Tran_KNN10 ,    8200  ,   400 (               |      - *     ),77.00, 79.00, 82.00, 83.00, 86.00
  17 , bookkeeper_Und_Tran_KNN5 ,    8200  ,   400 (               |      --*--   ),77.00, 82.00, 82.00, 86.00, 92.00
  17 , pc4_Und_Tran_KNN1 ,    8200  ,   500 (               |        *-    ),79.00, 80.00, 82.00, 84.00, 87.00
  17 , bookkeeper_Und_GL_Tran_KNN10 ,    8200  ,  1000 (               |      --*--   ),77.00, 82.00, 82.00, 86.00, 92.00
  17 , bookkeeper_Und_Tran_KNN10 ,    8200  ,   400 (               |     ---*-    ),73.00, 82.00, 82.00, 86.00, 89.00
  17 , pc1_GL_Tran_KNN10 ,    8300  ,   700 (               |        *-    ),78.00, 79.00, 83.00, 86.00, 88.00
  17 , arc2_Und_GL_Tran_KNN1 ,    8300  ,  1200 (               |    --- * -   ),69.00, 79.00, 83.00, 88.00, 93.00
  17 , xerces2_Und_GL_Tran_KNN3 ,    8300  ,   800 (               |      - * --  ),77.00, 80.00, 83.00, 88.00, 94.00
  17 , pc4_Und_GL_Tran_KNN1 ,    8300  ,   400 (               |       -*     ),78.00, 81.00, 83.00, 84.00, 86.00
  17 , ant2_Und_GL_Gauss ,    8300  ,   600 (               |       -*-    ),79.00, 81.00, 83.00, 86.00, 87.00
  17 , arc2_GL_Gauss ,    8300  ,   700 (               |      - *-    ),74.00, 80.00, 83.00, 86.00, 90.00
  17 , ant2_Und_Tran_KNN5 ,    8300  ,   700 (               |      - *-    ),75.00, 80.00, 83.00, 85.00, 87.00
  17 , ant2_Und_Tran_KNN3 ,    8300  ,   400 (               |      --*     ),76.00, 81.00, 83.00, 84.00, 86.00
  17 , elearning2_Tran_Log ,    8300  ,     0 (               |        *     ),83.00, 83.00, 83.00, 83.00, 83.00
  17 , elearning2_Und_Tran_Log ,    8300  ,     0 (               |        *     ),83.00, 83.00, 83.00, 83.00, 83.00
  17 , pc1_GL_Tran_KNN5 ,    8300  ,   700 (               |      - *-    ),77.00, 79.00, 83.00, 85.00, 88.00
  17 , ant2_Und_Tran_KNN10 ,    8300  ,   900 (               |     -  *     ),73.00, 77.00, 83.00, 84.00, 86.00
  17 , pc1_Und_Gauss ,    8400  ,   800 (               |     --  *    ),72.00, 80.00, 84.00, 84.00, 88.00
  17 , pc3_Und_GL_Tran_KNN1 ,    8400  ,   200 (               |       - *    ),79.00, 82.00, 84.00, 84.00, 87.00
  17 , ivy2_Und_GL_Log ,    8400  ,   800 (               |      -- *-   ),77.00, 81.00, 84.00, 89.00, 91.00
  17 , pc3_Und_GL_Gauss ,    8400  ,   300 (               |       - *    ),80.00, 83.00, 84.00, 85.00, 87.00
  17 ,    pc4_Gauss ,    8400  ,   400 (               |      -- *    ),76.00, 81.00, 84.00, 85.00, 86.00
  17 , pc1_Und_Tran_KNN10 ,    8400  ,   300 (               |         *    ),81.00, 83.00, 84.00, 86.00, 88.00
  17 ,     arc2_Log ,    8400  ,  1000 (               |      -- *-   ),75.00, 82.00, 84.00, 89.00, 91.00
  17 , pc1_Und_GL_Log ,    8400  ,   500 (               |         *-   ),82.00, 83.00, 84.00, 88.00, 91.00
  17 ,  cm1_Und_Log ,    8400  ,   600 (               |      -- *    ),74.00, 81.00, 84.00, 87.00, 90.00
  17 , ivy2_Und_GL_Tran_KNN5 ,    8400  ,   400 (               |     --- *    ),72.00, 82.00, 84.00, 86.00, 89.00
  17 , ivy2_Und_GL_Tran_KNN3 ,    8400  ,   900 (               |     --- *-   ),73.00, 82.00, 84.00, 87.00, 93.00
  17 , accumulo_Und_Tran_KNN10 ,    8400  ,   500 (               |         *-   ),81.00, 82.00, 84.00, 86.00, 92.00
  17 , cm1_Und_Tran_KNN1 ,    8400  ,  1100 (               |      -- *-   ),75.00, 81.00, 84.00, 89.00, 92.00
  17 ,  pc3_Und_Log ,    8400  ,   500 (               |         *    ),81.00, 82.00, 84.00, 85.00, 88.00
  17 , ivy2_Tran_KNN5 ,    8400  ,  1000 (               |     --- *-   ),73.00, 81.00, 84.00, 87.00, 91.00
  17 , pc3_Und_Tran_KNN1 ,    8400  ,   300 (               |         *    ),82.00, 83.00, 84.00, 86.00, 88.00
  17 , pc1_Und_Tran_KNN1 ,    8400  ,   400 (               |       - *    ),79.00, 83.00, 84.00, 87.00, 90.00
  17 , poi2_Und_Tran_KNN3 ,    8400  ,   600 (               |       - *    ),79.00, 81.00, 84.00, 86.00, 90.00
  17 , pc1_Und_Tran_KNN5 ,    8400  ,   600 (               |       - *    ),80.00, 82.00, 84.00, 86.00, 90.00
  17 , pc1_Und_GL_Tran_KNN3 ,    8400  ,   500 (               |       - *    ),78.00, 82.00, 84.00, 87.00, 88.00
  17 , camel2_Und_GL_Log ,    8400  ,   600 (               |      -- *    ),77.00, 81.00, 84.00, 85.00, 87.00
  17 , pc3_Und_GL_Log ,    8400  ,   700 (               |         *    ),79.00, 80.00, 84.00, 87.00, 89.00
  17 , accumulo_Und_GL_Tran_KNN10 ,    8400  ,   500 (               |         *-   ),81.00, 82.00, 84.00, 86.00, 92.00
  17 , log4j2_GL_Tran_KNN3 ,    8500  ,  7900 (               |         *--  ), 9.00, 11.00, 85.00, 90.00, 95.00
  17 , arc2_Und_GL_Log ,    8500  ,  1000 (               |     --  *-   ),72.00, 80.00, 85.00, 89.00, 92.00
  17 , pc4_Und_GL_Gauss ,    8500  ,   300 (               |        -*    ),82.00, 85.00, 85.00, 86.00, 89.00
  17 , ivy2_Und_Log ,    8500  ,   700 (               |      -- *-   ),77.00, 82.00, 85.00, 89.00, 92.00
  17 , berek2_GL_Tran_KNN5 ,    8500  ,  1800 (               |       - *    ),78.00, 82.00, 85.00, 100.00, 100.00
  17 ,     ivy2_Log ,    8500  ,  1000 (               |      -- *-   ),75.00, 81.00, 85.00, 86.00, 91.00
  17 ,   pc1_GL_Log ,    8500  ,   400 (               |       --*    ),78.00, 84.00, 85.00, 87.00, 89.00
  17 , berek2_Und_Tran_KNN10 ,    8500  ,  2700 (               |     -   *    ),71.00, 76.00, 85.00, 100.00, 100.00
  17 , log4j2_Und_GL_Tran_KNN3 ,    8500  ,  5300 ( ----------    |         * -- ), 7.00, 41.00, 85.00, 92.00, 97.00
  17 ,    pc1_Gauss ,    8500  ,   500 (               |         *    ),81.00, 83.00, 85.00, 87.00, 89.00
  17 , log4j2_GL_Tran_Log ,    8500  ,     0 (               |         *    ),85.00, 85.00, 85.00, 85.00, 85.00
  17 ,   pc4_GL_Log ,    8500  ,   400 (               |         *    ),81.00, 83.00, 85.00, 87.00, 89.00
  17 , poi2_Und_GL_Gauss ,    8500  ,   900 (               |     --  *    ),72.00, 79.00, 85.00, 88.00, 90.00
  18 , pc4_Und_GL_Log ,    8600  ,   300 (               |         *-   ),84.00, 86.00, 86.00, 88.00, 91.00
  18 ,      pc3_Log ,    8600  ,   900 (               |      -  *    ),75.00, 80.00, 86.00, 87.00, 89.00
  18 , jedit2_Tran_Log ,    8600  ,     0 (               |         *    ),86.00, 86.00, 86.00, 86.00, 86.00
  18 , pc1_Und_GL_Tran_KNN10 ,    8600  ,   600 (               |       - *    ),78.00, 82.00, 86.00, 88.00, 88.00
  18 , elearning2_Tran_KNN1 ,    8600  ,  2000 (               |    ---  *  - ),70.00, 80.00, 86.00, 95.00, 100.00
  18 , pc1_Und_GL_Tran_KNN5 ,    8600  ,   600 (               |       - *    ),78.00, 82.00, 86.00, 88.00, 88.00
  18 , pc1_Und_GL_Tran_KNN1 ,    8600  ,   700 (               |       - *-   ),78.00, 82.00, 86.00, 87.00, 91.00
  18 , ivy2_Und_Tran_KNN5 ,    8600  ,   800 (               |       - *-   ),79.00, 82.00, 86.00, 88.00, 91.00
  19 , synapse2_Und_GL_Gauss ,    8700  ,   700 (               |        - *   ),81.00, 84.00, 87.00, 91.00, 92.00
  19 ,   berek2_Log ,    8700  ,  1900 (              -|--------  * - ),51.00, 82.00, 87.00, 95.00, 100.00
  19 ,      pc1_Log ,    8700  ,   400 (               |          *   ),84.00, 86.00, 87.00, 89.00, 92.00
  19 , ant2_Und_GL_Tran_KNN1 ,    8700  ,   400 (               |         -*   ),84.00, 87.00, 87.00, 90.00, 91.00
  19 , ivy2_Und_GL_Tran_KNN1 ,    8700  ,   600 (               |      --- *   ),75.00, 86.00, 87.00, 91.00, 93.00
  19 ,  pc1_Und_Log ,    8700  ,   600 (               |        - *   ),81.00, 85.00, 87.00, 90.00, 92.00
  19 , pc1_GL_Tran_Log ,    8700  ,     0 (               |          *   ),87.00, 87.00, 87.00, 87.00, 87.00
  19 , pc1_Und_Tran_KNN3 ,    8700  ,   600 (               |       -  *   ),80.00, 83.00, 87.00, 89.00, 91.00
  19 , berek2_GL_Gauss ,    8700  ,  2200 (               |      --  *   ),75.00, 82.00, 87.00, 100.00, 100.00
  19 , bookkeeper_Und_GL_Tran_KNN5 ,    8900  ,  1000 (               |      --  *   ),77.00, 82.00, 89.00, 91.00, 93.00
  19 , ivy2_Und_GL_Gauss ,    8700  ,   600 (               |      --- *-  ),76.00, 86.00, 87.00, 91.00, 94.00
  19 , ant2_Und_GL_Log ,    8800  ,   500 (               |        - *   ),83.00, 86.00, 88.00, 91.00, 92.00
  19 , pig_Und_GL_Tran_KNN10 ,    8800  ,   400 (               |        - *   ),83.00, 86.00, 88.00, 90.00, 91.00
  19 , pig_Und_Tran_KNN10 ,    8800  ,   400 (               |          *-  ),84.00, 86.00, 88.00, 89.00, 94.00
  19 , jedit2_Und_Log ,    8900  ,   900 (               |   -------*-  ),65.00, 87.00, 89.00, 89.00, 96.00
  19 ,      pc4_Log ,    8800  ,   300 (               |         -*   ),86.00, 87.00, 88.00, 89.00, 91.00
  19 , ant2_Und_Tran_KNN1 ,    8800  ,   400 (               |          *   ),85.00, 86.00, 88.00, 90.00, 92.00
  19 , elearning2_Und_GL_Tran_KNN1 ,    8600  ,   900 (               |     ---- *-- ),71.00, 86.00, 90.00, 90.00, 100.00
  19 , bookkeeper_Und_Tran_KNN3 ,    8900  ,  1000 (               |          *-  ),82.00, 82.00, 89.00, 90.00, 94.00
  19 , ivy2_Und_Tran_KNN3 ,    8800  ,  1000 (               |       -  *-  ),79.00, 81.00, 88.00, 91.00, 94.00
  19 , cm1_Und_GL_Gauss ,    8900  ,   500 (               |        --*-  ),82.00, 87.00, 89.00, 91.00, 94.00
  19 , pc1_Tran_Log ,    8900  ,     0 (               |          *   ),89.00, 89.00, 89.00, 89.00, 89.00
  19 , ivy2_Und_Tran_KNN1 ,    8900  ,   800 (               |       -- *-  ),80.00, 85.00, 89.00, 92.00, 95.00
  19 , arc2_Und_GL_Gauss ,    8900  ,  1000 (               |       -- *-  ),78.00, 85.00, 89.00, 93.00, 95.00
  19 , log4j2_GL_Tran_KNN5 ,    9000  ,   500 (               |         -*-  ),85.00, 90.00, 90.00, 92.00, 95.00
  19 , berek2_GL_Log ,    9000  ,  1800 (               |      --  * - ),74.00, 83.00, 90.00, 96.00, 100.00
  19 , log4j2_GL_Gauss ,    9000  ,  4100 (  -------------|          *-  ),11.00, 54.00, 90.00, 93.00, 95.00
  19 , elearning2_Und_GL_Log ,    9000  ,  1400 (               |     ---  * - ),73.00, 81.00, 90.00, 95.00, 100.00
  19 , synapse2_Und_GL_Tran_KNN1 ,    9000  ,   800 (               |         -*   ),85.00, 88.00, 90.00, 95.00, 96.00
  19 ,  pc4_Und_Log ,    9000  ,   400 (               |         -*   ),86.00, 88.00, 90.00, 92.00, 92.00
  19 , elearning2_Und_Tran_KNN1 ,    8600  ,  1400 (               |      --  *   ),77.00, 81.00, 90.00, 100.00, 100.00
  19 , elearning2_GL_Tran_KNN1 ,    9000  ,  1000 (               |     --   *-- ),71.00, 80.00, 90.00, 90.00, 100.00
  19 , derby_Und_Tran_KNN10 ,    9000  ,   300 (               |         -*   ),84.00, 88.00, 90.00, 90.00, 92.00
  19 , derby_Und_GL_Tran_KNN10 ,    9000  ,   700 (               |       -- *   ),80.00, 84.00, 90.00, 91.00, 92.00
  19 , synapse2_Und_GL_Log ,    9000  ,   600 (               |        --*-  ),83.00, 88.00, 90.00, 92.00, 96.00
  19 , lucene2_Und_GL_Gauss ,    9100  ,   800 (               |        -  *  ),81.00, 85.00, 91.00, 92.00, 95.00
  19 , bookkeeper_GL_Tran_KNN3 ,    9100  ,   700 (               |       --- *- ),79.00, 87.00, 91.00, 93.00, 97.00
  19 , derby_Und_GL_Tran_KNN5 ,    9100  ,   300 (               |           *  ),88.00, 89.00, 91.00, 92.00, 93.00
  19 , cassandra_Und_Tran_KNN10 ,    9100  ,   300 (               |          -*  ),89.00, 91.00, 91.00, 92.00, 94.00
  19 , log4j2_Tran_KNN5 ,    9000  ,   700 (  -------------|---------- *  ), 9.00, 87.00, 92.00, 92.00, 95.00
  19 , bookkeeper_Tran_KNN3 ,    9100  ,   700 (               |         - *  ),84.00, 87.00, 91.00, 93.00, 94.00
  19 , bookkeeper_Tran_KNN5 ,    9100  ,   700 (               |        -- *  ),82.00, 87.00, 91.00, 93.00, 96.00
  19 , pc1_Und_GL_Gauss ,    9100  ,   700 (               |         - *  ),84.00, 88.00, 91.00, 93.00, 95.00
  20 , log4j2_Und_GL_Tran_KNN5 ,    9200  ,   500 (  -------------|---------- *- ), 9.00, 90.00, 92.00, 92.00, 97.00
  20 , openjpa_Tran_KNN10 ,    9200  ,   300 (               |          -*- ),90.00, 91.00, 92.00, 93.00, 97.00
  20 , jedit2_Und_Tran_KNN1 ,    9400  ,   500 (               |            * ),91.00, 91.00, 94.00, 94.00, 96.00
  20 , berek2_GL_Tran_KNN3 ,    9200  ,  1800 (               |       --  *  ),78.00, 85.00, 92.00, 100.00, 100.00
  20 , bookkeeper_Tran_KNN10 ,    9200  ,   700 (               |        -- *  ),82.00, 88.00, 92.00, 93.00, 96.00
  20 , derby_Und_Tran_KNN5 ,    9200  ,   100 (               |          -*  ),90.00, 91.00, 92.00, 92.00, 93.00
  20 , log4j2_Und_GL_Tran_KNN10 ,    9200  ,   300 (               |          -*- ),90.00, 92.00, 92.00, 95.00, 97.00
  20 , synapse2_Und_Tran_KNN1 ,    9200  ,   800 (               |         - *  ),85.00, 90.00, 92.00, 94.00, 96.00
  20 , openjpa_Und_GL_Tran_KNN10 ,    9200  ,   200 (               |          -*  ),90.00, 92.00, 92.00, 93.00, 96.00
  20 , pig_Und_GL_Tran_KNN5 ,    9200  ,   500 (               |         - *  ),86.00, 90.00, 92.00, 94.00, 96.00
  20 , log4j2_Tran_Log ,    9200  ,     0 (               |           *  ),92.00, 92.00, 92.00, 92.00, 92.00
  20 , derby_Und_GL_Tran_KNN3 ,    9200  ,   200 (               |          -*  ),90.00, 91.00, 92.00, 93.00, 94.00
  20 , bookkeeper_Und_Tran_KNN1 ,    9200  ,   700 (               |        -- *  ),82.00, 88.00, 92.00, 93.00, 94.00
  20 , bookkeeper_Und_GL_Tran_KNN3 ,    9200  ,   500 (               |        -- *  ),82.00, 89.00, 92.00, 93.00, 96.00
  20 , bookkeeper_Und_GL_Tran_KNN1 ,    9300  ,   600 (               |        ---*  ),83.00, 91.00, 93.00, 94.00, 96.00
  20 , derby_Tran_KNN10 ,    9200  ,   200 (               |           *  ),91.00, 92.00, 92.00, 93.00, 94.00
  20 , log4j2_GL_Tran_KNN10 ,    9200  ,   500 (               |           *  ),87.00, 90.00, 92.00, 95.00, 95.00
  20 , log4j2_Tran_KNN10 ,    9200  ,   200 (               |           *- ),87.00, 90.00, 92.00, 92.00, 97.00
  21 , openjpa_Und_Tran_KNN3 ,    9300  ,   300 (               |          -*  ),90.00, 92.00, 93.00, 95.00, 96.00
  21 , jedit2_Gauss ,    9300  ,   300 (               |          -*- ),87.00, 91.00, 93.00, 94.00, 97.00
  21 , openjpa_Und_Tran_KNN10 ,    9300  ,   300 (               |          -*  ),90.00, 92.00, 93.00, 94.00, 95.00
  21 , cassandra_GL_Tran_KNN10 ,    9300  ,   200 (               |          -*  ),90.00, 92.00, 93.00, 94.00, 95.00
  21 , openjpa_Und_Tran_KNN5 ,    9300  ,   300 (               |          -*  ),90.00, 92.00, 93.00, 95.00, 95.00
  21 , bookkeeper_GL_Tran_KNN10 ,    9300  ,  1300 (               |       --- *- ),79.00, 89.00, 93.00, 96.00, 98.00
  21 , cassandra_Und_Tran_KNN5 ,    9300  ,   200 (               |           *  ),92.00, 93.00, 93.00, 94.00, 96.00
  21 , derby_GL_Tran_KNN5 ,    9300  ,   200 (               |           *  ),91.00, 93.00, 93.00, 94.00, 96.00
  21 , derby_Und_Tran_KNN3 ,    9300  ,   200 (               |          -*  ),90.00, 92.00, 93.00, 93.00, 94.00
  21 , cassandra_Tran_KNN10 ,    9300  ,   300 (               |           *  ),91.00, 92.00, 93.00, 94.00, 95.00
  21 , bookkeeper_GL_Tran_KNN5 ,    9300  ,   600 (               |       ----*  ),79.00, 91.00, 93.00, 93.00, 96.00
  21 , cassandra_Und_GL_Tran_KNN10 ,    9300  ,   300 (               |          -*  ),89.00, 91.00, 93.00, 94.00, 95.00
  21 , accumulo_Und_GL_Tran_KNN5 ,    9300  ,   400 (               |        -- *  ),83.00, 90.00, 93.00, 94.00, 95.00
  21 , derby_GL_Tran_KNN10 ,    9300  ,   200 (               |          -*  ),90.00, 91.00, 93.00, 93.00, 95.00
  21 , openjpa_Und_GL_Tran_KNN3 ,    9200  ,   200 (               |          -*  ),88.00, 91.00, 93.00, 93.00, 96.00
  21 , openjpa_Und_GL_Tran_KNN5 ,    9200  ,   100 (               |          -*  ),90.00, 92.00, 93.00, 94.00, 96.00
  21 , log4j2_Und_Tran_KNN10 ,    9500  ,   500 (               |            * ),90.00, 90.00, 95.00, 95.00, 95.00
  21 , jedit2_Und_GL_Log ,    9100  ,  1100 (               |       ----*- ),79.00, 91.00, 93.00, 94.00, 98.00
  21 , pig_Und_Tran_KNN5 ,    9300  ,   700 (               |         - *- ),86.00, 88.00, 93.00, 95.00, 97.00
  21 , derby_Tran_KNN5 ,    9300  ,   200 (               |           *  ),92.00, 93.00, 93.00, 94.00, 95.00
  21 , felix_Und_GL_Tran_KNN10 ,    9300  ,   200 (               |         --*  ),85.00, 92.00, 93.00, 94.00, 95.00
  21 , accumulo_Und_Tran_KNN5 ,    9300  ,   300 (               |         --*  ),84.00, 93.00, 93.00, 95.00, 96.00
  21 , openjpa_GL_Tran_KNN10 ,    9300  ,   400 (               |          -*  ),90.00, 92.00, 93.00, 95.00, 96.00
  21 , log4j2_Und_Tran_KNN5 ,    9500  ,   500 (               |        --  * ),82.00, 90.00, 95.00, 95.00, 97.00
  22 , openjpa_Und_Tran_KNN1 ,    9400  ,   200 (               |            * ),91.00, 93.00, 94.00, 95.00, 96.00
  22 , derby_GL_Tran_KNN3 ,    9400  ,   100 (               |           -* ),93.00, 94.00, 94.00, 95.00, 96.00
  22 , derby_Und_Tran_KNN1 ,    9400  ,   100 (               |           -* ),93.00, 94.00, 94.00, 95.00, 96.00
  22 , hive_Und_Tran_KNN10 ,    9400  ,   100 (               |           -* ),92.00, 94.00, 94.00, 95.00, 96.00
  22 , bookkeeper_GL_Tran_KNN1 ,    9400  ,   400 (               |          - * ),89.00, 92.00, 94.00, 96.00, 98.00
  22 , wicket_Und_GL_Tran_KNN10 ,    9400  ,   200 (               |            * ),91.00, 93.00, 94.00, 95.00, 98.00
  22 , cassandra_GL_Tran_KNN5 ,    9400  ,   200 (               |           -* ),93.00, 94.00, 94.00, 96.00, 97.00
  22 , cxf_Und_GL_Tran_KNN10 ,    9400  ,   200 (               |            * ),91.00, 93.00, 94.00, 94.00, 95.00
  22 , cxf_Und_Tran_KNN10 ,    9400  ,   100 (               |           -* ),93.00, 94.00, 94.00, 95.00, 96.00
  22 , jedit2_GL_Tran_KNN1 ,    9400  ,   300 (               |            * ),92.00, 93.00, 94.00, 95.00, 97.00
  22 , pig_Und_GL_Tran_KNN3 ,    9400  ,   500 (               |          - * ),89.00, 92.00, 94.00, 96.00, 97.00
  22 , pig_Und_GL_Tran_KNN1 ,    9400  ,   300 (               |            * ),91.00, 93.00, 94.00, 96.00, 98.00
  22 , jedit2_Tran_KNN1 ,    9400  ,   300 (               |            * ),91.00, 93.00, 94.00, 96.00, 97.00
  22 , felix_Und_Tran_KNN10 ,    9400  ,   200 (               |            * ),91.00, 93.00, 94.00, 95.00, 96.00
  22 , openjpa_Und_GL_Tran_KNN1 ,    9300  ,   500 (               |          - * ),88.00, 91.00, 94.00, 96.00, 97.00
  22 , derby_Und_GL_Tran_KNN1 ,    9400  ,   200 (               |           -* ),93.00, 94.00, 94.00, 95.00, 96.00
  22 , pig_Und_Tran_KNN1 ,    9400  ,   400 (               |          - * ),90.00, 92.00, 94.00, 96.00, 97.00
  22 , pig_Und_Tran_KNN3 ,    9400  ,   400 (               |         -- * ),86.00, 92.00, 94.00, 96.00, 97.00
  22 , derby_Tran_KNN3 ,    9400  ,   200 (               |           -* ),92.00, 94.00, 94.00, 95.00, 96.00
  22 , hive_Und_GL_Tran_KNN10 ,    9400  ,   200 (               |            * ),93.00, 93.00, 94.00, 95.00, 96.00
  22 , jedit2_GL_Tran_KNN10 ,    9500  ,   400 (               |            * ),93.00, 93.00, 95.00, 97.00, 97.00
  22 , jedit2_Und_GL_Gauss ,    8500  ,     0 (               |            * ),85.00, 85.00, 95.00, 95.00, 95.00
  22 , jedit2_GL_Log ,    9500  ,   300 (               |            * ),91.00, 93.00, 95.00, 96.00, 96.00
  22 , jedit2_Und_Tran_KNN5 ,    9500  ,     0 (               |            * ),95.00, 95.00, 95.00, 97.00, 97.00
  22 , jedit2_Und_Tran_KNN3 ,    9500  ,     0 (               |            * ),95.00, 95.00, 95.00, 97.00, 97.00
  22 , accumulo_Tran_KNN10 ,    9500  ,   200 (               |           -* ),93.00, 94.00, 95.00, 96.00, 97.00
  22 , cassandra_Und_Tran_KNN3 ,    9500  ,   100 (               |           -* ),92.00, 94.00, 95.00, 95.00, 96.00
  22 , derby_GL_Tran_KNN1 ,    9500  ,   100 (               |            * ),94.00, 95.00, 95.00, 96.00, 97.00
  22 , jedit2_GL_Gauss ,    9500  ,   200 (               |           -* ),92.00, 95.00, 95.00, 96.00, 97.00
  22 , accumulo_GL_Tran_KNN10 ,    9500  ,   300 (               |           -* ),93.00, 94.00, 95.00, 96.00, 97.00
  22 , cassandra_Tran_KNN3 ,    9500  ,   300 (               |           -* ),93.00, 95.00, 95.00, 96.00, 97.00
  22 , cassandra_Tran_KNN5 ,    9500  ,   300 (               |           -* ),93.00, 94.00, 95.00, 95.00, 97.00
  22 , cassandra_Und_GL_Tran_KNN3 ,    9500  ,   400 (               |           -* ),92.00, 94.00, 95.00, 97.00, 97.00
  22 , cassandra_Und_GL_Tran_KNN5 ,    9500  ,   300 (               |          - * ),90.00, 93.00, 95.00, 96.00, 97.00
  22 , xerces2_Und_GL_Log ,    9500  ,   300 (               |          - * ),90.00, 92.00, 95.00, 95.00, 96.00
  22 , accumulo_Tran_KNN5 ,    9500  ,   200 (               |            * ),94.00, 95.00, 95.00, 97.00, 98.00
  22 , hive_Und_GL_Tran_KNN5 ,    9500  ,   100 (               |            * ),94.00, 95.00, 95.00, 96.00, 96.00
  22 , cassandra_GL_Tran_KNN1 ,    9500  ,   200 (               |           -* ),93.00, 94.00, 95.00, 96.00, 97.00
  22 , cassandra_GL_Tran_KNN3 ,    9500  ,   100 (               |           -* ),93.00, 95.00, 95.00, 96.00, 98.00
  22 , hive_Und_Tran_KNN5 ,    9500  ,   100 (               |            * ),94.00, 95.00, 95.00, 96.00, 97.00
  22 , cxf_Und_Tran_KNN5 ,    9500  ,   100 (               |            * ),94.00, 95.00, 95.00, 96.00, 96.00
  22 , cxf_Und_GL_Tran_KNN5 ,    9500  ,   300 (               |            * ),92.00, 93.00, 95.00, 96.00, 97.00
  22 , hive_GL_Tran_KNN10 ,    9500  ,   100 (               |            * ),95.00, 95.00, 95.00, 96.00, 97.00
  22 , log4j2_Und_Log ,    9500  ,  4600 (  -------------|---         * ),11.00, 67.00, 95.00, 99.00, 99.00
  22 , jedit2_GL_Tran_KNN5 ,    9500  ,   400 (               |            * ),93.00, 93.00, 95.00, 97.00, 97.00
  22 , jedit2_GL_Tran_KNN3 ,    9600  ,   400 (               |            * ),93.00, 93.00, 96.00, 97.00, 97.00
  22 , accumulo_Und_GL_Tran_KNN1 ,    9500  ,   200 (               |           -* ),92.00, 94.00, 95.00, 96.00, 97.00
  22 , accumulo_Und_GL_Tran_KNN3 ,    9500  ,   200 (               |            * ),92.00, 93.00, 95.00, 95.00, 96.00
  22 , cassandra_Tran_KNN1 ,    9500  ,   200 (               |           -* ),93.00, 94.00, 95.00, 96.00, 97.00
  22 , derby_Tran_KNN1 ,    9500  ,   200 (               |            * ),94.00, 95.00, 95.00, 95.00, 97.00
  22 , bookkeeper_Tran_KNN1 ,    9500  ,   300 (               |          --* ),90.00, 94.00, 95.00, 96.00, 100.00
  22 , accumulo_Und_Tran_KNN3 ,    9500  ,   100 (               |           -* ),92.00, 94.00, 95.00, 95.00, 96.00
  22 , accumulo_Und_Tran_KNN1 ,    9500  ,   200 (               |           -* ),93.00, 94.00, 95.00, 96.00, 97.00
  22 , felix_Und_GL_Tran_KNN5 ,    9500  ,   200 (               |           -* ),93.00, 94.00, 95.00, 96.00, 96.00
  22 , jedit2_Und_Tran_KNN10 ,    9500  ,     0 (               |            * ),95.00, 95.00, 95.00, 97.00, 97.00
  22 ,   jedit2_Log ,    9600  ,   300 (               |           -* ),92.00, 94.00, 96.00, 97.00, 97.00
  22 , accumulo_Tran_KNN1 ,    9500  ,   300 (               |            * ),94.00, 94.00, 95.00, 96.00, 97.00
  22 , berek2_Gauss ,    9500  ,  2400 (               |      --    * ),74.00, 82.00, 95.00, 100.00, 100.00
  23 , pig_Tran_KNN5 ,    9600  ,   300 (               |            * ),94.00, 94.00, 96.00, 97.00, 97.00
  23 , pig_Tran_KNN3 ,    9600  ,   200 (               |            * ),94.00, 95.00, 96.00, 97.00, 98.00
  23 , pig_Tran_KNN1 ,    9600  ,   200 (               |            * ),94.00, 95.00, 96.00, 97.00, 98.00
  23 , pig_GL_Tran_KNN10 ,    9600  ,   100 (               |            * ),94.00, 95.00, 96.00, 96.00, 97.00
  23 , bookkeeper_Und_GL_Gauss ,    9600  ,   300 (               |           -* ),91.00, 94.00, 96.00, 96.00, 98.00
  23 , berek2_GL_Tran_KNN1 ,    9600  ,  1500 (               |     ----   * ),71.00, 85.00, 96.00, 100.00, 100.00
  23 , cxf_GL_Tran_KNN5 ,    9600  ,   100 (               |            * ),95.00, 96.00, 96.00, 97.00, 97.00
  23 , openjpa_GL_Tran_KNN5 ,    9600  ,   300 (               |           -* ),91.00, 95.00, 96.00, 97.00, 98.00
  23 , openjpa_GL_Tran_KNN3 ,    9600  ,   300 (               |           -* ),93.00, 95.00, 96.00, 97.00, 98.00
  23 , cxf_Tran_KNN10 ,    9600  ,   200 (               |            * ),95.00, 95.00, 96.00, 97.00, 97.00
  23 , hive_Und_GL_Tran_KNN3 ,    9600  ,   200 (               |            * ),95.00, 96.00, 96.00, 96.00, 98.00
  23 , accumulo_Tran_KNN3 ,    9600  ,   200 (               |            * ),94.00, 95.00, 96.00, 97.00, 97.00
  23 , hive_Und_Tran_KNN3 ,    9600  ,   200 (               |            * ),94.00, 95.00, 96.00, 96.00, 97.00
  23 , cxf_Und_GL_Tran_KNN1 ,    9600  ,   100 (               |            * ),95.00, 96.00, 96.00, 97.00, 98.00
  23 , cxf_Und_GL_Tran_KNN3 ,    9600  ,   200 (               |            * ),94.00, 95.00, 96.00, 96.00, 97.00
  23 , cxf_Und_Tran_KNN3 ,    9600  ,   200 (               |            * ),94.00, 95.00, 96.00, 97.00, 97.00
  23 , berek2_Tran_KNN5 ,    9600  ,  1800 (               |     ---    * ),71.00, 82.00, 96.00, 100.00, 100.00
  23 , berek2_Tran_KNN1 ,    9600  ,  2200 (               |     --     * ),71.00, 80.00, 96.00, 100.00, 100.00
  23 , berek2_Tran_KNN3 ,    9600  ,  1800 (               |      ---   * ),76.00, 85.00, 96.00, 100.00, 100.00
  23 , cxf_Tran_KNN3 ,    9600  ,   100 (               |            * ),95.00, 96.00, 96.00, 97.00, 98.00
  23 , pig_GL_Tran_KNN5 ,    9600  ,   100 (               |            * ),95.00, 96.00, 96.00, 97.00, 98.00
  23 , cxf_Tran_KNN5 ,    9600  ,   100 (               |            * ),95.00, 96.00, 96.00, 97.00, 98.00
  23 , pig_GL_Tran_KNN1 ,    9600  ,   200 (               |            * ),95.00, 96.00, 96.00, 97.00, 98.00
  23 , jedit2_Tran_KNN3 ,    9600  ,   200 (               |           -* ),93.00, 95.00, 96.00, 97.00, 97.00
  23 , felix_Und_Tran_KNN3 ,    9600  ,   200 (               |            * ),95.00, 95.00, 96.00, 97.00, 98.00
  23 , felix_Und_Tran_KNN5 ,    9600  ,   100 (               |            * ),95.00, 95.00, 96.00, 96.00, 98.00
  23 , cxf_GL_Tran_KNN10 ,    9600  ,   200 (               |            * ),95.00, 95.00, 96.00, 97.00, 97.00
  23 , bookkeeper_Und_GL_Log ,    9600  ,   300 (               |           -* ),91.00, 95.00, 96.00, 97.00, 98.00
  23 , accumulo_GL_Tran_KNN3 ,    9600  ,   200 (               |            * ),95.00, 95.00, 96.00, 97.00, 98.00
  23 , accumulo_GL_Tran_KNN1 ,    9600  ,   200 (               |            * ),94.00, 95.00, 96.00, 96.00, 97.00
  23 , pig_Tran_KNN10 ,    9600  ,   200 (               |           -* ),93.00, 94.00, 96.00, 96.00, 97.00
  23 , hive_Tran_KNN10 ,    9600  ,   100 (               |            * ),94.00, 95.00, 96.00, 96.00, 97.00
  23 , openjpa_Tran_KNN5 ,    9600  ,   200 (               |           -* ),93.00, 96.00, 96.00, 97.00, 98.00
  23 , accumulo_GL_Tran_KNN5 ,    9600  ,   200 (               |            * ),94.00, 95.00, 96.00, 97.00, 98.00
  23 , felix_Und_GL_Tran_KNN3 ,    9600  ,   100 (               |            * ),94.00, 95.00, 96.00, 96.00, 97.00
  23 , elearning2_Und_GL_Gauss ,    9700  ,  1900 (           ----|--------     *),40.00, 81.00, 97.00, 100.00, 100.00
  24 , pig_Und_GL_Gauss ,    9700  ,   200 (               |             *),94.00, 96.00, 97.00, 98.00, 99.00
  24 , pig_Und_GL_Log ,    9800  ,   200 (               |             *),95.00, 96.00, 98.00, 98.00, 98.00
  24 , openjpa_Und_GL_Gauss ,    9700  ,   300 (               |           - *),93.00, 96.00, 97.00, 98.00, 99.00
  24 , cxf_GL_Tran_KNN3 ,    9700  ,   100 (               |             *),95.00, 96.00, 97.00, 97.00, 97.00
  24 , cxf_GL_Tran_KNN1 ,    9700  ,   200 (               |             *),95.00, 96.00, 97.00, 98.00, 98.00
  24 , accumulo_Und_GL_Gauss ,    9700  ,   300 (               |             *),94.00, 95.00, 97.00, 98.00, 98.00
  24 , felix_Tran_KNN10 ,    9700  ,   100 (               |             *),96.00, 96.00, 97.00, 97.00, 98.00
  24 , openjpa_GL_Tran_KNN1 ,    9700  ,   300 (               |             *),95.00, 96.00, 97.00, 98.00, 99.00
  24 , cassandra_Und_GL_Tran_KNN1 ,    9700  ,   200 (               |             *),95.00, 96.00, 97.00, 98.00, 98.00
  24 , hive_Und_Tran_KNN1 ,    9700  ,   100 (               |            -*),96.00, 97.00, 97.00, 98.00, 98.00
  24 , cxf_Und_Tran_KNN1 ,    9700  ,   100 (               |             *),96.00, 96.00, 97.00, 97.00, 98.00
  24 , accumulo_Und_GL_Log ,    9700  ,   200 (               |             *),95.00, 96.00, 97.00, 98.00, 98.00
  24 , wicket_Und_Tran_KNN10 ,    9700  ,   200 (               |             *),95.00, 96.00, 97.00, 98.00, 99.00
  24 , camel_Und_GL_Tran_KNN10 ,    9700  ,   200 (               |             *),95.00, 96.00, 97.00, 98.00, 99.00
  24 , jedit2_Und_Gauss ,    9700  ,   300 (               |             *),97.00, 97.00, 97.00, 97.00, 100.00
  24 , jedit2_Tran_KNN10 ,    9700  ,   200 (               |           - *),93.00, 95.00, 97.00, 97.00, 97.00
  24 , hive_GL_Tran_KNN3 ,    9700  ,   200 (               |             *),95.00, 96.00, 97.00, 97.00, 98.00
  24 , cxf_Tran_KNN1 ,    9700  ,   100 (               |             *),96.00, 96.00, 97.00, 97.00, 98.00
  24 , jedit2_Tran_KNN5 ,    9700  ,   200 (               |           - *),93.00, 95.00, 97.00, 97.00, 97.00
  24 , felix_Und_Tran_KNN1 ,    9700  ,   200 (               |             *),96.00, 96.00, 97.00, 98.00, 98.00
  24 , pig_GL_Tran_KNN3 ,    9700  ,   100 (               |             *),95.00, 96.00, 97.00, 97.00, 98.00
  24 , felix_Tran_KNN5 ,    9700  ,   100 (               |             *),97.00, 97.00, 97.00, 98.00, 98.00
  24 , felix_GL_Tran_KNN5 ,    9700  ,   100 (               |            -*),96.00, 97.00, 97.00, 98.00, 98.00
  24 , wicket_Und_GL_Tran_KNN5 ,    9700  ,   200 (               |             *),94.00, 96.00, 97.00, 98.00, 99.00
  24 , jedit2_Und_GL_Tran_KNN5 ,    9700  ,     0 (               |             *),97.00, 97.00, 97.00, 97.00, 97.00
  24 , jedit2_Und_GL_Tran_KNN3 ,    9700  ,     0 (               |             *),97.00, 97.00, 97.00, 97.00, 97.00
  24 , hive_GL_Tran_KNN5 ,    9700  ,   100 (               |             *),95.00, 96.00, 97.00, 97.00, 98.00
  24 , hive_GL_Tran_KNN1 ,    9700  ,     0 (               |            -*),96.00, 97.00, 97.00, 97.00, 98.00
  24 , cassandra_Und_Tran_KNN1 ,    9700  ,   100 (               |             *),94.00, 96.00, 97.00, 97.00, 97.00
  24 , openjpa_Tran_KNN1 ,    9700  ,   200 (               |             *),95.00, 95.00, 97.00, 97.00, 98.00
  24 , openjpa_Tran_KNN3 ,    9700  ,   100 (               |             *),94.00, 96.00, 97.00, 97.00, 98.00
  24 , hive_Tran_KNN3 ,    9700  ,   100 (               |            -*),96.00, 97.00, 97.00, 97.00, 98.00
  24 , hive_Tran_KNN1 ,    9700  ,     0 (               |            -*),96.00, 97.00, 97.00, 97.00, 98.00
  24 , hive_Tran_KNN5 ,    9700  ,   100 (               |             *),95.00, 96.00, 97.00, 97.00, 98.00
  24 , felix_Und_GL_Tran_KNN1 ,    9700  ,   200 (               |             *),95.00, 96.00, 97.00, 97.00, 98.00
  24 , felix_GL_Tran_KNN10 ,    9700  ,   100 (               |             *),96.00, 96.00, 97.00, 97.00, 98.00
  24 , hive_Und_GL_Tran_KNN1 ,    9700  ,   100 (               |            -*),96.00, 97.00, 97.00, 98.00, 98.00
  24 , jedit2_Und_GL_Tran_KNN10 ,    9700  ,     0 (               |             *),97.00, 97.00, 97.00, 97.00, 97.00
  25 , felix_Und_GL_Log ,    9800  ,   100 (               |             *),97.00, 97.00, 98.00, 98.00, 99.00
  25 , camel_Und_Tran_KNN10 ,    9800  ,   100 (               |             *),97.00, 98.00, 98.00, 98.00, 99.00
  25 , wicket_GL_Tran_KNN5 ,    9800  ,   100 (               |             *),97.00, 98.00, 98.00, 99.00, 99.00
  25 , wicket_GL_Tran_KNN1 ,    9800  ,   100 (               |             *),97.00, 98.00, 98.00, 99.00, 99.00
  25 , wicket_Und_GL_Log ,    9800  ,   200 (               |             *),97.00, 97.00, 98.00, 99.00, 100.00
  25 , pig_Und_GL_Tran_Gauss ,    9800  ,     0 (               |             *),98.00, 98.00, 98.00, 98.00, 98.00
  25 , openjpa_Und_Log ,    9800  ,   100 (               |            -*),96.00, 98.00, 98.00, 99.00, 99.00
  25 , derby_Und_GL_Gauss ,    9800  ,   100 (               |             *),97.00, 98.00, 98.00, 99.00, 99.00
  25 ,  pig_Und_Log ,    9800  ,   200 (               |            -*),95.00, 97.00, 98.00, 99.00, 99.00
  25 , cassandra_Und_GL_Log ,    9800  ,   200 (               |             *),97.00, 97.00, 98.00, 99.00, 99.00
  25 , cxf_Und_GL_Log ,    9800  ,     0 (               |             *),97.00, 98.00, 98.00, 98.00, 99.00
  25 , bookkeeper_GL_Log ,    9800  ,   300 (               |           --*),93.00, 97.00, 98.00, 99.00, 100.00
  25 , wicket_GL_Tran_KNN10 ,    9800  ,   100 (               |            -*),96.00, 98.00, 98.00, 98.00, 99.00
  25 , wicket_Tran_KNN10 ,    9800  ,   200 (               |             *),97.00, 97.00, 98.00, 99.00, 99.00
  25 , felix_Tran_KNN3 ,    9800  ,     0 (               |             *),97.00, 98.00, 98.00, 98.00, 99.00
  25 , felix_Tran_KNN1 ,    9800  ,   100 (               |             *),97.00, 98.00, 98.00, 98.00, 99.00
  25 , felix_GL_Tran_KNN3 ,    9800  ,   100 (               |             *),97.00, 97.00, 98.00, 98.00, 99.00
  25 , wicket_Tran_KNN5 ,    9800  ,   100 (               |             *),97.00, 98.00, 98.00, 99.00, 100.00
  25 , wicket_Und_GL_Tran_KNN3 ,    9800  ,   200 (               |            -*),95.00, 97.00, 98.00, 98.00, 99.00
  25 , wicket_Und_GL_Tran_KNN1 ,    9800  ,   100 (               |            -*),96.00, 97.00, 98.00, 98.00, 99.00
  25 , bookkeeper_Und_Log ,    9800  ,   500 (               |          -- *),90.00, 95.00, 98.00, 98.00, 99.00
  25 , camel_Und_GL_Tran_KNN5 ,    9800  ,   100 (               |             *),97.00, 98.00, 98.00, 99.00, 99.00
  25 , felix_Und_GL_Gauss ,    9800  ,   100 (               |             *),97.00, 98.00, 98.00, 99.00, 100.00
  25 , derby_Und_GL_Log ,    9800  ,   100 (               |            -*),96.00, 97.00, 98.00, 98.00, 98.00
  25 , camel_Und_Tran_KNN5 ,    9800  ,   100 (               |             *),98.00, 98.00, 98.00, 99.00, 100.00
  25 , wicket_Und_Tran_Gauss ,    9800  ,     0 (               |             *),98.00, 98.00, 98.00, 98.00, 98.00
  25 , wicket_GL_Tran_KNN3 ,    9800  ,   200 (               |            -*),96.00, 97.00, 98.00, 99.00, 99.00
  25 , hive_Und_GL_Log ,    9800  ,     0 (               |             *),98.00, 98.00, 98.00, 98.00, 99.00
  25 , wicket_Und_Tran_KNN5 ,    9800  ,   100 (               |             *),97.00, 97.00, 98.00, 98.00, 99.00
  25 , wicket_Und_Tran_KNN1 ,    9800  ,   100 (               |             *),97.00, 98.00, 98.00, 99.00, 99.00
  25 , wicket_Und_Tran_KNN3 ,    9800  ,   200 (               |             *),97.00, 97.00, 98.00, 98.00, 99.00
  25 , cxf_Und_GL_Gauss ,    9800  ,   100 (               |             *),97.00, 98.00, 98.00, 99.00, 99.00
  25 , felix_GL_Tran_KNN1 ,    9800  ,     0 (               |             *),97.00, 98.00, 98.00, 98.00, 98.00
  25 , openjpa_Und_GL_Log ,    9800  ,   300 (               |            -*),95.00, 97.00, 98.00, 99.00, 100.00
  26 , cassandra_Und_GL_Tran_Gauss ,    9900  ,     0 (               |             *),99.00, 99.00, 99.00, 99.00, 99.00
  26 , hive_Und_GL_Tran_Log ,    9900  ,     0 (               |             *),99.00, 99.00, 99.00, 99.00, 99.00
  26 , felix_GL_Gauss ,    9900  ,   100 (               |             *),98.00, 99.00, 99.00, 100.00, 100.00
  26 , camel_Und_GL_Tran_Gauss ,    9900  ,     0 (               |             *),99.00, 99.00, 99.00, 99.00, 99.00
  26 , felix_Und_Tran_Gauss ,    9900  ,     0 (               |             *),99.00, 99.00, 99.00, 99.00, 99.00
  26 , camel_Tran_KNN10 ,    9900  ,   100 (               |             *),98.00, 99.00, 99.00, 99.00, 99.00
  26 ,   pig_GL_Log ,    9900  ,   100 (               |             *),97.00, 98.00, 99.00, 99.00, 100.00
  26 , camel_Tran_Gauss ,    9900  ,     0 (               |             *),99.00, 99.00, 99.00, 99.00, 99.00
  26 , accumulo_Und_Log ,    9900  ,   100 (               |             *),97.00, 98.00, 99.00, 99.00, 99.00
  26 , derby_Und_GL_Tran_Gauss ,    9900  ,     0 (               |             *),99.00, 99.00, 99.00, 99.00, 99.00
  26 , camel_Und_GL_Tran_Log ,    9900  ,     0 (               |             *),99.00, 99.00, 99.00, 99.00, 99.00
  26 , bookkeeper_Und_GL_Tran_Gauss ,    9900  ,     0 (               |             *),99.00, 99.00, 99.00, 99.00, 99.00
  26 , felix_GL_Log ,    9900  ,     0 (               |             *),98.00, 99.00, 99.00, 99.00, 100.00
  26 , wicket_Und_GL_Gauss ,    9900  ,   100 (               |             *),98.00, 99.00, 99.00, 100.00, 100.00
  26 , camel_Und_GL_Gauss ,    9900  ,   100 (               |             *),99.00, 99.00, 99.00, 100.00, 100.00
  26 , derby_Und_Log ,    9900  ,   100 (               |             *),98.00, 99.00, 99.00, 100.00, 100.00
  26 , cxf_Tran_Gauss ,    9900  ,     0 (               |             *),99.00, 99.00, 99.00, 99.00, 99.00
  26 ,    cxf_Gauss ,    9900  ,     0 (               |             *),99.00, 99.00, 99.00, 99.00, 100.00
  26 , pig_Und_GL_Tran_Log ,    9900  ,     0 (               |             *),99.00, 99.00, 99.00, 99.00, 99.00
  26 , derby_Tran_Gauss ,    9900  ,     0 (               |             *),99.00, 99.00, 99.00, 99.00, 99.00
  26 , camel_Und_GL_Log ,    9900  ,   100 (               |             *),97.00, 98.00, 99.00, 99.00, 100.00
  26 , accumulo_Und_GL_Tran_Gauss ,    9900  ,     0 (               |             *),99.00, 99.00, 99.00, 99.00, 99.00
  26 , cassandra_GL_Gauss ,    9900  ,   100 (               |             *),98.00, 99.00, 99.00, 99.00, 100.00
  26 , camel_Tran_KNN3 ,    9900  ,     0 (               |             *),98.00, 99.00, 99.00, 99.00, 100.00
  26 , felix_GL_Tran_Gauss ,    9900  ,     0 (               |             *),99.00, 99.00, 99.00, 99.00, 99.00
  26 , cassandra_Und_GL_Gauss ,    9900  ,   100 (               |             *),98.00, 98.00, 99.00, 99.00, 100.00
  26 , hive_Und_Tran_Gauss ,    9900  ,     0 (               |             *),99.00, 99.00, 99.00, 99.00, 99.00
  26 , accumulo_GL_Gauss ,    9900  ,   100 (               |             *),97.00, 98.00, 99.00, 99.00, 100.00
  26 ,  felix_Gauss ,    9900  ,     0 (               |             *),99.00, 99.00, 99.00, 99.00, 99.00
  26 , hive_Tran_Gauss ,    9900  ,     0 (               |             *),99.00, 99.00, 99.00, 99.00, 99.00
  26 , cxf_Und_GL_Tran_Gauss ,    9900  ,     0 (               |             *),99.00, 99.00, 99.00, 99.00, 99.00
  26 , cxf_Und_Tran_Gauss ,    9900  ,     0 (               |             *),99.00, 99.00, 99.00, 99.00, 99.00
  26 , accumulo_Tran_Gauss ,    9900  ,     0 (               |             *),99.00, 99.00, 99.00, 99.00, 99.00
  26 , hive_Und_GL_Gauss ,    9900  ,   100 (               |             *),98.00, 99.00, 99.00, 99.00, 99.00
  26 , openjpa_GL_Tran_Gauss ,    9900  ,     0 (               |             *),99.00, 99.00, 99.00, 99.00, 99.00
  26 , cassandra_GL_Log ,    9900  ,   100 (               |             *),97.00, 98.00, 99.00, 99.00, 100.00
  26 , derby_Und_Gauss ,    9900  ,     0 (               |             *),99.00, 99.00, 99.00, 99.00, 100.00
  26 , bookkeeper_GL_Tran_Gauss ,    9900  ,     0 (               |             *),99.00, 99.00, 99.00, 99.00, 99.00
  26 , cassandra_Gauss ,    9900  ,   100 (               |             *),99.00, 99.00, 99.00, 100.00, 100.00
  26 , camel_GL_Tran_KNN10 ,    9900  ,     0 (               |             *),98.00, 99.00, 99.00, 99.00, 100.00
  26 , felix_Tran_Gauss ,    9900  ,     0 (               |             *),99.00, 99.00, 99.00, 99.00, 99.00
  26 , felix_Und_GL_Tran_Log ,    9900  ,     0 (               |             *),99.00, 99.00, 99.00, 99.00, 99.00
  26 , hive_Und_Gauss ,    9900  ,   100 (               |             *),99.00, 99.00, 99.00, 100.00, 100.00
  26 , accumulo_Gauss ,    9900  ,   100 (               |             *),99.00, 99.00, 99.00, 100.00, 100.00
  26 , felix_Und_GL_Tran_Gauss ,    9900  ,     0 (               |             *),99.00, 99.00, 99.00, 99.00, 99.00
  26 , bookkeeper_Tran_Gauss ,    9900  ,     0 (               |             *),99.00, 99.00, 99.00, 99.00, 99.00
  26 , cassandra_Und_Gauss ,    9900  ,     0 (               |             *),99.00, 99.00, 99.00, 99.00, 100.00
  26 ,  derby_Gauss ,    9900  ,     0 (               |             *),99.00, 99.00, 99.00, 99.00, 99.00
  26 , pig_GL_Gauss ,    9900  ,   200 (               |             *),97.00, 98.00, 99.00, 100.00, 100.00
  26 , wicket_Und_GL_Tran_Log ,    9900  ,     0 (               |             *),99.00, 99.00, 99.00, 99.00, 99.00
  26 , accumulo_GL_Tran_Gauss ,    9900  ,     0 (               |             *),99.00, 99.00, 99.00, 99.00, 99.00
  26 , hive_Und_Log ,    9900  ,   100 (               |             *),98.00, 99.00, 99.00, 100.00, 100.00
  26 , camel_Und_Gauss ,    9900  ,   100 (               |             *),99.00, 99.00, 99.00, 100.00, 100.00
  26 , camel_GL_Tran_KNN5 ,    9900  ,     0 (               |             *),99.00, 99.00, 99.00, 99.00, 100.00
  26 , camel_GL_Tran_KNN3 ,    9900  ,     0 (               |             *),99.00, 99.00, 99.00, 99.00, 100.00
  26 , derby_GL_Log ,    9900  ,   100 (               |             *),98.00, 98.00, 99.00, 99.00, 99.00
  26 , bookkeeper_Und_Tran_Gauss ,    9900  ,     0 (               |             *),99.00, 99.00, 99.00, 99.00, 99.00
  26 ,      pig_Log ,    9900  ,   100 (               |             *),98.00, 99.00, 99.00, 100.00, 100.00
  26 , felix_Und_Log ,    9900  ,   200 (               |             *),98.00, 98.00, 99.00, 100.00, 100.00
  26 , wicket_Tran_KNN3 ,    9900  ,   100 (               |             *),97.00, 98.00, 99.00, 99.00, 100.00
  26 , wicket_Tran_KNN1 ,    9900  ,   100 (               |             *),97.00, 98.00, 99.00, 99.00, 100.00
  26 , camel_Tran_KNN1 ,    9900  ,   100 (               |             *),98.00, 98.00, 99.00, 99.00, 99.00
  26 , camel_Tran_KNN5 ,    9900  ,     0 (               |             *),98.00, 99.00, 99.00, 99.00, 100.00
  26 , cassandra_GL_Tran_Gauss ,    9900  ,     0 (               |             *),99.00, 99.00, 99.00, 99.00, 99.00
  26 , wicket_Und_GL_Tran_Gauss ,    9900  ,     0 (               |             *),99.00, 99.00, 99.00, 99.00, 99.00
  26 , hive_GL_Gauss ,    9900  ,     0 (               |             *),98.00, 99.00, 99.00, 99.00, 100.00
  26 , openjpa_Und_GL_Tran_Gauss ,    9900  ,     0 (               |             *),99.00, 99.00, 99.00, 99.00, 99.00
  26 , wicket_Gauss ,    9900  ,     0 (               |             *),99.00, 99.00, 99.00, 99.00, 99.00
  26 , camel_Und_Tran_Gauss ,    9900  ,     0 (               |             *),99.00, 99.00, 99.00, 99.00, 99.00
  26 ,  camel_Gauss ,    9900  ,     0 (               |             *),99.00, 99.00, 99.00, 99.00, 99.00
  26 , openjpa_Tran_Gauss ,    9900  ,     0 (               |             *),99.00, 99.00, 99.00, 99.00, 99.00
  26 , cassandra_Tran_Gauss ,    9900  ,     0 (               |             *),99.00, 99.00, 99.00, 99.00, 99.00
  26 , cxf_Und_GL_Tran_Log ,    9900  ,     0 (               |             *),99.00, 99.00, 99.00, 99.00, 99.00
  26 , camel_Und_GL_Tran_KNN3 ,    9900  ,   100 (               |             *),98.00, 99.00, 99.00, 99.00, 100.00
  26 , camel_Und_GL_Tran_KNN1 ,    9900  ,   100 (               |             *),98.00, 98.00, 99.00, 99.00, 100.00
  26 , cassandra_Log ,    9900  ,   100 (               |             *),99.00, 99.00, 99.00, 100.00, 100.00
  26 , wicket_GL_Tran_Gauss ,    9900  ,     0 (               |             *),99.00, 99.00, 99.00, 99.00, 99.00
  26 , derby_Und_Tran_Gauss ,    9900  ,     0 (               |             *),99.00, 99.00, 99.00, 99.00, 99.00
  26 , hive_GL_Tran_Gauss ,    9900  ,     0 (               |             *),99.00, 99.00, 99.00, 99.00, 99.00
  26 , openjpa_Und_Tran_Gauss ,    9900  ,     0 (               |             *),99.00, 99.00, 99.00, 99.00, 99.00
  26 , camel_Und_Tran_KNN1 ,    9900  ,   100 (               |             *),98.00, 98.00, 99.00, 99.00, 100.00
  26 , camel_Und_Tran_KNN3 ,    9900  ,   100 (               |             *),98.00, 98.00, 99.00, 99.00, 100.00
  26 ,  hive_GL_Log ,    9900  ,   100 (               |             *),98.00, 99.00, 99.00, 99.00, 100.00
  26 , openjpa_Und_Gauss ,    9900  ,   400 (               |            -*),95.00, 97.00, 99.00, 100.00, 100.00
  26 ,   cxf_GL_Log ,    9900  ,   200 (               |             *),98.00, 98.00, 99.00, 100.00, 100.00
  26 , wicket_Und_Gauss ,    9900  ,   100 (               |             *),99.00, 99.00, 99.00, 100.00, 100.00
  26 , accumulo_GL_Log ,    9900  ,   100 (               |             *),97.00, 98.00, 99.00, 99.00, 99.00
  26 , felix_Und_Gauss ,    9900  ,     0 (               |             *),99.00, 99.00, 99.00, 99.00, 100.00
  26 , cxf_GL_Gauss ,    9900  ,     0 (               |             *),98.00, 99.00, 99.00, 99.00, 100.00
  26 ,   hive_Gauss ,    9900  ,     0 (               |             *),99.00, 99.00, 99.00, 99.00, 99.00
  26 , cxf_Und_Gauss ,    9900  ,     0 (               |             *),99.00, 99.00, 99.00, 99.00, 100.00
  26 , derby_GL_Tran_Gauss ,    9900  ,     0 (               |             *),99.00, 99.00, 99.00, 99.00, 99.00
  26 , derby_Und_GL_Tran_Log ,    9900  ,     0 (               |             *),99.00, 99.00, 99.00, 99.00, 99.00
  26 , openjpa_Gauss ,    9900  ,     0 (               |             *),98.00, 99.00, 99.00, 99.00, 100.00
  26 ,    pig_Gauss ,    9900  ,     0 (               |             *),99.00, 99.00, 99.00, 99.00, 100.00
  26 , camel_GL_Tran_KNN1 ,    9900  ,   100 (               |             *),98.00, 98.00, 99.00, 99.00, 100.00
  26 , derby_GL_Gauss ,    9900  ,   200 (               |             *),98.00, 99.00, 99.00, 100.00, 100.00
  26 , cassandra_Und_Tran_Gauss ,    9900  ,     0 (               |             *),99.00, 99.00, 99.00, 99.00, 99.00
  26 , accumulo_Und_Tran_Gauss ,    9900  ,     0 (               |             *),99.00, 99.00, 99.00, 99.00, 99.00
  26 , wicket_Tran_Gauss ,    9900  ,     0 (               |             *),99.00, 99.00, 99.00, 99.00, 99.00
  26 ,     hive_Log ,    10000  ,     0 (               |             *),99.00, 100.00, 100.00, 100.00, 100.00
  26 , openjpa_GL_Gauss ,    10000  ,     0 (               |             *),99.00, 100.00, 100.00, 100.00, 100.00
  26 , bookkeeper_Gauss ,    10000  ,     0 (               |             *),100.00, 100.00, 100.00, 100.00, 100.00
  26 , xerces2_Und_Tran_KNN1 ,    10000  ,     0 (               |            -*),96.00, 100.00, 100.00, 100.00, 100.00
  26 , wicket_Tran_Log ,    10000  ,     0 (               |             *),100.00, 100.00, 100.00, 100.00, 100.00
  26 , pig_Und_Tran_Gauss ,    10000  ,     0 (               |             *),100.00, 100.00, 100.00, 100.00, 100.00
  26 ,    derby_Log ,    10000  ,     0 (               |             *),99.00, 100.00, 100.00, 100.00, 100.00
  26 , bookkeeper_Und_Gauss ,    10000  ,   100 (               |            -*),96.00, 100.00, 100.00, 100.00, 100.00
  26 , felix_Und_Tran_Log ,    10000  ,     0 (               |             *),100.00, 100.00, 100.00, 100.00, 100.00
  26 , camel_GL_Log ,    10000  ,     0 (               |             *),99.00, 100.00, 100.00, 100.00, 100.00
  26 , poi2_Und_GL_Log ,    10000  ,     0 (               |             *),97.00, 100.00, 100.00, 100.00, 100.00
  26 , felix_Tran_Log ,    10000  ,     0 (               |             *),100.00, 100.00, 100.00, 100.00, 100.00
  26 , cassandra_Tran_Log ,    10000  ,     0 (               |             *),100.00, 100.00, 100.00, 100.00, 100.00
  26 , hive_GL_Tran_Log ,    10000  ,     0 (               |             *),100.00, 100.00, 100.00, 100.00, 100.00
  26 , cxf_Tran_Log ,    10000  ,     0 (               |             *),100.00, 100.00, 100.00, 100.00, 100.00
  26 , derby_Tran_Log ,    10000  ,     0 (               |             *),100.00, 100.00, 100.00, 100.00, 100.00
  26 ,      cxf_Log ,    10000  ,     0 (               |             *),99.00, 100.00, 100.00, 100.00, 100.00
  26 , camel_Tran_Log ,    10000  ,     0 (               |             *),100.00, 100.00, 100.00, 100.00, 100.00
  26 , pig_Und_Tran_Log ,    10000  ,     0 (               |             *),100.00, 100.00, 100.00, 100.00, 100.00
  26 , accumulo_Und_GL_Tran_Log ,    10000  ,     0 (               |             *),100.00, 100.00, 100.00, 100.00, 100.00
  26 , pig_Tran_Gauss ,    10000  ,     0 (               |             *),100.00, 100.00, 100.00, 100.00, 100.00
  26 , cassandra_Und_Tran_Log ,    10000  ,     0 (               |             *),100.00, 100.00, 100.00, 100.00, 100.00
  26 , camel_GL_Tran_Log ,    10000  ,     0 (               |             *),100.00, 100.00, 100.00, 100.00, 100.00
  26 , cassandra_Und_GL_Tran_Log ,    10000  ,     0 (               |             *),100.00, 100.00, 100.00, 100.00, 100.00
  26 , wicket_Und_Log ,    10000  ,   100 (               |             *),98.00, 99.00, 100.00, 100.00, 100.00
  26 , hive_Und_Tran_Log ,    10000  ,     0 (               |             *),100.00, 100.00, 100.00, 100.00, 100.00
  26 , bookkeeper_Tran_Log ,    10000  ,     0 (               |             *),100.00, 100.00, 100.00, 100.00, 100.00
  26 , openjpa_Und_Tran_Log ,    10000  ,     0 (               |             *),100.00, 100.00, 100.00, 100.00, 100.00
  26 , berek2_Und_Gauss ,    10000  ,     0 (               |          ---*),87.00, 100.00, 100.00, 100.00, 100.00
  26 ,    camel_Log ,    10000  ,     0 (               |             *),100.00, 100.00, 100.00, 100.00, 100.00
  26 , camel_GL_Gauss ,    10000  ,     0 (               |             *),99.00, 100.00, 100.00, 100.00, 100.00
  26 , accumulo_Und_Gauss ,    10000  ,   100 (               |             *),99.00, 99.00, 100.00, 100.00, 100.00
  26 , berek2_Und_GL_Log ,    10000  ,   400 (               |        -----*),82.00, 97.00, 100.00, 100.00, 100.00
  26 , wicket_GL_Tran_Log ,    10000  ,     0 (               |             *),100.00, 100.00, 100.00, 100.00, 100.00
  26 , hive_Tran_Log ,    10000  ,     0 (               |             *),100.00, 100.00, 100.00, 100.00, 100.00
  26 ,  openjpa_Log ,    10000  ,   100 (               |             *),99.00, 100.00, 100.00, 100.00, 100.00
  26 , bookkeeper_Log ,    10000  ,     0 (               |             *),98.00, 100.00, 100.00, 100.00, 100.00
  26 , accumulo_Tran_Log ,    10000  ,     0 (               |             *),100.00, 100.00, 100.00, 100.00, 100.00
  26 , berek2_Und_GL_Gauss ,    10000  ,  1300 (               |        --   *),82.00, 87.00, 100.00, 100.00, 100.00
  26 , derby_Und_Tran_Log ,    10000  ,     0 (               |             *),100.00, 100.00, 100.00, 100.00, 100.00
  26 , xerces2_Und_GL_Tran_KNN1 ,    10000  ,     0 (               |             *),99.00, 100.00, 100.00, 100.00, 100.00
  26 , berek2_Und_Tran_KNN5 ,    10000  ,   500 (               |     --------*),73.00, 100.00, 100.00, 100.00, 100.00
  26 , berek2_Und_Tran_KNN3 ,    10000  ,     0 (               |     --------*),73.00, 100.00, 100.00, 100.00, 100.00
  26 , berek2_Und_Tran_KNN1 ,    10000  ,     0 (               |            -*),96.00, 100.00, 100.00, 100.00, 100.00
  26 , openjpa_Und_GL_Tran_Log ,    10000  ,     0 (               |             *),100.00, 100.00, 100.00, 100.00, 100.00
  26 , bookkeeper_GL_Gauss ,    10000  ,     0 (               |             *),98.00, 100.00, 100.00, 100.00, 100.00
  26 ,    felix_Log ,    10000  ,   100 (               |             *),99.00, 100.00, 100.00, 100.00, 100.00
  26 , pig_GL_Tran_Log ,    10000  ,     0 (               |             *),100.00, 100.00, 100.00, 100.00, 100.00
  26 , camel_GL_Tran_Gauss ,    10000  ,     0 (               |             *),100.00, 100.00, 100.00, 100.00, 100.00
  26 , berek2_GL_Tran_KNN10 ,    10000  ,  1800 (               |       --    *),78.00, 85.00, 100.00, 100.00, 100.00
  26 , derby_GL_Tran_Log ,    10000  ,     0 (               |             *),100.00, 100.00, 100.00, 100.00, 100.00
  26 , pig_Tran_Log ,    10000  ,     0 (               |             *),100.00, 100.00, 100.00, 100.00, 100.00
  26 , berek2_Und_GL_Tran_KNN1 ,    10000  ,   300 (               |        -----*),82.00, 100.00, 100.00, 100.00, 100.00
  26 , berek2_Und_GL_Tran_KNN3 ,    10000  ,   300 (               |     --------*),71.00, 100.00, 100.00, 100.00, 100.00
  26 , berek2_Und_GL_Tran_KNN5 ,    10000  ,  2200 (               |     ---     *),71.00, 82.00, 100.00, 100.00, 100.00
  26 , felix_GL_Tran_Log ,    10000  ,     0 (               |             *),100.00, 100.00, 100.00, 100.00, 100.00
  26 , bookkeeper_GL_Tran_Log ,    10000  ,     0 (               |             *),100.00, 100.00, 100.00, 100.00, 100.00
  26 , camel_Und_Log ,    10000  ,   100 (               |             *),98.00, 99.00, 100.00, 100.00, 100.00
  26 , openjpa_GL_Tran_Log ,    10000  ,     0 (               |             *),100.00, 100.00, 100.00, 100.00, 100.00
  26 , poi2_Und_GL_Tran_KNN1 ,    10000  ,     0 (               |             *),97.00, 100.00, 100.00, 100.00, 100.00
  26 , log4j2_Und_GL_Gauss ,    10000  ,     0 (               |      -------*),75.00, 100.00, 100.00, 100.00, 100.00
  26 , cxf_GL_Tran_Gauss ,    10000  ,     0 (               |             *),100.00, 100.00, 100.00, 100.00, 100.00
  26 , log4j2_Und_GL_Tran_KNN1 ,    10000  ,     0 (               |             *),100.00, 100.00, 100.00, 100.00, 100.00
  26 , poi2_Und_Tran_KNN1 ,    10000  ,     0 (               |             *),99.00, 100.00, 100.00, 100.00, 100.00
  26 , cxf_GL_Tran_Log ,    10000  ,     0 (               |             *),100.00, 100.00, 100.00, 100.00, 100.00
  26 ,   wicket_Log ,    10000  ,     0 (               |             *),100.00, 100.00, 100.00, 100.00, 100.00
  26 , accumulo_GL_Tran_Log ,    10000  ,     0 (               |             *),100.00, 100.00, 100.00, 100.00, 100.00
  26 , cassandra_GL_Tran_Log ,    10000  ,     0 (               |             *),100.00, 100.00, 100.00, 100.00, 100.00
  26 , openjpa_GL_Log ,    10000  ,   100 (               |             *),99.00, 99.00, 100.00, 100.00, 100.00
  26 , accumulo_Log ,    10000  ,     0 (               |             *),99.00, 100.00, 100.00, 100.00, 100.00
  26 , wicket_GL_Gauss ,    10000  ,   100 (               |             *),99.00, 99.00, 100.00, 100.00, 100.00
  26 , berek2_Und_Log ,    10000  ,   300 (               |          ---*),87.00, 100.00, 100.00, 100.00, 100.00
  26 , wicket_GL_Log ,    10000  ,   100 (               |             *),99.00, 99.00, 100.00, 100.00, 100.00
  26 , cxf_Und_Tran_Log ,    10000  ,     0 (               |             *),100.00, 100.00, 100.00, 100.00, 100.00
  26 , cassandra_Und_Log ,    10000  ,   100 (               |             *),98.00, 99.00, 100.00, 100.00, 100.00
  26 , log4j2_Und_GL_Log ,    10000  ,     0 (               |             *),100.00, 100.00, 100.00, 100.00, 100.00
  26 , openjpa_Tran_Log ,    10000  ,     0 (               |             *),100.00, 100.00, 100.00, 100.00, 100.00
  26 , lucene2_Und_GL_Tran_KNN1 ,    10000  ,     0 (               |             *),100.00, 100.00, 100.00, 100.00, 100.00
  26 , pig_Und_Gauss ,    10000  ,   200 (               |            -*),94.00, 99.00, 100.00, 100.00, 100.00
  26 , lucene2_Und_GL_Log ,    10000  ,     0 (               |             *),100.00, 100.00, 100.00, 100.00, 100.00
  26 , wicket_Und_Tran_Log ,    10000  ,     0 (               |             *),100.00, 100.00, 100.00, 100.00, 100.00
  26 , lucene2_Und_Tran_KNN1 ,    10000  ,     0 (               |             *),100.00, 100.00, 100.00, 100.00, 100.00
  26 , accumulo_Und_Tran_Log ,    10000  ,     0 (               |             *),100.00, 100.00, 100.00, 100.00, 100.00
  26 , hive_Und_GL_Tran_Gauss ,    10000  ,     0 (               |             *),100.00, 100.00, 100.00, 100.00, 100.00
  26 , pig_GL_Tran_Gauss ,    10000  ,     0 (               |             *),100.00, 100.00, 100.00, 100.00, 100.00
  26 , camel_Und_Tran_Log ,    10000  ,     0 (               |             *),100.00, 100.00, 100.00, 100.00, 100.00
  26 , bookkeeper_Und_Tran_Log ,    10000  ,     0 (               |             *),100.00, 100.00, 100.00, 100.00, 100.00
  26 , bookkeeper_Und_GL_Tran_Log ,    10000  ,     0 (               |             *),100.00, 100.00, 100.00, 100.00, 100.00
  26 ,  cxf_Und_Log ,    10000  ,   100 (               |             *),99.00, 99.00, 100.00, 100.00, 100.00
  26 , berek2_Tran_KNN10 ,    10000  ,  1800 (               |      ---    *),76.00, 85.00, 100.00, 100.00, 100.00
  26 , log4j2_Und_Tran_KNN1 ,    10000  ,     0 (               |             *),100.00, 100.00, 100.00, 100.00, 100.00
