rank ,         name ,    med   ,  iqr 
----------------------------------------------------
   1 ,      2-means ,      98  ,     0 (--*  ---       |              ), 0.98,  0.98,  0.98,  0.98,  0.98
   1 ,     entropic ,      98  ,     0 (  *--          |              ), 0.98,  0.98,  0.98,  0.98,  0.98
   1 ,          pca ,      98  ,     0 (--*  ---       |              ), 0.98,  0.98,  0.98,  0.98,  0.98
   1 ,       random ,      98  ,     0 (  *--          |              ), 0.98,  0.98,  0.98,  0.98,  0.98
   1 ,           rp ,      98  ,     0 (  *--          |              ), 0.98,  0.98,  0.98,  0.98,  0.98
   1 ,     spectral ,      98  ,     0 (  *--          |              ), 0.98,  0.98,  0.98,  0.98,  0.98
   1 ,        where ,      98  ,     0 (  *--          |              ), 0.98,  0.98,  0.98,  0.98,  0.98
   2 ,           kd ,     100  ,     0 (               |             *), 1.00,  1.00,  1.00,  1.00,  1.00
