rank ,         name ,    med   ,  iqr 
----------------------------------------------------
   1 ,      2-means ,      10  ,    20 (--*  ---       |              ), 0.00,  0.10,  0.10,  0.20,  0.30
   1 ,     entropic ,      10  ,    10 (  *--          |              ), 0.00,  0.00,  0.10,  0.10,  0.20
   1 ,          pca ,      10  ,    20 (--*  ---       |              ), 0.00,  0.10,  0.10,  0.20,  0.30
   1 ,       random ,      10  ,    10 (  *--          |              ), 0.00,  0.00,  0.10,  0.10,  0.20
   1 ,           rp ,      10  ,    10 (  *--          |              ), 0.00,  0.00,  0.10,  0.10,  0.20
   1 ,     spectral ,      10  ,    10 (  *--          |              ), 0.00,  0.00,  0.10,  0.10,  0.20
   1 ,        where ,      10  ,    10 (  *--          |              ), 0.00,  0.00,  0.10,  0.10,  0.20
   2 ,           kd ,     100  ,     0 (               |             *), 1.00,  1.00,  1.00,  1.00,  1.00
