rank ,         name ,    med   ,  iqr 
----------------------------------------------------
   1 , k_10_0.15_7_felix_entropic ,       0  ,     0 (*              |              ), 0.00,  0.00,  0.00,  0.00,  0.00
   1 , k_10_0.25_11_felix_where ,       0  ,  1700 (*   ---        |              ), 0.00,  0.00,  0.00, 15.00, 25.00
   1 , k_10_0_5_felix_entropic ,       0  ,     0 (*              |              ), 0.00,  0.00,  0.00,  0.00,  0.00
   1 , k_10_0.15_13_felix_entropic ,       0  ,     0 (*              |              ), 0.00,  0.00,  0.00,  0.00,  0.00
   1 , k_10_0.2_5_felix_spectral ,       0  ,     0 (*----          |              ), 0.00,  0.00,  0.00,  0.00, 17.00
   1 , k_10_0.05_7_felix_where ,       0  ,  1500 (*   -          |              ), 0.00,  0.00,  0.00, 14.00, 20.00
   1 , k_10_0_7_felix_where ,       0  ,     0 (*-----         |              ), 0.00,  0.00,  0.00,  0.00, 22.00
   1 , k_10_0.2_9_felix_entropic ,       0  ,     0 (*------        |              ), 0.00,  0.00,  0.00,  0.00, 25.00
   1 , k_10_0.01_5_felix_rp ,       0  ,  2200 (*------------  |              ), 0.00,  0.00,  0.00,  0.00, 44.00
   1 , k_10_0_11_felix_entropic ,       0  ,     0 (*              |              ), 0.00,  0.00,  0.00,  0.00,  0.00
   1 , k_10_0.05_9_felix_entropic ,       0  ,     0 (*              |              ), 0.00,  0.00,  0.00,  0.00,  0.00
   1 , k_10_0.1_11_felix_where ,       0  ,  1800 (*    --        |              ), 0.00,  0.00,  0.00, 17.00, 25.00
   1 , k_10_0_13_felix_entropic ,       0  ,     0 (*              |              ), 0.00,  0.00,  0.00,  0.00,  0.00
   1 , k_10_0.05_13_felix_entropic ,       0  ,     0 (*              |              ), 0.00,  0.00,  0.00,  0.00,  0.00
   1 , k_10_0.1_7_felix_spectral ,       0  ,     0 (*              |              ), 0.00,  0.00,  0.00,  0.00,  0.00
   1 , k_10_0.01_11_felix_spectral ,       0  ,  2200 (*--------------|              ), 0.00,  0.00,  0.00,  0.00, 55.00
   1 , k_10_0.2_11_felix_spectral ,       0  ,     0 (*-------       |              ), 0.00,  0.00,  0.00,  0.00, 29.00
   1 , k_10_0.05_13_felix_spectral ,       0  ,  2200 (*     ---      |              ), 0.00,  0.00,  0.00, 22.00, 31.00
   1 , k_10_0.1_9_felix_entropic ,       0  ,     0 (*              |              ), 0.00,  0.00,  0.00,  0.00,  0.00
   1 , k_10_0.01_5_felix_pca ,       0  ,     0 (*----          |              ), 0.00,  0.00,  0.00,  0.00, 18.00
   1 , k_10_0.01_7_felix_where ,       0  ,  1400 (*   -          |              ), 0.00,  0.00,  0.00, 14.00, 20.00
   1 , k_10_0.05_9_felix_random ,       0  ,     0 (*------        |              ), 0.00,  0.00,  0.00,  0.00, 25.00
   1 , k_10_0.25_5_felix_random ,       0  ,  2500 (*    -----     |              ), 0.00,  0.00,  0.00, 20.00, 36.00
   1 , k_10_0_11_felix_where ,       0  ,  1400 (*--------      |              ), 0.00,  0.00,  0.00,  0.00, 31.00
   1 , k_10_0_5_felix_spectral ,       0  ,  2000 (*    ----      |              ), 0.00,  0.00,  0.00, 17.00, 33.00
   1 , k_10_0.25_13_felix_where ,       0  ,  1800 (*   ---        |              ), 0.00,  0.00,  0.00, 15.00, 25.00
   1 , k_10_0.25_11_felix_spectral ,       0  ,  2200 (*    ----      |              ), 0.00,  0.00,  0.00, 20.00, 31.00
   1 , k_10_0.1_11_felix_pca ,       0  ,  2200 (*    ------    |              ), 0.00,  0.00,  0.00, 20.00, 40.00
   1 , k_10_0_9_felix_entropic ,       0  ,     0 (*              |              ), 0.00,  0.00,  0.00,  0.00,  0.00
   1 , k_10_0.2_7_felix_entropic ,       0  ,     0 (*              |              ), 0.00,  0.00,  0.00,  0.00,  0.00
   1 , k_10_0.01_11_felix_entropic ,       0  ,     0 (*              |              ), 0.00,  0.00,  0.00,  0.00,  0.00
   1 , k_10_0.01_7_felix_2 ,       0  ,  2500 (*     -----    |              ), 0.00,  0.00,  0.00, 22.00, 40.00
   1 , k_10_0.15_11_felix_entropic ,       0  ,     0 (*              |              ), 0.00,  0.00,  0.00,  0.00,  0.00
   1 , k_10_0.15_9_felix_spectral ,       0  ,     0 (*              |              ), 0.00,  0.00,  0.00,  0.00,  0.00
   1 , k_10_0.25_11_felix_entropic ,       0  ,     0 (*              |              ), 0.00,  0.00,  0.00,  0.00,  0.00
   1 , k_10_0.01_13_felix_2 ,       0  ,  1800 (*-------       |              ), 0.00,  0.00,  0.00,  0.00, 29.00
   1 , k_10_0_7_felix_entropic ,       0  ,     0 (*              |              ), 0.00,  0.00,  0.00,  0.00,  0.00
   1 , k_10_0.05_13_felix_2 ,       0  ,     0 (*              |              ), 0.00,  0.00,  0.00,  0.00,  0.00
   1 , k_10_0.01_5_felix_spectral ,       0  ,  1500 (*------------  |              ), 0.00,  0.00,  0.00,  0.00, 44.00
   1 , k_10_0_9_felix_where ,       0  ,  1400 (*   -          |              ), 0.00,  0.00,  0.00, 14.00, 20.00
   1 , k_10_0.1_5_felix_pca ,       0  ,     0 (*----------    |              ), 0.00,  0.00,  0.00,  0.00, 40.00
   1 , k_10_0_7_felix_spectral ,       0  ,  1800 (*----          |              ), 0.00,  0.00,  0.00,  0.00, 20.00
   1 , k_10_0.1_5_felix_spectral ,       0  ,  2200 (*    ----      |              ), 0.00,  0.00,  0.00, 18.00, 33.00
   1 , k_10_0.25_9_felix_entropic ,       0  ,     0 (*              |              ), 0.00,  0.00,  0.00,  0.00,  0.00
   1 , k_10_0_5_felix_where ,       0  ,     0 (*              |              ), 0.00,  0.00,  0.00,  0.00,  0.00
   1 , k_10_0.01_7_felix_entropic ,       0  ,     0 (*              |              ), 0.00,  0.00,  0.00,  0.00,  0.00
   1 , k_10_0.25_9_felix_spectral ,       0  ,  2200 (*    --        |              ), 0.00,  0.00,  0.00, 20.00, 25.00
   1 , k_10_0.2_5_felix_where ,       0  ,     0 (*-------       |              ), 0.00,  0.00,  0.00,  0.00, 29.00
   1 , k_10_0.05_5_felix_where ,       0  ,  1400 (*----          |              ), 0.00,  0.00,  0.00,  0.00, 17.00
   1 , k_10_0.15_11_felix_random ,       0  ,     0 (*              |              ), 0.00,  0.00,  0.00,  0.00,  0.00
   1 , k_10_0.15_5_felix_entropic ,       0  ,     0 (*              |              ), 0.00,  0.00,  0.00,  0.00,  0.00
   1 , k_10_0_11_felix_spectral ,       0  ,     0 (*              |              ), 0.00,  0.00,  0.00,  0.00,  0.00
   1 , k_10_0.15_7_felix_spectral ,       0  ,  2000 (*    ----      |              ), 0.00,  0.00,  0.00, 20.00, 33.00
   1 , k_10_0.15_11_felix_2 ,       0  ,  2500 (*     ---      |              ), 0.00,  0.00,  0.00, 22.00, 33.00
   1 , k_10_0.05_5_felix_entropic ,       0  ,     0 (*              |              ), 0.00,  0.00,  0.00,  0.00,  0.00
   1 , k_10_0.1_13_felix_entropic ,       0  ,     0 (*              |              ), 0.00,  0.00,  0.00,  0.00,  0.00
   1 , k_10_0.25_7_felix_2 ,       0  ,  2200 (*    -----     |              ), 0.00,  0.00,  0.00, 18.00, 36.00
   1 , k_10_0.2_5_felix_2 ,       0  ,  1500 (*--------      |              ), 0.00,  0.00,  0.00,  0.00, 33.00
   1 , k_10_0.1_13_felix_spectral ,       0  ,  3600 (*        ---   |              ), 0.00,  0.00,  0.00, 33.00, 43.00
   1 , k_10_0.01_13_felix_entropic ,       0  ,     0 (*              |              ), 0.00,  0.00,  0.00,  0.00,  0.00
   1 , k_10_0.1_5_felix_entropic ,       0  ,     0 (*              |              ), 0.00,  0.00,  0.00,  0.00,  0.00
   1 , k_10_0.05_11_felix_spectral ,       0  ,  2200 (*     -------  |              ), 0.00,  0.00,  0.00, 22.00, 44.00
   1 , k_10_0.05_11_felix_entropic ,       0  ,     0 (*              |              ), 0.00,  0.00,  0.00,  0.00,  0.00
   1 , k_10_0.25_5_felix_entropic ,       0  ,     0 (*              |              ), 0.00,  0.00,  0.00,  0.00,  0.00
   1 , k_10_0.05_7_felix_entropic ,       0  ,     0 (*              |              ), 0.00,  0.00,  0.00,  0.00,  0.00
   1 , k_10_0.01_9_felix_spectral ,       0  ,     0 (*-------       |              ), 0.00,  0.00,  0.00,  0.00, 29.00
   1 , k_10_0.15_9_felix_entropic ,       0  ,     0 (*              |              ), 0.00,  0.00,  0.00,  0.00,  0.00
   1 , k_10_0.01_7_felix_spectral ,       0  ,     0 (*-----         |              ), 0.00,  0.00,  0.00,  0.00, 22.00
   1 , k_10_0.25_7_felix_entropic ,       0  ,     0 (*              |              ), 0.00,  0.00,  0.00,  0.00,  0.00
   1 , k_10_0.15_7_felix_random ,       0  ,  2000 (*    ----      |              ), 0.00,  0.00,  0.00, 17.00, 33.00
   1 , k_10_0.1_11_felix_entropic ,       0  ,     0 (*              |              ), 0.00,  0.00,  0.00,  0.00,  0.00
   1 , k_10_0.2_11_felix_entropic ,       0  ,     0 (*              |              ), 0.00,  0.00,  0.00,  0.00,  0.00
   1 , k_10_0.1_7_felix_entropic ,       0  ,     0 (*              |              ), 0.00,  0.00,  0.00,  0.00,  0.00
   1 , k_10_0_5_felix_random ,       0  ,  1800 (*    -         |              ), 0.00,  0.00,  0.00, 17.00, 22.00
   1 , k_10_0.01_13_felix_where ,       0  ,     0 (*-----         |              ), 0.00,  0.00,  0.00,  0.00, 22.00
   1 , k_10_0_9_felix_spectral ,       0  ,     0 (*              |              ), 0.00,  0.00,  0.00,  0.00,  0.00
   1 , k_10_0.2_13_felix_entropic ,       0  ,     0 (*              |              ), 0.00,  0.00,  0.00,  0.00,  0.00
   1 , k_10_0.01_9_felix_entropic ,       0  ,     0 (*              |              ), 0.00,  0.00,  0.00,  0.00,  0.00
   1 , k_10_0.25_9_felix_where ,       0  ,     0 (*              |              ), 0.00,  0.00,  0.00,  0.00,  0.00
   1 , k_10_0.2_5_felix_entropic ,       0  ,     0 (*              |              ), 0.00,  0.00,  0.00,  0.00,  0.00
   1 , k_10_0.25_9_felix_random ,       0  ,     0 (*---           |              ), 0.00,  0.00,  0.00,  0.00, 14.00
   1 , k_10_0.15_13_felix_where ,       0  ,  2000 (*    ---       |              ), 0.00,  0.00,  0.00, 18.00, 29.00
   1 , k_10_0.25_5_felix_spectral ,       0  ,     0 (*--------      |              ), 0.00,  0.00,  0.00,  0.00, 33.00
   1 , k_10_0.1_7_felix_where ,       0  ,     0 (*----          |              ), 0.00,  0.00,  0.00,  0.00, 20.00
   1 , k_10_0.05_9_felix_spectral ,       0  ,  2000 (*    ------    |              ), 0.00,  0.00,  0.00, 18.00, 40.00
   1 , k_10_0.01_5_felix_entropic ,       0  ,     0 (*              |              ), 0.00,  0.00,  0.00,  0.00,  0.00
   1 , k_10_0.25_13_felix_entropic ,       0  ,     0 (*              |              ), 0.00,  0.00,  0.00,  0.00,  0.00
   2 , k_10_0.2_13_felix_where ,    1200  ,  2000 (   * ----      |              ), 0.00,  0.00, 12.00, 20.00, 33.00
   2 , k_10_0.1_9_felix_random ,    1200  ,  2000 (   * --        |              ), 0.00,  0.00, 12.00, 18.00, 25.00
   3 , k_10_0.05_7_felix_spectral ,    1300  ,  2700 (   *   --      |              ), 0.00,  0.00, 13.00, 25.00, 33.00
   3 , k_10_0.05_5_felix_spectral ,    1300  ,  2200 (   *  ---------|-             ), 0.00,  0.00, 13.00, 22.00, 57.00
   3 , k_10_0.2_11_felix_random ,    1400  ,  2200 (    * --       |              ), 0.00,  0.00, 14.00, 22.00, 29.00
   3 , k_10_0.15_11_felix_spectral ,    1400  ,  2000 (    *----      |              ), 0.00,  0.00, 14.00, 20.00, 31.00
   3 , k_10_0.15_9_felix_where ,    1400  ,  2200 (    * ---      |              ), 0.00,  0.00, 14.00, 22.00, 33.00
   3 , k_10_0.05_11_felix_2 ,    1500  ,  2700 (    *  ------  |              ), 0.00,  0.00, 15.00, 25.00, 44.00
   3 , k_10_0.01_13_felix_spectral ,    1500  ,  2900 (    *------    |              ), 0.00,  0.00, 15.00, 20.00, 40.00
   3 , k_10_0.15_13_felix_spectral ,    1500  ,  2700 (    * -----    |              ), 0.00,  0.00, 15.00, 22.00, 40.00
   3 , k_10_0.2_5_felix_random ,    1500  ,  3300 (    *   ---    |              ), 0.00,  0.00, 15.00, 29.00, 40.00
   3 , k_10_0.25_7_felix_where ,    1500  ,  2400 (    * ----     |              ), 0.00,  0.00, 15.00, 22.00, 36.00
   3 , k_10_0.01_7_felix_kd ,    1500  ,  2500 (    *  ---     |              ), 0.00,  0.00, 15.00, 25.00, 36.00
   3 , k_10_0.15_9_felix_pca ,    1500  ,  2500 (    *  --      |              ), 0.00,  0.00, 15.00, 25.00, 33.00
   3 , k_10_0.1_7_felix_pca ,    1700  ,  2900 (     *------   |              ), 0.00,  0.00, 17.00, 22.00, 43.00
   3 , k_10_0_13_felix_kd ,    1700  ,  2500 (     *----     |              ), 0.00,  0.00, 17.00, 20.00, 36.00
   3 , k_10_0_7_felix_pca ,    1700  ,  2200 (     *--       |              ), 0.00,  0.00, 17.00, 22.00, 29.00
   3 , k_10_0.15_11_felix_pca ,    1700  ,  3100 (     *  -----  |              ), 0.00,  0.00, 17.00, 29.00, 44.00
   3 , k_10_0.01_11_felix_random ,    1700  ,  2500 (     * --      |              ), 0.00,  0.00, 17.00, 25.00, 33.00
   3 , k_10_0.15_13_felix_random ,    1700  ,  2900 (     *-----    |              ), 0.00,  0.00, 17.00, 20.00, 40.00
   3 , k_10_0.25_13_felix_spectral ,    1700  ,  2500 (     *-----    |              ), 0.00,  0.00, 17.00, 22.00, 40.00
   3 , k_10_0.01_13_felix_random ,    1700  ,  2500 (     * ----    |              ), 0.00,  0.00, 17.00, 24.00, 37.00
   3 , k_10_0.1_5_felix_random ,    1700  ,  2500 (---  * ----    |              ), 0.00, 12.00, 17.00, 25.00, 40.00
   3 , k_10_0.05_7_felix_pca ,    1700  ,  2700 (     *---      |              ), 0.00,  0.00, 17.00, 22.00, 33.00
   3 , k_10_0_13_felix_random ,    1700  ,  1600 (---  * ----    |              ), 0.00, 13.00, 17.00, 25.00, 40.00
   3 , k_10_0.15_5_felix_where ,    1700  ,  2200 (     *----     |              ), 0.00,  0.00, 17.00, 22.00, 36.00
   3 , k_10_0_7_felix_random ,    1700  ,  2500 (     *---      |              ), 0.00,  0.00, 17.00, 22.00, 33.00
   3 , k_10_0.05_13_felix_kd ,    1700  ,  2500 (     *-----    |              ), 0.00,  0.00, 17.00, 22.00, 40.00
   3 , k_10_0.05_9_felix_where ,    1800  ,  2200 (     *--       |              ), 0.00,  0.00, 18.00, 22.00, 29.00
   3 , k_10_0.1_9_felix_2 ,    1800  ,  2500 (     *---      |              ), 0.00,  0.00, 18.00, 22.00, 31.00
   3 , k_10_0.1_5_felix_where ,    1800  ,  2900 (---  *-----    |              ), 0.00, 13.00, 18.00, 22.00, 37.00
   3 , k_10_0.15_7_felix_where ,    1800  ,  3100 (     *  -----  |              ), 0.00,  0.00, 18.00, 29.00, 44.00
   3 , k_10_0.01_7_felix_random ,    1800  ,  3100 (     *  ----   |              ), 0.00,  0.00, 18.00, 29.00, 43.00
   3 , k_10_0_9_felix_random ,    1800  ,  3100 (     *  --     |              ), 0.00,  0.00, 18.00, 29.00, 36.00
   3 , k_10_0.2_9_felix_random ,    1800  ,  2500 (     * ----    |              ), 0.00,  0.00, 18.00, 25.00, 40.00
   4 , k_10_0.2_11_felix_pca ,    2000  ,  3600 (     *    ---- |              ), 0.00,  0.00, 20.00, 36.00, 47.00
   4 , k_10_0.05_5_felix_random ,    2000  ,  3300 (---- *  -------|-             ), 0.00, 14.00, 20.00, 30.00, 57.00
   4 , k_10_0.15_9_felix_2 ,    2000  ,  3300 (     *   ----  |              ), 0.00,  0.00, 20.00, 33.00, 44.00
   4 , k_10_0.05_13_felix_where ,    2000  ,  2500 (     * ------  |              ), 0.00,  0.00, 20.00, 25.00, 44.00
   4 , k_10_0.2_7_felix_spectral ,    2000  ,  4000 (---  *    ---- |              ), 0.00, 13.00, 20.00, 36.00, 50.00
   4 , k_10_0_13_felix_2 ,    2000  ,  2300 (-----*   ----- |              ), 0.00, 17.00, 20.00, 33.00, 50.00
   4 , k_10_0.1_5_felix_2 ,    2000  ,  4000 (     *     --- |              ), 0.00,  0.00, 20.00, 40.00, 50.00
   4 , k_10_0.2_7_felix_2 ,    2000  ,  4000 (     *     ----|              ), 0.00,  0.00, 20.00, 40.00, 55.00
   4 , k_10_0.01_5_felix_where ,    2000  ,  2900 (     * ------  |              ), 0.00,  0.00, 20.00, 25.00, 46.00
   4 , k_10_0.01_11_felix_pca ,    2000  ,  3100 (     *  ---    |              ), 0.00,  0.00, 20.00, 29.00, 40.00
   4 , k_10_0.01_9_felix_random ,    2000  ,  2500 (---  *   ----  |              ), 0.00, 12.00, 20.00, 33.00, 46.00
   4 , k_10_0.1_13_felix_where ,    2000  ,  3300 (     *   ----- |              ), 0.00,  0.00, 20.00, 33.00, 50.00
   4 , k_10_0_13_felix_rp ,    2000  ,  2500 (     *-------  |              ), 0.00,  0.00, 20.00, 22.00, 44.00
   4 , k_10_0.01_7_felix_pca ,    2000  ,  3600 (     *   --    |              ), 0.00,  0.00, 20.00, 33.00, 40.00
   4 , k_10_0.1_11_felix_spectral ,    2000  ,  2200 (     *---      |              ), 0.00,  0.00, 20.00, 22.00, 31.00
   4 , k_10_0.05_11_felix_where ,    2000  ,  2500 (     *-----    |              ), 0.00,  0.00, 20.00, 22.00, 40.00
   4 , k_10_0.05_9_felix_2 ,    2000  ,  2300 (-----*    -----|-             ), 0.00, 17.00, 20.00, 36.00, 57.00
   4 , k_10_0.05_9_felix_pca ,    2000  ,  1500 (---- * ----    |              ), 0.00, 15.00, 20.00, 25.00, 40.00
   4 , k_10_0.05_7_felix_random ,    2200  ,  2900 (----- * ---    |              ), 0.00, 20.00, 22.00, 27.00, 40.00
   4 , k_10_0_11_felix_2 ,    2200  ,  1200 (----- * ------ |              ), 0.00, 20.00, 22.00, 29.00, 50.00
   4 , k_10_0.01_11_felix_where ,    2200  ,  3300 (      *  --    |              ), 0.00,  0.00, 22.00, 33.00, 40.00
   4 , k_10_0.01_11_felix_2 ,    2200  ,  3300 (----  *  ----  |              ), 0.00, 14.00, 22.00, 31.00, 44.00
   4 , k_10_0.01_9_felix_2 ,    2200  ,  3300 (      * ------ |              ), 0.00,  0.00, 22.00, 29.00, 50.00
   4 , k_10_0.15_5_felix_random ,    2200  ,  2900 (      *--      |              ), 0.00,  0.00, 22.00, 25.00, 33.00
   4 , k_10_0.1_9_felix_spectral ,    2200  ,  4300 (      *    --- |              ), 0.00,  0.00, 22.00, 40.00, 50.00
   4 , k_10_0.2_9_felix_spectral ,    2200  ,  1500 (----- *  ---   |              ), 0.00, 18.00, 22.00, 33.00, 43.00
   4 , k_10_0.05_5_felix_rp ,    2200  ,  3100 (----  *    --  |              ), 0.00, 15.00, 22.00, 40.00, 46.00
   4 , k_10_0.05_11_felix_random ,    2200  ,  1800 (----  *  -     |              ), 0.00, 15.00, 22.00, 33.00, 35.00
   4 , k_10_0.1_7_felix_2 ,    2200  ,  2500 (----  *    ----|-             ), 0.00, 15.00, 22.00, 40.00, 60.00
   4 , k_10_0.01_9_felix_rp ,    2200  ,  5000 (      *       -|              ), 0.00,  0.00, 22.00, 50.00, 55.00
   4 , k_10_0.15_9_felix_random ,    2200  ,  1100 (----- * -      |              ), 0.00, 18.00, 22.00, 27.00, 33.00
   4 , k_10_0.2_7_felix_pca ,    2200  ,  1700 (----  * ------ |              ), 0.00, 15.00, 22.00, 29.00, 50.00
   4 , k_10_0.2_7_felix_random ,    2200  ,  4000 (      *    ----|-             ), 0.00,  0.00, 22.00, 40.00, 60.00
   4 , k_10_0.25_11_felix_pca ,    2200  ,  2500 (----- *  ------|----          ), 0.00, 17.00, 22.00, 33.00, 67.00
   4 , k_10_0_5_felix_2 ,    2200  ,  2900 (      *------  |              ), 0.00,  0.00, 22.00, 25.00, 44.00
   4 , k_10_0_11_felix_random ,    2400  ,  1900 (----   * --    |              ), 0.00, 14.00, 24.00, 31.00, 37.00
   5 , k_10_0.05_13_felix_pca ,    2500  ,  2300 (----   *  -    |              ), 0.00, 15.00, 25.00, 35.00, 40.00
   5 , k_10_0.01_13_felix_rp ,    2500  ,  4300 (-----  *   ----|----          ), 0.00, 17.00, 25.00, 40.00, 67.00
   5 , k_10_0.15_5_felix_rp ,    2500  ,  2400 (-----  *     --|----          ), 0.00, 20.00, 25.00, 44.00, 67.00
   5 , k_10_0.25_7_felix_random ,    2500  ,  1100 (-----  *-------|              ), 0.00, 20.00, 25.00, 29.00, 55.00
   5 , k_10_0_9_felix_2 ,    2500  ,  2400 (-----  * ------|              ), 0.00, 18.00, 25.00, 33.00, 55.00
   5 , k_10_0.01_9_felix_where ,    2500  ,  1700 (-----  * ----  |              ), 0.00, 20.00, 25.00, 33.00, 44.00
   5 , k_10_0_5_felix_pca ,    2500  ,  3600 (       * ----- |              ), 0.00,  0.00, 25.00, 33.00, 50.00
   5 , k_10_0.2_11_felix_where ,    2500  ,  1900 (-----  * ------|-             ), 0.00, 18.00, 25.00, 31.00, 57.00
   5 , k_10_0_5_felix_rp ,    2500  ,  2900 (----   *  -----|-             ), 0.00, 15.00, 25.00, 36.00, 60.00
   5 , k_10_0.01_5_felix_2 ,    2700  ,  2800 (----    *  ----|              ), 0.00, 14.00, 27.00, 40.00, 54.00
   5 , k_10_0.25_13_felix_random ,    2700  ,  3000 (----    *    --|-             ), 0.00, 15.00, 27.00, 44.00, 57.00
   5 , k_10_0.05_7_felix_2 ,    2700  ,  2100 (-----   * ---- |              ), 0.00, 17.00, 27.00, 35.00, 50.00
   5 , k_10_0.25_11_felix_2 ,    2700  ,  3200 (----    *  ----|              ), 0.00, 15.00, 27.00, 40.00, 55.00
   5 , k_10_0.25_7_felix_rp ,    2900  ,  5000 (----    *    --|-             ), 0.00, 14.00, 29.00, 44.00, 60.00
   5 , k_10_0.01_5_felix_random ,    2900  ,  2000 (------  *  --- |              ), 0.00, 22.00, 29.00, 37.00, 47.00
   5 , k_10_0.15_11_felix_where ,    2900  ,  4600 (-----   *    --|              ), 0.00, 17.00, 29.00, 44.00, 55.00
   5 , k_10_0.25_7_felix_kd ,    2900  ,  3600 (-----   *----  |              ), 0.00, 17.00, 29.00, 33.00, 44.00
   5 , k_10_0.15_9_felix_rp ,    2900  ,  1800 (    --  * ---- |              ),15.00, 22.00, 29.00, 35.00, 50.00
   5 , k_10_0.1_7_felix_rp ,    2900  ,  2000 (------  *  ----|              ), 0.00, 22.00, 29.00, 40.00, 54.00
   5 , k_10_0.2_13_felix_spectral ,    2900  ,  4600 (----    *  ----|              ), 0.00, 15.00, 29.00, 40.00, 53.00
   5 , k_10_0.15_5_felix_spectral ,    2900  ,  2300 (----    * ---  |              ), 0.00, 15.00, 29.00, 36.00, 46.00
   5 , k_10_0_9_felix_rp ,    2900  ,  2800 (-----   *   ---|              ), 0.00, 18.00, 29.00, 43.00, 53.00
   5 , k_10_0.25_9_felix_2 ,    2900  ,  3200 (-----   *  ----|              ), 0.00, 20.00, 29.00, 40.00, 55.00
   5 , k_10_0.05_7_felix_kd ,    2900  ,  3600 (        * -----|-             ), 0.00,  0.00, 29.00, 36.00, 57.00
   5 , k_10_0.1_5_felix_kd ,    2900  ,  3600 (-----   * ---- |              ), 0.00, 18.00, 29.00, 36.00, 50.00
   5 , k_10_0.1_9_felix_kd ,    2900  ,  1600 (------  * --   |              ), 0.00, 22.00, 29.00, 35.00, 43.00
   5 , k_10_0_11_felix_rp ,    2900  ,  3900 (------  *      |--            ), 0.00, 22.00, 29.00, 53.00, 62.00
   5 , k_10_0.05_5_felix_2 ,    2900  ,  2300 (-----   * -----|              ), 0.00, 17.00, 29.00, 36.00, 54.00
   5 , k_10_0.05_11_felix_rp ,    2900  ,  4000 (-----   * ---- |              ), 0.00, 18.00, 29.00, 36.00, 50.00
   6 , k_10_0.15_7_felix_2 ,    3100  ,  1900 (-----    *---  |              ), 0.00, 20.00, 31.00, 33.00, 44.00
   6 , k_10_0.15_9_felix_kd ,    3100  ,  2200 (-------  *   --|-             ), 0.00, 24.00, 31.00, 44.00, 57.00
   6 , k_10_0.15_5_felix_pca ,    3100  ,  1700 (   ----- * ----|--            ),13.00, 27.00, 31.00, 40.00, 62.00
   6 , k_10_0.2_7_felix_where ,    3100  ,  2300 (-----    * --- |              ), 0.00, 17.00, 31.00, 40.00, 50.00
   6 , k_10_0.1_13_felix_2 ,    3100  ,  2400 (-------  *   --|-             ), 0.00, 25.00, 31.00, 44.00, 57.00
   6 , k_10_0.25_11_felix_random ,    3100  ,  1800 (------   * --- |              ), 0.00, 22.00, 31.00, 40.00, 50.00
   6 , k_10_0.05_5_felix_pca ,    3100  ,  1800 (------   *---  |              ), 0.00, 22.00, 31.00, 36.00, 44.00
   6 , k_10_0.25_7_felix_pca ,    3100  ,  3000 (     --- *    -|----          ),18.00, 29.00, 31.00, 50.00, 67.00
   6 , k_10_0_7_felix_rp ,    3100  ,  4000 (---      * ----|-------       ), 0.00, 13.00, 31.00, 40.00, 77.00
   6 , k_10_0_13_felix_pca ,    3200  ,  2000 (------   * --- |              ), 0.00, 22.00, 32.00, 37.00, 50.00
   6 , k_10_0.1_9_felix_pca ,    3200  ,  1500 (   ----  * ----|              ),11.00, 25.00, 32.00, 40.00, 53.00
   6 , k_10_0_11_felix_kd ,    3300  ,  2800 (-----    * --- |              ), 0.00, 18.00, 33.00, 40.00, 50.00
   6 , k_10_0.2_11_felix_2 ,    3300  ,  1600 (     -   *-----|--            ),17.00, 22.00, 33.00, 36.00, 61.00
   6 , k_10_0.05_11_felix_pca ,    3300  ,  2000 (------   * ----|              ), 0.00, 22.00, 33.00, 37.00, 53.00
   6 , k_10_0_7_felix_kd ,    3300  ,  2600 (   ----  *    -|              ),12.00, 25.00, 33.00, 47.00, 53.00
   6 , k_10_0.15_13_felix_kd ,    3300  ,  2100 (-------  * ----|              ), 0.00, 25.00, 33.00, 40.00, 53.00
   6 , k_10_0.1_5_felix_rp ,    3300  ,  3100 (-----    * ----|--            ), 0.00, 20.00, 33.00, 40.00, 63.00
   6 , k_10_0.25_13_felix_2 ,    3300  ,  3000 (------   *   --|----          ), 0.00, 22.00, 33.00, 46.00, 67.00
   6 , k_10_0.1_7_felix_random ,    3300  ,  2200 (   ---   *-----|              ),11.00, 22.00, 33.00, 36.00, 54.00
   6 , k_10_0.2_11_felix_rp ,    3300  ,  3300 (     --  *    -|----          ),18.00, 25.00, 33.00, 50.00, 67.00
   6 , k_10_0.1_11_felix_2 ,    3300  ,  3000 (------   *    -|-             ), 0.00, 22.00, 33.00, 50.00, 60.00
   6 , k_10_0.1_13_felix_rp ,    3300  ,  2900 (-----    *  ---|--            ), 0.00, 18.00, 33.00, 42.00, 62.00
   6 , k_10_0.01_9_felix_pca ,    3300  ,  2500 (     --- *   --|-             ),20.00, 29.00, 33.00, 46.00, 57.00
   6 , k_10_0.05_5_felix_kd ,    3300  ,  1500 (    ---- * --- |              ),14.00, 27.00, 33.00, 40.00, 50.00
   7 , k_10_0.01_9_felix_kd ,    3500  ,  1300 (     ---  *----|-             ),18.00, 29.00, 35.00, 40.00, 57.00
   7 , k_10_0.1_13_felix_random ,    3600  ,  1800 (    ----  *--- |              ),14.00, 27.00, 36.00, 40.00, 50.00
   7 , k_10_0.15_11_felix_kd ,    3600  ,  1500 (   -----  *  --|-             ),13.00, 29.00, 36.00, 44.00, 60.00
   7 , k_10_0.15_13_felix_rp ,    3600  ,  3700 (--------  *    | ------       ), 0.00, 29.00, 36.00, 60.00, 77.00
   7 , k_10_0.1_11_felix_kd ,    3600  ,  3000 (   --     *   -|----          ),12.00, 20.00, 36.00, 47.00, 67.00
   7 , k_10_0.05_13_felix_random ,    3600  ,  1400 (      --  * -- |              ),22.00, 29.00, 36.00, 43.00, 50.00
   7 , k_10_0.1_9_felix_rp ,    3600  ,  3900 (------    *   -|-----         ), 0.00, 22.00, 36.00, 50.00, 71.00
   7 , k_10_0.2_13_felix_kd ,    3600  ,  2500 (     --   *   -|----          ),18.00, 25.00, 36.00, 50.00, 67.00
   7 , k_10_0.1_11_felix_random ,    3600  ,  1800 (    ---   * -- |              ),15.00, 25.00, 36.00, 42.00, 50.00
   7 , k_10_0.25_5_felix_2 ,    3600  ,  1900 (     ---- *  --|----          ),18.00, 33.00, 36.00, 44.00, 67.00
   7 , k_10_0.15_11_felix_rp ,    3700  ,  3300 (   ----    *  -|----          ),13.00, 25.00, 37.00, 47.00, 67.00
   7 , k_10_0.01_11_felix_kd ,    3700  ,  1800 (     --    *---|              ),20.00, 25.00, 37.00, 42.00, 53.00
   7 , k_10_0.25_5_felix_where ,    3700  ,  1300 (---------  *---|              ), 0.00, 31.00, 37.00, 40.00, 55.00
   7 , k_10_0.2_9_felix_rp ,    3700  ,  2400 (     ----  *---|----          ),18.00, 31.00, 37.00, 43.00, 67.00
   7 , k_10_0.05_7_felix_rp ,    3700  ,  3500 (--------   *   | ---          ), 0.00, 29.00, 37.00, 57.00, 67.00
   7 , k_10_0.1_13_felix_pca ,    4000  ,  2600 (       --- *   |----          ),24.00, 36.00, 40.00, 53.00, 67.00
   7 , k_10_0.01_13_felix_pca ,    4000  ,  3100 (     --    *  -|--            ),17.00, 25.00, 40.00, 50.00, 61.00
   7 , k_10_0.2_5_felix_rp ,    4000  ,  1700 (     ----  *  -|----          ),17.00, 33.00, 40.00, 50.00, 67.00
   7 , k_10_0.2_13_felix_random ,    4000  ,  1900 (        -  *  -|----          ),27.00, 31.00, 40.00, 50.00, 67.00
   7 , k_10_0.15_5_felix_2 ,    4000  ,  2100 (--------   * --|-             ), 0.00, 29.00, 40.00, 46.00, 57.00
   7 , k_10_0.2_5_felix_pca ,    4000  ,  2500 (    ---    * --|----          ),15.00, 25.00, 40.00, 46.00, 67.00
   7 , k_10_0.1_11_felix_rp ,    4000  ,  2500 (     ----  *   |----          ),18.00, 33.00, 40.00, 53.00, 70.00
   7 , k_10_0.2_13_felix_pca ,    4000  ,  2100 (---------  *  -|--            ), 0.00, 33.00, 40.00, 50.00, 62.00
   7 , k_10_0_13_felix_where ,    4000  ,  2100 (     ----  * - |              ),18.00, 31.00, 40.00, 44.00, 50.00
   7 , k_10_0.25_13_felix_rp ,    4000  ,  2200 (     ----  *  -|----          ),18.00, 33.00, 40.00, 50.00, 67.00
   7 , k_10_0_9_felix_pca ,    4000  ,  2400 (      ---  *  -|-             ),22.00, 31.00, 40.00, 50.00, 60.00
   7 , k_10_0.15_13_felix_2 ,    4000  ,  1700 (     ----  *  -|-----         ),17.00, 33.00, 40.00, 47.00, 73.00
   7 , k_10_0.2_9_felix_where ,    4000  ,  2500 (     ---   * --|--            ),17.00, 27.00, 40.00, 46.00, 62.00
   7 , k_10_0.05_11_felix_kd ,    4000  ,  1900 (       --- *   |-             ),25.00, 36.00, 40.00, 53.00, 60.00
   7 , k_10_0.25_5_felix_rp ,    4300  ,  2800 (---------   * -|--            ), 0.00, 33.00, 43.00, 50.00, 63.00
   7 , k_10_0_11_felix_pca ,    4300  ,  2800 (--------    *  | ---          ), 0.00, 29.00, 43.00, 57.00, 67.00
   7 , k_10_0.25_5_felix_pca ,    4300  ,  3100 (     ----   *  |----          ),19.00, 31.00, 43.00, 55.00, 67.00
   7 , k_10_0.25_13_felix_pca ,    4300  ,  1200 (     -----  *--|              ),20.00, 36.00, 43.00, 44.00, 54.00
   7 , k_10_0.25_7_felix_spectral ,    4300  ,  2800 (-------     * -|--            ), 0.00, 25.00, 43.00, 50.00, 61.00
   7 , k_10_0.15_7_felix_pca ,    4300  ,  3300 (   ----     *  |----          ),13.00, 25.00, 43.00, 53.00, 67.00
   7 , k_10_0_13_felix_spectral ,    4300  ,  2100 (---------   * -|              ), 0.00, 33.00, 43.00, 48.00, 53.00
   8 , k_10_0.1_7_felix_kd ,    4400  ,  2400 (    ------   * | ---          ),15.00, 36.00, 44.00, 57.00, 67.00
   8 , k_10_0.2_13_felix_2 ,    4400  ,  1600 (    -------  * |----          ),15.00, 37.00, 44.00, 53.00, 67.00
   8 , k_10_0.1_13_felix_kd ,    4400  ,  2500 (     ----    * |----          ),20.00, 33.00, 44.00, 55.00, 67.00
   8 , k_10_0.25_9_felix_rp ,    4400  ,  2600 (      ----   * |----          ),22.00, 36.00, 44.00, 53.00, 67.00
   8 , k_10_0.01_7_felix_rp ,    4400  ,  2700 (    -----    * | --           ),15.00, 33.00, 44.00, 59.00, 64.00
   8 , k_10_0.05_9_felix_rp ,    4600  ,  3400 (------       * |----          ), 0.00, 22.00, 46.00, 55.00, 67.00
   8 , k_10_0.01_13_felix_kd ,    4600  ,  2400 (      -----  * | ----         ),22.00, 40.00, 46.00, 57.00, 73.00
   8 , k_10_0.05_9_felix_kd ,    4700  ,  1700 (         --   *|-             ),31.00, 37.00, 47.00, 53.00, 57.00
   8 , k_10_0.1_9_felix_where ,    4800  ,  2200 (     -----    *| ---          ),17.00, 36.00, 48.00, 57.00, 67.00
   9 , k_10_0.01_11_felix_rp ,    5000  ,  1700 (     -------  *|-----         ),20.00, 43.00, 50.00, 55.00, 71.00
   9 , k_10_0.2_11_felix_kd ,    5000  ,  2800 (       ------ *|    ---       ),24.00, 44.00, 50.00, 67.00, 80.00
   9 , k_10_0.25_11_felix_kd ,    5000  ,  2000 (        ---   *| ---          ),29.00, 40.00, 50.00, 57.00, 67.00
   9 , k_10_0.15_7_felix_kd ,    5000  ,  2000 (         --   *| ------       ),33.00, 40.00, 50.00, 57.00, 78.00
   9 , k_10_0.2_9_felix_2 ,    5000  ,  3100 (      ------  *|  ----        ),22.00, 42.00, 50.00, 61.00, 75.00
   9 , k_10_0.01_5_felix_kd ,    5000  ,  2800 (--------      *| -            ), 0.00, 29.00, 50.00, 57.00, 62.00
   9 , k_10_0.2_5_felix_kd ,    5300  ,  1700 (          ---- * ---          ),36.00, 47.00, 53.00, 59.00, 67.00
   9 , k_10_0.15_5_felix_kd ,    5300  ,  2400 (     -----     * ----         ),18.00, 36.00, 53.00, 60.00, 73.00
   9 , k_10_0_7_felix_2 ,    5300  ,  1600 (          ---  * ---          ),35.00, 46.00, 53.00, 60.00, 70.00
   9 , k_10_0.25_13_felix_kd ,    5300  ,  2400 (----------     * ---          ), 0.00, 36.00, 53.00, 57.00, 67.00
   9 , k_10_0.25_9_felix_pca ,    5300  ,  2100 (       ------- *     ---      ),24.00, 50.00, 53.00, 71.00, 83.00
   9 , k_10_0.2_9_felix_pca ,    5300  ,  1900 (         ----  *  ---         ),33.00, 46.00, 53.00, 62.00, 71.00
   9 , k_10_0.25_11_felix_rp ,    5500  ,  2400 (      -------  |*   -         ),22.00, 44.00, 55.00, 67.00, 71.00
   9 , k_10_0_5_felix_kd ,    5500  ,  1900 (      -------  |* ---         ),22.00, 44.00, 55.00, 62.00, 73.00
   9 , k_10_0.05_13_felix_rp ,    5600  ,  1900 (        -----  |* --          ),29.00, 46.00, 56.00, 62.00, 70.00
   9 , k_10_0.2_7_felix_kd ,    5600  ,  2000 (         ----- |*   ---       ),33.00, 50.00, 56.00, 67.00, 77.00
   9 , k_10_0.2_13_felix_rp ,    5600  ,  1700 (         ----  |*----         ),31.00, 44.00, 56.00, 60.00, 71.00
   9 , k_10_0.15_13_felix_pca ,    5700  ,  1200 (          ---- | *--          ),36.00, 50.00, 57.00, 61.00, 67.00
   9 , k_10_0.2_9_felix_kd ,    5700  ,  2500 (            -  | *  ---       ),43.00, 46.00, 57.00, 67.00, 80.00
   9 , k_10_0.15_7_felix_rp ,    5700  ,  3100 (     ------    | *  --        ),18.00, 40.00, 57.00, 67.00, 75.00
   9 , k_10_0.2_7_felix_rp ,    5700  ,  2300 (        -----  | *  ---       ),29.00, 44.00, 57.00, 67.00, 77.00
  10 , k_10_0_9_felix_kd ,    6000  ,  1400 (           ----| *  -         ),40.00, 55.00, 60.00, 67.00, 71.00
  10 , k_10_0.25_9_felix_kd ,    6000  ,  2500 (          ---- | *  ----      ),36.00, 50.00, 60.00, 67.00, 82.00
  10 , k_10_0.25_5_felix_kd ,    6200  ,  1800 (             --|- *  --       ),44.00, 57.00, 62.00, 71.00, 80.00
