rank ,         name ,    med   ,  iqr 
----------------------------------------------------
   1 , k_3_0.05_11_hive_entropic ,    7500  ,   400 (    - * --     |              ),73.00, 74.00, 75.00, 77.00, 79.00
   1 , k_3_0.05_7_hive_entropic ,    7600  ,   400 (    -  * --    |              ),73.00, 74.00, 76.00, 78.00, 80.00
   1 , k_3_0.01_11_hive_entropic ,    7600  ,   300 (     - * -     |              ),74.00, 75.00, 76.00, 78.00, 79.00
   1 , k_3_0.05_13_hive_entropic ,    7600  ,   300 (     - * --    |              ),74.00, 75.00, 76.00, 78.00, 80.00
   2 , k_3_0.2_13_hive_entropic ,    7700  ,   300 (     -- * --   |              ),74.00, 76.00, 77.00, 79.00, 81.00
   2 , k_3_0.25_11_hive_entropic ,    7700  ,   400 (      - * ---  |              ),75.00, 76.00, 77.00, 79.00, 82.00
   2 , k_3_0_5_hive_entropic ,    7800  ,   300 (      -  *--   |              ),75.00, 76.00, 78.00, 78.00, 81.00
   2 , k_3_0.15_9_hive_entropic ,    7800  ,   400 (      -  *--   |              ),75.00, 76.00, 78.00, 79.00, 81.00
   2 , k_3_0.1_13_hive_entropic ,    7800  ,   200 (     --- *-    |              ),74.00, 77.00, 78.00, 79.00, 80.00
   2 , k_3_0.25_9_hive_entropic ,    7800  ,   200 (      -- *-    |              ),75.00, 77.00, 78.00, 79.00, 80.00
   2 , k_3_0.15_13_hive_entropic ,    7800  ,   200 (     --- *---  |              ),74.00, 77.00, 78.00, 79.00, 82.00
   2 , k_3_0.15_11_hive_entropic ,    7800  ,   300 (       - * --  |              ),76.00, 77.00, 78.00, 80.00, 82.00
   2 , k_3_0.01_9_hive_entropic ,    7800  ,   200 (     --  *-    |              ),74.00, 76.00, 78.00, 78.00, 80.00
   3 , k_3_0_11_hive_entropic ,    7900  ,   200 (       -- *-   |              ),76.00, 78.00, 79.00, 80.00, 81.00
   3 , k_3_0.2_9_hive_entropic ,    7900  ,   300 (       -- *-   |              ),76.00, 78.00, 79.00, 80.00, 81.00
   3 , k_3_0_7_hive_entropic ,    7900  ,   200 (       -- *--  |              ),76.00, 78.00, 79.00, 80.00, 82.00
   3 , k_3_0_13_hive_entropic ,    7900  ,   300 (     ---  *-   |              ),74.00, 77.00, 79.00, 80.00, 81.00
   3 , k_3_0.01_13_hive_entropic ,    7900  ,   200 (        --*--- |              ),77.00, 79.00, 79.00, 80.00, 84.00
   3 , k_3_0.25_13_hive_entropic ,    7900  ,   400 (        - *  - |              ),77.00, 78.00, 79.00, 82.00, 83.00
   3 , k_3_0.2_11_hive_entropic ,    7900  ,   300 (       -  *--- |              ),76.00, 77.00, 79.00, 80.00, 83.00
   3 , k_3_0.05_5_hive_entropic ,    7900  ,   300 (      --  *--  |              ),75.00, 77.00, 79.00, 79.00, 82.00
   3 , k_3_0.15_5_hive_entropic ,    7900  ,   200 (      --- *--  |              ),75.00, 78.00, 79.00, 80.00, 82.00
   3 , k_3_0.25_7_hive_entropic ,    7900  ,   500 (   ---    *--  |              ),72.00, 75.00, 79.00, 80.00, 82.00
   3 , k_3_0.1_7_hive_entropic ,    7900  ,   400 (      --  * -- |              ),75.00, 77.00, 79.00, 81.00, 83.00
   4 , k_3_0.1_11_hive_entropic ,    8000  ,   400 (        -- * - |              ),77.00, 79.00, 80.00, 82.00, 83.00
   4 , k_3_0.2_5_hive_entropic ,    8000  ,   300 (         - * - |              ),78.00, 79.00, 80.00, 82.00, 83.00
   4 , k_3_0_9_hive_entropic ,    8000  ,   400 (      --   *-  |              ),75.00, 77.00, 80.00, 80.00, 82.00
   4 , k_3_0.01_7_hive_entropic ,    8000  ,   300 (         - * - |              ),78.00, 79.00, 80.00, 82.00, 83.00
   4 , k_3_0.05_9_hive_entropic ,    8000  ,   500 (      --   *-- |              ),75.00, 77.00, 80.00, 81.00, 83.00
   4 , k_3_0.2_7_hive_entropic ,    8000  ,   400 (     ---   *   |              ),74.00, 77.00, 80.00, 80.00, 81.00
   4 , k_3_0.01_5_hive_entropic ,    8000  ,   300 (           *-  |              ),78.00, 78.00, 80.00, 81.00, 82.00
   4 , k_3_0.15_7_hive_entropic ,    8000  ,   400 (        -  *-- |              ),77.00, 78.00, 80.00, 81.00, 83.00
   5 , k_3_0.1_9_hive_entropic ,    8100  ,   400 (         -  *  |              ),78.00, 79.00, 81.00, 83.00, 84.00
   5 , k_3_0.1_5_hive_entropic ,    8100  ,   200 (         -- *  |              ),78.00, 80.00, 81.00, 82.00, 82.00
   5 , k_3_0.25_5_hive_entropic ,    8100  ,   300 (          - *- |              ),79.00, 80.00, 81.00, 82.00, 84.00
   6 , k_3_0_11_hive_where ,    9400  ,   200 (               |      --* -   ),92.00, 94.00, 94.00, 96.00, 97.00
   6 , k_3_0_5_hive_spectral ,    9400  ,   300 (               |        *     ),93.00, 93.00, 94.00, 96.00, 96.00
   6 , k_3_0.1_7_hive_where ,    9500  ,   200 (               |      -- *    ),92.00, 94.00, 95.00, 96.00, 96.00
   6 , k_3_0.01_13_hive_spectral ,    9500  ,   200 (               |       - *-   ),93.00, 94.00, 95.00, 96.00, 97.00
   6 , k_3_0.01_13_hive_where ,    9500  ,   200 (               |       - *-   ),93.00, 94.00, 95.00, 96.00, 97.00
   6 , k_3_0.05_11_hive_spectral ,    9500  ,   200 (               |       --*    ),93.00, 95.00, 95.00, 96.00, 96.00
   6 , k_3_0.1_5_hive_random ,    9500  ,   200 (               |       - *-   ),93.00, 94.00, 95.00, 96.00, 97.00
   6 , k_3_0.1_5_hive_spectral ,    9500  ,   200 (               |       - *-   ),93.00, 94.00, 95.00, 96.00, 97.00
   6 , k_3_0.01_7_hive_spectral ,    9500  ,   100 (               |       - *-   ),93.00, 94.00, 95.00, 95.00, 97.00
   6 , k_3_0.01_13_hive_random ,    9500  ,   200 (               |       - *-   ),93.00, 94.00, 95.00, 96.00, 97.00
   6 , k_3_0.2_13_hive_spectral ,    9500  ,   100 (               |        -*    ),94.00, 95.00, 95.00, 96.00, 96.00
   6 , k_3_0_7_hive_spectral ,    9500  ,   200 (               |       - *-   ),93.00, 94.00, 95.00, 96.00, 97.00
   6 , k_3_0.1_7_hive_random ,    9500  ,   100 (               |        -*--  ),94.00, 95.00, 95.00, 96.00, 98.00
   6 , k_3_0_5_hive_random ,    9500  ,   300 (               |         *-   ),93.00, 93.00, 95.00, 96.00, 97.00
   6 , k_3_0_5_hive_where ,    9500  ,   200 (               |       - *    ),93.00, 94.00, 95.00, 96.00, 96.00
   6 , k_3_0.25_9_hive_where ,    9500  ,   200 (               |        -*-   ),94.00, 95.00, 95.00, 96.00, 97.00
   6 , k_3_0.01_9_hive_spectral ,    9500  ,   100 (               |       --*-   ),93.00, 95.00, 95.00, 96.00, 97.00
   6 , k_3_0.1_9_hive_spectral ,    9500  ,   200 (               |       - *-   ),93.00, 94.00, 95.00, 96.00, 97.00
   6 , k_3_0.01_5_hive_spectral ,    9500  ,   200 (               |       - *-   ),93.00, 94.00, 95.00, 95.00, 97.00
   6 , k_3_0.01_11_hive_random ,    9500  ,   300 (               |       - * -  ),93.00, 94.00, 95.00, 97.00, 98.00
   6 , k_3_0.1_11_hive_spectral ,    9500  ,   200 (               |       - *-   ),93.00, 94.00, 95.00, 96.00, 97.00
   6 , k_3_0.01_7_hive_random ,    9500  ,   200 (               |       --* -  ),93.00, 95.00, 95.00, 97.00, 98.00
   6 , k_3_0_7_hive_random ,    9500  ,   200 (               |       - *-   ),93.00, 94.00, 95.00, 96.00, 97.00
   6 , k_3_0.01_5_hive_where ,    9500  ,   200 (               |      -- *-   ),92.00, 94.00, 95.00, 96.00, 97.00
   6 , k_3_0.1_9_hive_where ,    9500  ,   100 (               |       - *    ),93.00, 94.00, 95.00, 95.00, 96.00
   6 , k_3_0_9_hive_random ,    9500  ,   100 (               |        -*    ),94.00, 95.00, 95.00, 96.00, 96.00
   6 , k_3_0.05_9_hive_where ,    9500  ,   200 (               |       - *    ),93.00, 94.00, 95.00, 96.00, 96.00
   7 , k_3_0.25_11_hive_where ,    9600  ,   100 (               |         -*-  ),95.00, 96.00, 96.00, 97.00, 98.00
   7 , k_3_0.15_13_hive_random ,    9600  ,   200 (               |        --*   ),94.00, 96.00, 96.00, 97.00, 97.00
   7 , k_3_0.1_7_hive_spectral ,    9600  ,   100 (               |        - *   ),94.00, 95.00, 96.00, 96.00, 97.00
   7 , k_3_0.05_13_hive_spectral ,    9600  ,   100 (               |        --*-  ),94.00, 96.00, 96.00, 97.00, 98.00
   7 , k_3_0.01_5_hive_random ,    9600  ,   100 (               |        - *   ),94.00, 95.00, 96.00, 96.00, 97.00
   7 , k_3_0.01_13_hive_kd ,    9600  ,   100 (               |         -*   ),95.00, 96.00, 96.00, 97.00, 97.00
   7 , k_3_0.01_9_hive_where ,    9600  ,   200 (               |       -- *-  ),93.00, 95.00, 96.00, 97.00, 98.00
   7 , k_3_0.25_7_hive_random ,    9600  ,   200 (               |        --*-  ),94.00, 96.00, 96.00, 97.00, 98.00
   7 , k_3_0_13_hive_random ,    9600  ,   200 (               |          *-  ),95.00, 95.00, 96.00, 97.00, 98.00
   7 , k_3_0.25_13_hive_rp ,    9600  ,   200 (               |        --*-  ),94.00, 96.00, 96.00, 97.00, 98.00
   7 , k_3_0.05_13_hive_where ,    9600  ,   100 (               |        - *   ),94.00, 95.00, 96.00, 96.00, 97.00
   7 , k_3_0.01_13_hive_2 ,    9600  ,   100 (               |         -*   ),95.00, 96.00, 96.00, 97.00, 97.00
   7 , k_3_0.05_5_hive_kd ,    9600  ,   200 (               |         -*-  ),95.00, 96.00, 96.00, 97.00, 98.00
   7 , k_3_0.01_7_hive_where ,    9600  ,   200 (               |       -- *   ),93.00, 95.00, 96.00, 96.00, 97.00
   7 , k_3_0.15_9_hive_random ,    9600  ,   200 (               |         -*-  ),95.00, 96.00, 96.00, 97.00, 98.00
   7 , k_3_0.05_11_hive_rp ,    9600  ,   300 (               |         -*-  ),95.00, 96.00, 96.00, 97.00, 98.00
   7 , k_3_0_13_hive_spectral ,    9600  ,   200 (               |        - *   ),94.00, 95.00, 96.00, 97.00, 97.00
   7 , k_3_0.1_13_hive_spectral ,    9600  ,   100 (               |        - *   ),94.00, 95.00, 96.00, 96.00, 97.00
   7 , k_3_0.25_11_hive_spectral ,    9600  ,   200 (               |        - *-  ),94.00, 95.00, 96.00, 97.00, 98.00
   7 , k_3_0.05_13_hive_kd ,    9600  ,   100 (               |         -*-  ),95.00, 96.00, 96.00, 97.00, 98.00
   7 , k_3_0.15_5_hive_random ,    9600  ,   200 (               |       -- *   ),93.00, 95.00, 96.00, 97.00, 97.00
   7 , k_3_0.01_5_hive_rp ,    9600  ,   200 (               |        - *-  ),94.00, 95.00, 96.00, 97.00, 98.00
   7 , k_3_0.01_11_hive_rp ,    9600  ,   200 (               |         -*-- ),95.00, 96.00, 96.00, 97.00, 99.00
   7 , k_3_0.15_7_hive_where ,    9600  ,   300 (               |       -- *   ),93.00, 95.00, 96.00, 97.00, 97.00
   7 , k_3_0.01_11_hive_spectral ,    9600  ,   200 (               |        - *-  ),94.00, 95.00, 96.00, 97.00, 98.00
   7 , k_3_0.25_9_hive_pca ,    9600  ,   200 (               |         -* - ),95.00, 96.00, 96.00, 98.00, 99.00
   7 , k_3_0.1_13_hive_random ,    9600  ,   200 (               |        - *-  ),94.00, 95.00, 96.00, 97.00, 98.00
   7 , k_3_0.2_9_hive_spectral ,    9600  ,   200 (               |        - *-  ),94.00, 95.00, 96.00, 97.00, 98.00
   7 , k_3_0.05_9_hive_random ,    9600  ,   100 (               |        --*-  ),94.00, 96.00, 96.00, 97.00, 98.00
   7 , k_3_0.25_13_hive_random ,    9600  ,   200 (               |          *-  ),95.00, 95.00, 96.00, 97.00, 98.00
   7 , k_3_0.25_7_hive_spectral ,    9600  ,   200 (               |        - *-  ),94.00, 95.00, 96.00, 96.00, 98.00
   7 , k_3_0.15_13_hive_where ,    9600  ,   200 (               |        - *-  ),94.00, 95.00, 96.00, 97.00, 98.00
   7 , k_3_0_9_hive_where ,    9600  ,   100 (               |        - *   ),94.00, 95.00, 96.00, 96.00, 97.00
   7 , k_3_0_11_hive_spectral ,    9600  ,   200 (               |      --- *   ),92.00, 95.00, 96.00, 96.00, 97.00
   7 , k_3_0.25_13_hive_spectral ,    9600  ,   300 (               |          *   ),95.00, 95.00, 96.00, 98.00, 98.00
   7 , k_3_0.05_5_hive_spectral ,    9600  ,   200 (               |        - *-  ),94.00, 95.00, 96.00, 97.00, 98.00
   7 , k_3_0.25_7_hive_where ,    9600  ,   300 (               |        - *-  ),94.00, 95.00, 96.00, 97.00, 98.00
   7 , k_3_0.05_9_hive_spectral ,    9600  ,   200 (               |        - *   ),94.00, 95.00, 96.00, 96.00, 97.00
   7 , k_3_0_13_hive_where ,    9600  ,   100 (               |        - *   ),94.00, 95.00, 96.00, 96.00, 97.00
   7 , k_3_0_11_hive_rp ,    9600  ,   200 (               |        - *   ),94.00, 95.00, 96.00, 96.00, 97.00
   7 , k_3_0.1_5_hive_where ,    9600  ,   100 (               |        - *   ),94.00, 95.00, 96.00, 96.00, 97.00
   7 , k_3_0.05_7_hive_spectral ,    9600  ,   200 (               |        - *-  ),94.00, 95.00, 96.00, 97.00, 98.00
   7 , k_3_0.25_9_hive_kd ,    9600  ,   200 (               |        --*-  ),94.00, 96.00, 96.00, 97.00, 98.00
   7 , k_3_0_9_hive_spectral ,    9600  ,   300 (               |       -- *   ),93.00, 95.00, 96.00, 97.00, 97.00
   7 , k_3_0.15_7_hive_spectral ,    9600  ,   200 (               |       ---*-  ),93.00, 96.00, 96.00, 97.00, 98.00
   7 , k_3_0.2_11_hive_random ,    9600  ,   100 (               |         -*-  ),95.00, 96.00, 96.00, 97.00, 98.00
   7 , k_3_0.25_5_hive_rp ,    9600  ,   100 (               |         -*-  ),95.00, 96.00, 96.00, 97.00, 98.00
   7 , k_3_0.2_13_hive_kd ,    9600  ,   200 (               |         -* - ),95.00, 96.00, 96.00, 98.00, 99.00
   7 , k_3_0.1_9_hive_random ,    9600  ,   200 (               |        --*   ),94.00, 96.00, 96.00, 97.00, 97.00
   7 , k_3_0.05_11_hive_where ,    9600  ,   200 (               |       -- *-  ),93.00, 95.00, 96.00, 97.00, 98.00
   7 , k_3_0.01_9_hive_2 ,    9600  ,   100 (               |         -*-  ),95.00, 96.00, 96.00, 97.00, 98.00
   7 , k_3_0.15_9_hive_spectral ,    9600  ,   200 (               |        --*   ),94.00, 96.00, 96.00, 97.00, 97.00
   7 , k_3_0.25_11_hive_random ,    9600  ,   300 (               |        - *-  ),94.00, 95.00, 96.00, 97.00, 98.00
   7 , k_3_0.15_11_hive_where ,    9600  ,   200 (               |        --*-  ),94.00, 96.00, 96.00, 97.00, 98.00
   7 , k_3_0.2_13_hive_2 ,    9600  ,   300 (               |         -*-  ),95.00, 96.00, 96.00, 97.00, 98.00
   7 , k_3_0.2_9_hive_where ,    9600  ,   200 (               |          *-  ),95.00, 95.00, 96.00, 97.00, 98.00
   7 , k_3_0_11_hive_random ,    9600  ,   100 (               |      --- *   ),92.00, 95.00, 96.00, 96.00, 97.00
   7 , k_3_0.05_7_hive_where ,    9600  ,   300 (               |          *   ),94.00, 94.00, 96.00, 96.00, 97.00
   7 , k_3_0.25_9_hive_spectral ,    9600  ,   200 (               |        - *   ),94.00, 95.00, 96.00, 97.00, 97.00
   7 , k_3_0.01_11_hive_where ,    9600  ,   300 (               |        - *   ),94.00, 95.00, 96.00, 97.00, 97.00
   7 , k_3_0_7_hive_where ,    9600  ,   200 (               |        - *   ),94.00, 95.00, 96.00, 96.00, 97.00
   7 , k_3_0_5_hive_kd ,    9600  ,   200 (               |          *-  ),95.00, 95.00, 96.00, 97.00, 98.00
   7 , k_3_0_7_hive_rp ,    9600  ,   200 (               |        --*-  ),94.00, 96.00, 96.00, 97.00, 98.00
   7 , k_3_0.15_5_hive_spectral ,    9600  ,   200 (               |        - *-  ),94.00, 95.00, 96.00, 97.00, 98.00
   7 , k_3_0.15_13_hive_spectral ,    9600  ,   200 (               |         -*-  ),95.00, 96.00, 96.00, 97.00, 98.00
   7 , k_3_0.05_7_hive_random ,    9600  ,   100 (               |        - *   ),94.00, 95.00, 96.00, 96.00, 97.00
   7 , k_3_0.2_5_hive_spectral ,    9600  ,   200 (               |        - *-  ),94.00, 95.00, 96.00, 97.00, 98.00
   7 , k_3_0.2_13_hive_where ,    9600  ,   100 (               |         -*   ),95.00, 96.00, 96.00, 97.00, 97.00
   7 , k_3_0.01_9_hive_random ,    9600  ,   200 (               |         -*-  ),95.00, 96.00, 96.00, 97.00, 98.00
   7 , k_3_0.2_7_hive_spectral ,    9600  ,   200 (               |        - *-  ),94.00, 95.00, 96.00, 97.00, 98.00
   7 , k_3_0.05_11_hive_random ,    9600  ,   200 (               |        - *-  ),94.00, 95.00, 96.00, 96.00, 98.00
   7 , k_3_0.15_11_hive_spectral ,    9600  ,   200 (               |        - *-- ),94.00, 95.00, 96.00, 97.00, 99.00
   7 , k_3_0.2_11_hive_spectral ,    9600  ,   200 (               |        - *-  ),94.00, 95.00, 96.00, 97.00, 98.00
   7 , k_3_0.1_11_hive_random ,    9600  ,   200 (               |       -- *-  ),93.00, 95.00, 96.00, 97.00, 98.00
   7 , k_3_0.25_5_hive_spectral ,    9600  ,   300 (               |         -*   ),95.00, 96.00, 96.00, 98.00, 98.00
   7 , k_3_0.25_9_hive_random ,    9600  ,   200 (               |          *-  ),95.00, 95.00, 96.00, 97.00, 98.00
   7 , k_3_0.2_5_hive_where ,    9600  ,   200 (               |          *-  ),95.00, 95.00, 96.00, 97.00, 98.00
   7 , k_3_0.01_7_hive_pca ,    9600  ,   100 (               |        --*-  ),94.00, 96.00, 96.00, 97.00, 98.00
   7 , k_3_0.15_5_hive_where ,    9600  ,   200 (               |         -*-  ),95.00, 96.00, 96.00, 97.00, 98.00
   7 , k_3_0.1_11_hive_where ,    9600  ,   200 (               |          *   ),94.00, 94.00, 96.00, 96.00, 97.00
   7 , k_3_0.1_13_hive_where ,    9600  ,   200 (               |        --*-  ),94.00, 96.00, 96.00, 97.00, 98.00
   7 , k_3_0.01_7_hive_kd ,    9600  ,   100 (               |         -*-  ),95.00, 96.00, 96.00, 97.00, 98.00
   8 , k_3_0.01_7_hive_2 ,    9700  ,   100 (               |         --*  ),95.00, 97.00, 97.00, 98.00, 98.00
   8 , k_3_0.05_9_hive_kd ,    9700  ,   200 (               |           *  ),96.00, 96.00, 97.00, 98.00, 98.00
   8 , k_3_0.1_13_hive_pca ,    9700  ,   100 (               |          -*  ),96.00, 97.00, 97.00, 97.00, 98.00
   8 , k_3_0.01_13_hive_rp ,    9700  ,   200 (               |          -*  ),96.00, 97.00, 97.00, 98.00, 98.00
   8 , k_3_0.01_9_hive_rp ,    9700  ,   100 (               |         - *  ),95.00, 96.00, 97.00, 97.00, 98.00
   8 , k_3_0.05_13_hive_pca ,    9700  ,   100 (               |          -*- ),96.00, 97.00, 97.00, 98.00, 99.00
   8 , k_3_0_9_hive_rp ,    9700  ,   100 (               |          -*- ),96.00, 97.00, 97.00, 98.00, 99.00
   8 , k_3_0.2_9_hive_random ,    9700  ,     0 (               |          -*  ),96.00, 97.00, 97.00, 97.00, 98.00
   8 , k_3_0.25_5_hive_where ,    9700  ,   100 (               |          -*  ),96.00, 97.00, 97.00, 97.00, 98.00
   8 , k_3_0.2_9_hive_kd ,    9700  ,   100 (               |          -*  ),96.00, 97.00, 97.00, 98.00, 98.00
   8 , k_3_0.15_13_hive_kd ,    9700  ,   100 (               |         - *  ),95.00, 96.00, 97.00, 97.00, 98.00
   8 , k_3_0.05_7_hive_2 ,    9700  ,   200 (               |          -*- ),96.00, 97.00, 97.00, 98.00, 99.00
   8 , k_3_0.05_11_hive_pca ,    9700  ,   100 (               |         - *  ),95.00, 96.00, 97.00, 97.00, 98.00
   8 , k_3_0.05_5_hive_random ,    9700  ,   200 (               |       --- *  ),93.00, 96.00, 97.00, 97.00, 98.00
   8 , k_3_0.05_11_hive_kd ,    9700  ,   100 (               |          -*- ),96.00, 97.00, 97.00, 98.00, 99.00
   8 , k_3_0.01_11_hive_kd ,    9700  ,   200 (               |        -- *  ),94.00, 96.00, 97.00, 98.00, 98.00
   8 , k_3_0.01_9_hive_kd ,    9700  ,   200 (               |         - *- ),95.00, 96.00, 97.00, 98.00, 99.00
   8 , k_3_0.01_5_hive_kd ,    9700  ,   100 (               |           *- ),96.00, 96.00, 97.00, 97.00, 99.00
   8 , k_3_0.25_9_hive_2 ,    9700  ,   200 (               |          -*- ),96.00, 97.00, 97.00, 98.00, 99.00
   8 , k_3_0.15_11_hive_random ,    9700  ,   200 (               |         - *- ),95.00, 96.00, 97.00, 98.00, 99.00
   8 , k_3_0.15_11_hive_rp ,    9700  ,   200 (               |           *  ),96.00, 96.00, 97.00, 98.00, 98.00
   8 , k_3_0.01_13_hive_pca ,    9700  ,   200 (               |         - *  ),95.00, 96.00, 97.00, 98.00, 98.00
   8 , k_3_0.25_5_hive_2 ,    9700  ,   200 (               |          -*- ),96.00, 97.00, 97.00, 98.00, 99.00
   8 , k_3_0_7_hive_pca ,    9700  ,   100 (               |          -*- ),96.00, 97.00, 97.00, 98.00, 99.00
   8 , k_3_0.25_13_hive_kd ,    9700  ,   200 (               |           *  ),96.00, 96.00, 97.00, 97.00, 98.00
   8 , k_3_0.1_13_hive_rp ,    9700  ,   200 (               |         --*- ),95.00, 97.00, 97.00, 98.00, 99.00
   8 , k_3_0.05_9_hive_rp ,    9700  ,   100 (               |         --*- ),95.00, 97.00, 97.00, 98.00, 99.00
   8 , k_3_0.01_11_hive_2 ,    9700  ,   200 (               |          -*- ),96.00, 97.00, 97.00, 98.00, 99.00
   8 , k_3_0.1_11_hive_kd ,    9700  ,   100 (               |          -*- ),96.00, 97.00, 97.00, 98.00, 99.00
   8 , k_3_0.05_13_hive_random ,    9700  ,   200 (               |         - *- ),95.00, 96.00, 97.00, 98.00, 99.00
   8 , k_3_0.2_9_hive_rp ,    9700  ,   200 (               |         - *- ),95.00, 96.00, 97.00, 98.00, 99.00
   8 , k_3_0.1_13_hive_kd ,    9700  ,   200 (               |         - *  ),95.00, 96.00, 97.00, 98.00, 98.00
   8 , k_3_0.01_5_hive_2 ,    9700  ,   200 (               |        -- *- ),94.00, 96.00, 97.00, 98.00, 99.00
   8 , k_3_0.15_9_hive_kd ,    9700  ,   200 (               |           *  ),96.00, 96.00, 97.00, 98.00, 98.00
   8 , k_3_0_11_hive_2 ,    9700  ,   200 (               |          -*- ),96.00, 97.00, 97.00, 98.00, 99.00
   8 , k_3_0.15_5_hive_2 ,    9700  ,   100 (               |           *- ),96.00, 96.00, 97.00, 97.00, 99.00
   8 , k_3_0.25_7_hive_pca ,    9700  ,   200 (               |          -*  ),96.00, 97.00, 97.00, 99.00, 99.00
   8 , k_3_0.15_11_hive_pca ,    9700  ,   200 (               |         - *  ),95.00, 96.00, 97.00, 97.00, 98.00
   8 , k_3_0.01_5_hive_pca ,    9700  ,   100 (               |           *  ),96.00, 96.00, 97.00, 97.00, 98.00
   8 , k_3_0.05_5_hive_rp ,    9700  ,   100 (               |         - *  ),95.00, 96.00, 97.00, 97.00, 98.00
   8 , k_3_0.15_7_hive_2 ,    9700  ,   200 (               |           *- ),96.00, 96.00, 97.00, 98.00, 99.00
   8 , k_3_0.25_7_hive_kd ,    9700  ,   200 (               |         - *  ),95.00, 96.00, 97.00, 97.00, 98.00
   8 , k_3_0.15_7_hive_pca ,    9700  ,   100 (               |          -*- ),96.00, 97.00, 97.00, 98.00, 99.00
   8 , k_3_0.25_11_hive_pca ,    9700  ,   200 (               |         - *  ),95.00, 96.00, 97.00, 98.00, 98.00
   8 , k_3_0.2_5_hive_kd ,    9700  ,   100 (               |          -*- ),96.00, 97.00, 97.00, 98.00, 99.00
   8 , k_3_0.2_5_hive_pca ,    9700  ,   100 (               |           *  ),96.00, 96.00, 97.00, 97.00, 98.00
   8 , k_3_0.2_11_hive_kd ,    9700  ,   300 (               |        -- *- ),94.00, 96.00, 97.00, 98.00, 99.00
   8 , k_3_0.15_9_hive_rp ,    9700  ,   100 (               |          -*  ),96.00, 97.00, 97.00, 98.00, 98.00
   8 , k_3_0_7_hive_kd ,    9700  ,   100 (               |         - *  ),95.00, 96.00, 97.00, 97.00, 98.00
   8 , k_3_0.2_7_hive_2 ,    9700  ,   100 (               |         - *  ),95.00, 96.00, 97.00, 97.00, 98.00
   8 , k_3_0.25_7_hive_rp ,    9700  ,   200 (               |        -- *  ),94.00, 96.00, 97.00, 97.00, 98.00
   8 , k_3_0.2_7_hive_random ,    9700  ,   200 (               |        -- *- ),94.00, 96.00, 97.00, 98.00, 99.00
   8 , k_3_0_11_hive_pca ,    9700  ,   100 (               |          -*- ),96.00, 97.00, 97.00, 98.00, 99.00
   8 , k_3_0.15_9_hive_where ,    9700  ,   200 (               |        -- *  ),94.00, 96.00, 97.00, 97.00, 98.00
   8 , k_3_0.1_11_hive_rp ,    9700  ,   200 (               |        -- *- ),94.00, 96.00, 97.00, 98.00, 99.00
   8 , k_3_0.1_7_hive_kd ,    9700  ,   100 (               |          -*- ),96.00, 97.00, 97.00, 98.00, 99.00
   8 , k_3_0.1_9_hive_rp ,    9700  ,   100 (               |         - *  ),95.00, 96.00, 97.00, 97.00, 98.00
   8 , k_3_0.1_7_hive_rp ,    9700  ,   200 (               |         - *  ),95.00, 96.00, 97.00, 97.00, 98.00
   8 , k_3_0_11_hive_kd ,    9700  ,   200 (               |         - *  ),95.00, 96.00, 97.00, 98.00, 98.00
   8 , k_3_0.25_5_hive_kd ,    9700  ,   100 (               |          -*  ),96.00, 97.00, 97.00, 98.00, 98.00
   8 , k_3_0.1_5_hive_pca ,    9700  ,   200 (               |          -*- ),96.00, 97.00, 97.00, 98.00, 99.00
   8 , k_3_0.2_5_hive_2 ,    9700  ,   200 (               |           *  ),96.00, 96.00, 97.00, 98.00, 98.00
   8 , k_3_0.15_11_hive_2 ,    9700  ,   200 (               |         - *- ),95.00, 96.00, 97.00, 98.00, 99.00
   8 , k_3_0.05_7_hive_rp ,    9700  ,   200 (               |        -- *  ),94.00, 96.00, 97.00, 98.00, 98.00
   8 , k_3_0.25_7_hive_2 ,    9700  ,   100 (               |           *  ),97.00, 97.00, 97.00, 98.00, 98.00
   8 , k_3_0.1_7_hive_pca ,    9700  ,   100 (               |          -*- ),96.00, 97.00, 97.00, 98.00, 99.00
   8 , k_3_0.01_7_hive_rp ,    9700  ,   100 (               |         - *- ),95.00, 96.00, 97.00, 97.00, 99.00
   8 , k_3_0.25_11_hive_kd ,    9700  ,   200 (               |           *  ),96.00, 96.00, 97.00, 97.00, 98.00
   8 , k_3_0.15_5_hive_kd ,    9700  ,   200 (               |          -*  ),96.00, 97.00, 97.00, 98.00, 98.00
   8 , k_3_0.2_7_hive_where ,    9700  ,   200 (               |         - *  ),95.00, 96.00, 97.00, 97.00, 98.00
   8 , k_3_0.15_7_hive_random ,    9700  ,   100 (               |         - *  ),95.00, 96.00, 97.00, 97.00, 98.00
   8 , k_3_0.05_5_hive_where ,    9700  ,   200 (               |         - *  ),95.00, 96.00, 97.00, 98.00, 98.00
   8 , k_3_0.25_13_hive_pca ,    9700  ,   100 (               |          -*- ),96.00, 97.00, 97.00, 98.00, 99.00
   8 , k_3_0.1_7_hive_2 ,    9700  ,   200 (               |         - *  ),95.00, 96.00, 97.00, 97.00, 98.00
   8 , k_3_0.2_11_hive_pca ,    9700  ,   200 (               |          -*  ),96.00, 97.00, 97.00, 98.00, 98.00
   8 , k_3_0_5_hive_2 ,    9700  ,   100 (               |         - *  ),95.00, 96.00, 97.00, 97.00, 98.00
   8 , k_3_0.05_7_hive_kd ,    9700  ,   200 (               |         - *- ),95.00, 96.00, 97.00, 97.00, 99.00
   8 , k_3_0.1_5_hive_2 ,    9700  ,   200 (               |         --*- ),95.00, 97.00, 97.00, 98.00, 99.00
   8 , k_3_0.2_7_hive_pca ,    9700  ,   100 (               |           *  ),96.00, 96.00, 97.00, 97.00, 98.00
   8 , k_3_0.2_13_hive_rp ,    9700  ,   100 (               |          -*- ),96.00, 97.00, 97.00, 97.00, 99.00
   8 , k_3_0.05_11_hive_2 ,    9700  ,   100 (               |          -*- ),96.00, 97.00, 97.00, 98.00, 99.00
   8 , k_3_0_13_hive_2 ,    9700  ,   100 (               |          -*- ),96.00, 97.00, 97.00, 98.00, 99.00
   8 , k_3_0.2_7_hive_rp ,    9700  ,   100 (               |         - *  ),95.00, 96.00, 97.00, 97.00, 98.00
   8 , k_3_0.25_5_hive_random ,    9700  ,   100 (               |         - *  ),95.00, 96.00, 97.00, 97.00, 98.00
   8 , k_3_0_5_hive_pca ,    9700  ,   100 (               |         - *  ),95.00, 96.00, 97.00, 97.00, 98.00
   8 , k_3_0_13_hive_rp ,    9700  ,   200 (               |         - *  ),95.00, 96.00, 97.00, 97.00, 98.00
   8 , k_3_0.1_9_hive_kd ,    9700  ,   100 (               |         - *  ),95.00, 96.00, 97.00, 97.00, 98.00
   8 , k_3_0.25_5_hive_pca ,    9700  ,   100 (               |          -*  ),96.00, 97.00, 97.00, 97.00, 98.00
   8 , k_3_0.15_11_hive_kd ,    9700  ,   200 (               |         - *  ),95.00, 96.00, 97.00, 97.00, 98.00
   8 , k_3_0.15_5_hive_rp ,    9700  ,   200 (               |           *- ),96.00, 96.00, 97.00, 98.00, 99.00
   8 , k_3_0.25_9_hive_rp ,    9700  ,   200 (               |          -*  ),96.00, 97.00, 97.00, 98.00, 98.00
   8 , k_3_0_9_hive_pca ,    9700  ,   100 (               |          -*- ),96.00, 97.00, 97.00, 98.00, 99.00
   8 , k_3_0.2_11_hive_2 ,    9700  ,   200 (               |         - *  ),95.00, 96.00, 97.00, 98.00, 98.00
   8 , k_3_0.2_5_hive_random ,    9700  ,   200 (               |         - *  ),95.00, 96.00, 97.00, 98.00, 98.00
   8 , k_3_0_9_hive_2 ,    9700  ,   100 (               |          -*- ),96.00, 97.00, 97.00, 98.00, 99.00
   8 , k_3_0.15_7_hive_rp ,    9700  ,   100 (               |           *  ),96.00, 96.00, 97.00, 97.00, 98.00
   8 , k_3_0.1_5_hive_rp ,    9700  ,   100 (               |         --*  ),95.00, 97.00, 97.00, 98.00, 98.00
   8 , k_3_0.2_13_hive_pca ,    9700  ,   100 (               |         - *  ),95.00, 96.00, 97.00, 97.00, 98.00
   8 , k_3_0_7_hive_2 ,    9700  ,   100 (               |         --*- ),95.00, 97.00, 97.00, 98.00, 99.00
   8 , k_3_0.05_13_hive_2 ,    9700  ,   200 (               |         - *  ),95.00, 96.00, 97.00, 98.00, 98.00
   8 , k_3_0.1_5_hive_kd ,    9700  ,   200 (               |         - *  ),95.00, 96.00, 97.00, 98.00, 98.00
   8 , k_3_0.2_9_hive_pca ,    9700  ,   200 (               |           *  ),96.00, 96.00, 97.00, 98.00, 98.00
   8 , k_3_0.01_11_hive_pca ,    9700  ,   200 (               |          -*  ),96.00, 97.00, 97.00, 98.00, 98.00
   8 , k_3_0.05_13_hive_rp ,    9700  ,   200 (               |         --*- ),95.00, 97.00, 97.00, 98.00, 99.00
   8 , k_3_0.2_13_hive_random ,    9700  ,   200 (               |         - *  ),95.00, 96.00, 97.00, 97.00, 98.00
   8 , k_3_0.25_13_hive_where ,    9700  ,   300 (               |        -  *  ),94.00, 95.00, 97.00, 97.00, 98.00
   8 , k_3_0_5_hive_rp ,    9700  ,   200 (               |           *- ),96.00, 96.00, 97.00, 98.00, 99.00
   8 , k_3_0_9_hive_kd ,    9700  ,   100 (               |         - *  ),95.00, 96.00, 97.00, 97.00, 98.00
   8 , k_3_0.15_5_hive_pca ,    9700  ,   100 (               |          -*- ),96.00, 97.00, 97.00, 98.00, 99.00
   8 , k_3_0.2_11_hive_where ,    9700  ,   200 (               |        -- *- ),94.00, 96.00, 97.00, 97.00, 99.00
   8 , k_3_0.25_11_hive_rp ,    9700  ,   100 (               |         - *  ),95.00, 96.00, 97.00, 97.00, 98.00
   8 , k_3_0_13_hive_kd ,    9700  ,   200 (               |           *  ),96.00, 96.00, 97.00, 98.00, 98.00
   9 , k_3_0.15_13_hive_pca ,    9800  ,   100 (               |          - * ),96.00, 97.00, 98.00, 98.00, 99.00
   9 , k_3_0.2_5_hive_rp ,    9800  ,   100 (               |          - * ),96.00, 97.00, 98.00, 98.00, 99.00
   9 , k_3_0.15_9_hive_2 ,    9800  ,   100 (               |          - * ),96.00, 97.00, 98.00, 98.00, 99.00
   9 , k_3_0.05_9_hive_2 ,    9800  ,   100 (               |          - * ),96.00, 97.00, 98.00, 98.00, 99.00
   9 , k_3_0.1_11_hive_2 ,    9800  ,   200 (               |          - * ),96.00, 97.00, 98.00, 98.00, 99.00
   9 , k_3_0.2_9_hive_2 ,    9800  ,   100 (               |          - * ),96.00, 97.00, 98.00, 98.00, 99.00
   9 , k_3_0.15_7_hive_kd ,    9800  ,   100 (               |          - * ),96.00, 97.00, 98.00, 98.00, 98.00
   9 , k_3_0.2_11_hive_rp ,    9800  ,   200 (               |            * ),96.00, 96.00, 98.00, 98.00, 99.00
   9 , k_3_0_13_hive_pca ,    9800  ,   200 (               |          - * ),96.00, 97.00, 98.00, 98.00, 99.00
   9 , k_3_0.15_13_hive_2 ,    9800  ,   200 (               |          - * ),96.00, 97.00, 98.00, 98.00, 99.00
   9 , k_3_0.1_13_hive_2 ,    9800  ,   100 (               |           -* ),97.00, 98.00, 98.00, 99.00, 99.00
   9 , k_3_0.05_7_hive_pca ,    9800  ,   100 (               |          - * ),96.00, 97.00, 98.00, 98.00, 99.00
   9 , k_3_0.01_9_hive_pca ,    9800  ,   200 (               |         -- * ),95.00, 97.00, 98.00, 99.00, 99.00
   9 , k_3_0.15_13_hive_rp ,    9800  ,   100 (               |          - * ),96.00, 97.00, 98.00, 98.00, 99.00
   9 , k_3_0.2_7_hive_kd ,    9800  ,   100 (               |          - * ),96.00, 97.00, 98.00, 98.00, 98.00
   9 , k_3_0.05_5_hive_pca ,    9800  ,   100 (               |          - * ),96.00, 97.00, 98.00, 98.00, 99.00
   9 , k_3_0.25_13_hive_2 ,    9800  ,   100 (               |          - * ),96.00, 97.00, 98.00, 98.00, 99.00
   9 , k_3_0.25_11_hive_2 ,    9800  ,   100 (               |          - * ),96.00, 97.00, 98.00, 98.00, 99.00
   9 , k_3_0.05_5_hive_2 ,    9800  ,   100 (               |          - * ),96.00, 97.00, 98.00, 98.00, 98.00
   9 , k_3_0.1_9_hive_2 ,    9800  ,   300 (               |            * ),96.00, 96.00, 98.00, 99.00, 99.00
   9 , k_3_0.1_11_hive_pca ,    9800  ,   100 (               |          - * ),96.00, 97.00, 98.00, 98.00, 99.00
   9 , k_3_0.1_9_hive_pca ,    9800  ,   200 (               |            * ),97.00, 97.00, 98.00, 99.00, 99.00
   9 , k_3_0.15_9_hive_pca ,    9800  ,   200 (               |          - * ),96.00, 97.00, 98.00, 99.00, 99.00
   9 , k_3_0.05_9_hive_pca ,    9800  ,   200 (               |            * ),97.00, 97.00, 98.00, 99.00, 99.00
