rank ,         name ,    med   ,  iqr 
----------------------------------------------------
   1 , k_3_0_11_hive_entropic ,     900  ,  1100 (--* ---        |              ), 0.00,  7.00,  9.00, 16.00, 24.00
   1 , k_3_0.01_5_hive_entropic ,    1100  ,  1100 (-- * -         |              ), 0.00,  7.00, 11.00, 17.00, 22.00
   2 , k_3_0.05_9_hive_entropic ,    1600  ,  1100 (--  *--        |              ), 0.00,  9.00, 16.00, 17.00, 24.00
   2 , k_3_0.2_7_hive_entropic ,    1600  ,   900 (  - *----      |              ), 9.00, 13.00, 16.00, 20.00, 31.00
   2 , k_3_0_5_hive_entropic ,    1700  ,  1700 (---- * --      |              ), 0.00, 14.00, 17.00, 25.00, 32.00
   2 , k_3_0.1_7_hive_entropic ,    1700  ,   800 (---- *--       |              ), 0.00, 14.00, 17.00, 19.00, 28.00
   2 , k_3_0.1_11_hive_entropic ,    1800  ,  1500 (     *-----    |              ), 8.00, 10.00, 18.00, 22.00, 39.00
   2 , k_3_0.05_11_hive_entropic ,    1900  ,  1700 (  -- *  -      |              ), 7.00, 14.00, 19.00, 29.00, 32.00
   2 , k_3_0.2_9_hive_entropic ,    1900  ,   900 ( --- * -       |              ), 6.00, 15.00, 19.00, 24.00, 29.00
   2 , k_3_0.15_9_hive_entropic ,    1900  ,  2000 ( --  *         |              ), 6.00, 13.00, 19.00, 27.00, 30.00
   2 , k_3_0.15_5_hive_entropic ,    1900  ,  1000 (  -  *--       |              ), 7.00, 12.00, 19.00, 21.00, 27.00
   2 , k_3_0.25_11_hive_entropic ,    1900  ,   900 (---- *--       |              ), 0.00, 14.00, 19.00, 22.00, 27.00
   3 , k_3_0.25_9_hive_entropic ,    2100  ,  1600 (  -   * --     |              ), 7.00, 12.00, 21.00, 28.00, 34.00
   3 , k_3_0.2_13_hive_entropic ,    2100  ,  1800 ( --   *---     |              ), 6.00, 13.00, 21.00, 26.00, 36.00
   3 , k_3_0_9_hive_entropic ,    2100  ,  1100 (  --- *----    |              ), 9.00, 17.00, 21.00, 25.00, 37.00
   3 , k_3_0.01_7_hive_entropic ,    2100  ,  1100 (  --- *--      |              ), 8.00, 18.00, 21.00, 26.00, 31.00
   3 , k_3_0.25_5_hive_entropic ,    2100  ,  1000 (    - *--      |              ),14.00, 17.00, 21.00, 26.00, 31.00
   3 , k_3_0.01_11_hive_entropic ,    2200  ,  1400 (  --  * ---    |              ), 7.00, 16.00, 22.00, 28.00, 37.00
   3 , k_3_0.01_13_hive_entropic ,    2200  ,  1000 (  --  *-       |              ), 9.00, 15.00, 22.00, 24.00, 29.00
   3 , k_3_0.25_7_hive_entropic ,    2200  ,  1200 (  --- * -      |              ), 9.00, 19.00, 22.00, 28.00, 33.00
   3 , k_3_0.01_9_hive_entropic ,    2200  ,  1200 (  --  *----    |              ), 9.00, 15.00, 22.00, 25.00, 38.00
   4 , k_3_0.05_7_hive_entropic ,    2300  ,  1500 (  --  * ---    |              ), 7.00, 14.00, 23.00, 27.00, 38.00
   4 , k_3_0.2_11_hive_entropic ,    2300  ,  1000 (  --- * ----   |              ), 8.00, 20.00, 23.00, 30.00, 41.00
   4 , k_3_0.15_11_hive_entropic ,    2300  ,  1200 (   -- * ---    |              ),13.00, 17.00, 23.00, 28.00, 37.00
   4 , k_3_0.1_9_hive_entropic ,    2400  ,  1600 (    -  * --    |              ),14.00, 19.00, 24.00, 32.00, 40.00
   4 , k_3_0_13_hive_entropic ,    2400  ,  2200 (  --   *--     |              ), 7.00, 16.00, 24.00, 30.00, 35.00
   4 , k_3_0.1_5_hive_entropic ,    2400  ,  1300 (   --  *--     |              ),12.00, 17.00, 24.00, 28.00, 34.00
   4 , k_3_0.15_13_hive_entropic ,    2500  ,  1600 (  ---  * --    |              ), 9.00, 17.00, 25.00, 31.00, 38.00
   4 , k_3_0_7_hive_entropic ,    2500  ,   800 (  ---  *       |              ),10.00, 20.00, 25.00, 26.00, 28.00
   4 , k_3_0.05_5_hive_entropic ,    2500  ,  1200 (  ---- * ---   |              ), 8.00, 23.00, 25.00, 31.00, 42.00
   4 , k_3_0.15_7_hive_entropic ,    2500  ,  1800 (  --   * --    |              ), 8.00, 15.00, 25.00, 32.00, 39.00
   5 , k_3_0.25_13_hive_entropic ,    2600  ,  1100 (     - *--     |              ),17.00, 21.00, 26.00, 30.00, 35.00
   5 , k_3_0.2_5_hive_entropic ,    2800  ,  1800 (  ---   *--    |              ),10.00, 19.00, 28.00, 33.00, 39.00
   5 , k_3_0.05_13_hive_entropic ,    2900  ,  1100 (  ----  *-     |              ), 9.00, 22.00, 29.00, 32.00, 36.00
   5 , k_3_0.1_13_hive_entropic ,    3000  ,  1500 (    --  * --   |              ),14.00, 23.00, 30.00, 35.00, 42.00
   6 , k_3_0_7_hive_spectral ,    7600  ,  1100 (               |    --* --    ),68.00, 75.00, 76.00, 82.00, 89.00
   6 , k_3_0_5_hive_where ,    7600  ,   700 (               |   -- *-      ),66.00, 72.00, 76.00, 79.00, 83.00
   6 , k_3_0.1_9_hive_where ,    7700  ,   800 (               |   --  *-     ),65.00, 73.00, 77.00, 79.00, 85.00
   6 , k_3_0.01_13_hive_spectral ,    7900  ,  1000 (               |     --* -    ),71.00, 77.00, 79.00, 85.00, 90.00
   6 , k_3_0_5_hive_spectral ,    7900  ,   600 (               |    ---*-     ),68.00, 78.00, 79.00, 82.00, 86.00
   6 , k_3_0.01_5_hive_spectral ,    7900  ,   900 (               |    -- *--    ),70.00, 75.00, 79.00, 83.00, 88.00
   6 , k_3_0.1_11_hive_where ,    7900  ,   800 (               |   --- *-     ),66.00, 76.00, 79.00, 83.00, 86.00
   7 , k_3_0.01_13_hive_where ,    8000  ,  1000 (               |     - * -    ),72.00, 76.00, 80.00, 85.00, 88.00
   7 , k_3_0.1_13_hive_spectral ,    8000  ,   700 (               |      -*      ),75.00, 80.00, 80.00, 85.00, 86.00
   7 , k_3_0.01_7_hive_spectral ,    8000  ,  1000 (               |     - *-     ),72.00, 75.00, 80.00, 83.00, 86.00
   7 , k_3_0_7_hive_where ,    8000  ,   400 (               |    ---*-     ),69.00, 78.00, 80.00, 81.00, 86.00
   7 , k_3_0_9_hive_random ,    8000  ,  1000 (               |     - *-     ),72.00, 76.00, 80.00, 83.00, 85.00
   7 , k_3_0.1_7_hive_spectral ,    8100  ,   800 (               |      - *-    ),76.00, 78.00, 81.00, 85.00, 89.00
   7 , k_3_0_11_hive_where ,    8100  ,   900 (               |      - *-    ),74.00, 77.00, 81.00, 85.00, 88.00
   7 , k_3_0.1_7_hive_where ,    8100  ,   800 (               |    --- *     ),68.00, 79.00, 81.00, 87.00, 90.00
   7 , k_3_0.1_13_hive_random ,    8100  ,  1000 (               |     -- *     ),71.00, 77.00, 81.00, 87.00, 88.00
   7 , k_3_0_9_hive_where ,    8100  ,   700 (               |      - *--   ),76.00, 79.00, 81.00, 85.00, 91.00
   7 , k_3_0_13_hive_where ,    8100  ,   700 (               |     -- *     ),71.00, 77.00, 81.00, 82.00, 86.00
   7 , k_3_0.15_9_hive_spectral ,    8100  ,   600 (               |     -- *-    ),73.00, 78.00, 81.00, 84.00, 88.00
   7 , k_3_0.01_9_hive_spectral ,    8100  ,   600 (               |     -- *-    ),72.00, 77.00, 81.00, 82.00, 87.00
   7 , k_3_0_11_hive_random ,    8100  ,  1100 (               |    --- *-    ),69.00, 77.00, 81.00, 83.00, 89.00
   7 , k_3_0.01_5_hive_where ,    8100  ,  1000 (               |     -- *-    ),73.00, 77.00, 81.00, 85.00, 90.00
   7 , k_3_0.25_11_hive_spectral ,    8200  ,  1000 (               |        *-    ),77.00, 80.00, 82.00, 86.00, 90.00
   7 , k_3_0.05_11_hive_spectral ,    8200  ,   600 (               |     -- *     ),73.00, 79.00, 82.00, 84.00, 86.00
   7 , k_3_0.01_13_hive_random ,    8200  ,   700 (               |      - *--   ),75.00, 78.00, 82.00, 84.00, 91.00
   7 , k_3_0_11_hive_spectral ,    8200  ,  1100 (               |   ---- *     ),64.00, 77.00, 82.00, 88.00, 89.00
   7 , k_3_0.1_7_hive_random ,    8200  ,   600 (               |      - *--   ),75.00, 79.00, 82.00, 84.00, 91.00
   7 , k_3_0_5_hive_random ,    8200  ,   700 (               |      - *-    ),74.00, 78.00, 82.00, 84.00, 89.00
   7 , k_3_0_9_hive_spectral ,    8200  ,   900 (               |     -- *-    ),73.00, 78.00, 82.00, 86.00, 89.00
   7 , k_3_0.05_9_hive_where ,    8200  ,  1100 (               |     -- *-    ),73.00, 78.00, 82.00, 84.00, 88.00
   7 , k_3_0.1_13_hive_where ,    8200  ,   800 (               |    --- *--   ),68.00, 78.00, 82.00, 86.00, 91.00
   8 , k_3_0.01_5_hive_random ,    8300  ,   800 (               |        *-    ),77.00, 79.00, 83.00, 85.00, 90.00
   8 , k_3_0.15_7_hive_where ,    8300  ,   900 (               |      - *     ),75.00, 79.00, 83.00, 87.00, 90.00
   8 , k_3_0.1_5_hive_random ,    8300  ,   700 (               |     -- *-    ),71.00, 79.00, 83.00, 85.00, 89.00
   8 , k_3_0.1_5_hive_spectral ,    8300  ,   500 (               |      --*-    ),76.00, 81.00, 83.00, 84.00, 89.00
   8 , k_3_0.25_7_hive_spectral ,    8300  ,   800 (               |      - * -   ),74.00, 80.00, 83.00, 87.00, 91.00
   8 , k_3_0.25_9_hive_spectral ,    8300  ,   900 (               |      --*     ),75.00, 81.00, 83.00, 88.00, 90.00
   8 , k_3_0.1_11_hive_spectral ,    8300  ,   800 (               |     -- *--   ),72.00, 77.00, 83.00, 84.00, 91.00
   8 , k_3_0.01_7_hive_random ,    8300  ,   800 (               |      - * -   ),74.00, 80.00, 83.00, 88.00, 91.00
   8 , k_3_0.2_7_hive_spectral ,    8300  ,  1200 (               |      - * -   ),74.00, 78.00, 83.00, 89.00, 92.00
   8 , k_3_0.01_9_hive_where ,    8400  ,  1200 (               |     --  *-   ),71.00, 78.00, 84.00, 88.00, 91.00
   8 , k_3_0.01_7_hive_where ,    8400  ,  1100 (               |     --- *-   ),71.00, 81.00, 84.00, 86.00, 91.00
   8 , k_3_0.15_9_hive_random ,    8400  ,   700 (               |       - *-   ),80.00, 82.00, 84.00, 88.00, 92.00
   8 , k_3_0.2_9_hive_spectral ,    8400  ,  1000 (               |      -  *-   ),75.00, 79.00, 84.00, 86.00, 92.00
   8 , k_3_0.2_13_hive_spectral ,    8400  ,   400 (               |         *    ),81.00, 83.00, 84.00, 85.00, 90.00
   8 , k_3_0.05_5_hive_spectral ,    8400  ,  1000 (               |      -- *    ),75.00, 81.00, 84.00, 88.00, 90.00
   8 , k_3_0.05_9_hive_spectral ,    8400  ,   900 (               |     --  *-   ),73.00, 78.00, 84.00, 86.00, 91.00
   8 , k_3_0.1_5_hive_where ,    8400  ,  1100 (               |    ---  *-   ),70.00, 78.00, 84.00, 88.00, 93.00
   8 , k_3_0.15_7_hive_spectral ,    8400  ,   600 (               |     --- *--  ),73.00, 81.00, 84.00, 87.00, 94.00
   8 , k_3_0.05_11_hive_where ,    8400  ,   700 (               |      -- *-   ),74.00, 81.00, 84.00, 86.00, 91.00
   8 , k_3_0.1_9_hive_spectral ,    8400  ,   700 (               |     --- *    ),73.00, 81.00, 84.00, 86.00, 90.00
   8 , k_3_0.01_11_hive_random ,    8400  ,   900 (               |     --  *-   ),73.00, 79.00, 84.00, 86.00, 91.00
   8 , k_3_0.01_11_hive_where ,    8400  ,   700 (               |      -- *    ),76.00, 81.00, 84.00, 87.00, 90.00
   8 , k_3_0_7_hive_random ,    8400  ,   900 (               |      -  *    ),76.00, 79.00, 84.00, 87.00, 89.00
   8 , k_3_0.01_9_hive_random ,    8400  ,  1100 (               |     --  *-   ),73.00, 79.00, 84.00, 89.00, 92.00
   8 , k_3_0.05_11_hive_random ,    8400  ,   900 (               |      -  *-   ),76.00, 79.00, 84.00, 86.00, 91.00
   8 , k_3_0.1_11_hive_random ,    8400  ,   700 (               |      -- *-   ),76.00, 82.00, 84.00, 88.00, 91.00
   9 , k_3_0.05_13_hive_where ,    8500  ,   700 (               |      -  *-   ),75.00, 80.00, 85.00, 87.00, 91.00
   9 , k_3_0.15_5_hive_random ,    8500  ,   900 (               |       - *-   ),77.00, 81.00, 85.00, 89.00, 92.00
   9 , k_3_0.05_9_hive_random ,    8500  ,   800 (               |       - *-   ),80.00, 82.00, 85.00, 90.00, 92.00
   9 , k_3_0.25_9_hive_where ,    8500  ,   500 (               |       --*-   ),80.00, 84.00, 85.00, 88.00, 92.00
   9 , k_3_0.15_11_hive_where ,    8500  ,   700 (               |       - *-   ),77.00, 82.00, 85.00, 87.00, 92.00
   9 , k_3_0.15_5_hive_spectral ,    8500  ,   500 (               |       - *    ),77.00, 83.00, 85.00, 87.00, 89.00
   9 , k_3_0.05_7_hive_random ,    8500  ,   700 (               |       - *-   ),79.00, 81.00, 85.00, 87.00, 92.00
   9 , k_3_0.2_5_hive_spectral ,    8500  ,   900 (               |      -- *--  ),74.00, 81.00, 85.00, 88.00, 94.00
   9 , k_3_0.2_5_hive_where ,    8500  ,   500 (               |      -- *-   ),75.00, 83.00, 85.00, 87.00, 92.00
   9 , k_3_0.15_13_hive_random ,    8600  ,   800 (               |       - *-   ),80.00, 81.00, 86.00, 88.00, 92.00
   9 , k_3_0_13_hive_random ,    8600  ,  1000 (               |      -  *-   ),76.00, 80.00, 86.00, 90.00, 91.00
   9 , k_3_0.05_5_hive_random ,    8600  ,  1000 (               |     --  *--  ),71.00, 80.00, 86.00, 89.00, 94.00
   9 , k_3_0.01_11_hive_spectral ,    8600  ,   700 (               |      -  *-   ),75.00, 80.00, 86.00, 86.00, 92.00
   9 , k_3_0.25_13_hive_random ,    8600  ,   600 (               |       --*    ),78.00, 84.00, 86.00, 88.00, 90.00
   9 , k_3_0_7_hive_kd ,    8600  ,   500 (               |        -*-   ),82.00, 84.00, 86.00, 88.00, 91.00
   9 , k_3_0.25_7_hive_where ,    8600  ,   700 (               |      -- *--  ),76.00, 82.00, 86.00, 89.00, 95.00
   9 , k_3_0.05_7_hive_rp ,    8600  ,   900 (               |       - *-   ),79.00, 83.00, 86.00, 90.00, 92.00
   9 , k_3_0.1_9_hive_random ,    8600  ,   400 (               |       --*    ),79.00, 84.00, 86.00, 88.00, 90.00
   9 , k_3_0.2_9_hive_where ,    8600  ,   500 (               |        -*-   ),81.00, 84.00, 86.00, 89.00, 92.00
   9 , k_3_0.05_7_hive_where ,    8600  ,   700 (               |       - *-   ),78.00, 82.00, 86.00, 89.00, 93.00
   9 , k_3_0_7_hive_2 ,    8600  ,  1100 (               |      -- *-   ),76.00, 81.00, 86.00, 90.00, 93.00
   9 , k_3_0.25_5_hive_spectral ,    8600  ,   600 (               |       --*--  ),80.00, 84.00, 86.00, 90.00, 94.00
   9 , k_3_0.15_5_hive_where ,    8600  ,   600 (               |         *-   ),81.00, 83.00, 86.00, 88.00, 91.00
  10 , k_3_0.01_13_hive_kd ,    8700  ,   800 (               |       -  *   ),78.00, 83.00, 87.00, 89.00, 91.00
  10 , k_3_0.01_9_hive_rp ,    8700  ,   600 (               |        - *-  ),81.00, 86.00, 87.00, 91.00, 94.00
  10 , k_3_0.25_13_hive_rp ,    8700  ,   500 (               |       -- *   ),79.00, 85.00, 87.00, 90.00, 93.00
  10 , k_3_0.25_5_hive_where ,    8700  ,   800 (               |        - *-  ),82.00, 86.00, 87.00, 91.00, 95.00
  10 , k_3_0.01_5_hive_rp ,    8700  ,   600 (               |       -- *   ),80.00, 84.00, 87.00, 88.00, 91.00
  10 , k_3_0.05_13_hive_random ,    8700  ,   900 (               |      --  *-  ),76.00, 82.00, 87.00, 88.00, 95.00
  10 , k_3_0.15_9_hive_where ,    8700  ,   600 (               |     ---  *   ),73.00, 83.00, 87.00, 88.00, 92.00
  10 , k_3_0.05_7_hive_spectral ,    8700  ,  1100 (               |      --  *-  ),75.00, 81.00, 87.00, 90.00, 95.00
  10 , k_3_0.01_7_hive_rp ,    8700  ,   600 (               |       -- *-- ),80.00, 85.00, 87.00, 90.00, 97.00
  10 , k_3_0.2_11_hive_random ,    8700  ,   300 (               |        - *-  ),81.00, 86.00, 87.00, 88.00, 94.00
  10 , k_3_0.2_13_hive_kd ,    8700  ,   800 (               |       -- *-- ),80.00, 85.00, 87.00, 92.00, 97.00
  10 , k_3_0.05_5_hive_where ,    8700  ,   800 (               |       -- *   ),79.00, 85.00, 87.00, 91.00, 93.00
  10 , k_3_0.01_9_hive_2 ,    8700  ,   600 (               |        - *-  ),81.00, 86.00, 87.00, 91.00, 95.00
  10 , k_3_0.15_13_hive_spectral ,    8700  ,   700 (               |       -  *   ),77.00, 83.00, 87.00, 88.00, 93.00
  10 , k_3_0.2_13_hive_where ,    8700  ,   400 (               |        - *   ),82.00, 85.00, 87.00, 89.00, 91.00
  10 , k_3_0.2_11_hive_spectral ,    8700  ,   600 (               |       -- *   ),80.00, 85.00, 87.00, 90.00, 93.00
  10 , k_3_0.25_9_hive_random ,    8700  ,   800 (               |       -- *   ),79.00, 84.00, 87.00, 91.00, 93.00
  10 , k_3_0.2_13_hive_random ,    8700  ,   600 (               |        - *-  ),81.00, 85.00, 87.00, 90.00, 94.00
  10 , k_3_0.25_13_hive_where ,    8700  ,   400 (               |       -- *-  ),79.00, 86.00, 87.00, 90.00, 94.00
  11 , k_3_0.25_11_hive_where ,    8800  ,   600 (               |        - *   ),83.00, 85.00, 88.00, 90.00, 92.00
  11 , k_3_0.05_9_hive_kd ,    8800  ,   800 (               |        - *-  ),83.00, 86.00, 88.00, 93.00, 96.00
  11 , k_3_0.25_7_hive_random ,    8800  ,   800 (               |     ---- *   ),73.00, 84.00, 88.00, 89.00, 92.00
  11 , k_3_0.2_9_hive_random ,    8800  ,   500 (               |        - *   ),82.00, 86.00, 88.00, 90.00, 92.00
  11 , k_3_0.05_5_hive_kd ,    8800  ,   400 (               |          *   ),84.00, 86.00, 88.00, 90.00, 92.00
  11 , k_3_0.05_11_hive_rp ,    8800  ,   700 (               |        - *-  ),83.00, 85.00, 88.00, 91.00, 94.00
  11 , k_3_0_13_hive_spectral ,    8800  ,   800 (               |      --- *   ),75.00, 84.00, 88.00, 89.00, 92.00
  11 , k_3_0.05_13_hive_kd ,    8800  ,   500 (               |        --*-  ),83.00, 87.00, 88.00, 92.00, 95.00
  11 , k_3_0.01_5_hive_kd ,    8800  ,   500 (               |        - *-  ),83.00, 86.00, 88.00, 90.00, 94.00
  11 , k_3_0.15_11_hive_random ,    8800  ,   600 (               |        - *-  ),82.00, 86.00, 88.00, 91.00, 94.00
  11 , k_3_0.15_11_hive_rp ,    8800  ,   400 (               |        - *   ),82.00, 86.00, 88.00, 90.00, 93.00
  11 , k_3_0.01_11_hive_rp ,    8800  ,   700 (               |        - *-  ),82.00, 86.00, 88.00, 92.00, 94.00
  11 , k_3_0.25_13_hive_kd ,    8800  ,   400 (               |         -*-  ),84.00, 87.00, 88.00, 91.00, 96.00
  11 , k_3_0.01_5_hive_2 ,    8800  ,   800 (               |        - *-  ),83.00, 85.00, 88.00, 93.00, 96.00
  11 , k_3_0.25_9_hive_pca ,    8800  ,   700 (               |         -*-  ),84.00, 87.00, 88.00, 93.00, 95.00
  11 , k_3_0.15_5_hive_2 ,    8800  ,   900 (               |        - *-- ),81.00, 85.00, 88.00, 93.00, 97.00
  11 , k_3_0.15_13_hive_where ,    8800  ,  1000 (               |       -  *   ),77.00, 83.00, 88.00, 90.00, 93.00
  11 , k_3_0.25_13_hive_spectral ,    8800  ,   800 (               |        - *-  ),81.00, 86.00, 88.00, 92.00, 94.00
  11 , k_3_0_11_hive_rp ,    8800  ,   500 (               |       -- *   ),79.00, 85.00, 88.00, 90.00, 91.00
  11 , k_3_0.25_9_hive_kd ,    8800  ,   700 (               |        - *   ),81.00, 85.00, 88.00, 91.00, 93.00
  11 , k_3_0.2_7_hive_where ,    8800  ,   700 (               |       -- *-  ),80.00, 86.00, 88.00, 93.00, 94.00
  11 , k_3_0.15_7_hive_random ,    8800  ,   600 (               |        - *-  ),81.00, 84.00, 88.00, 90.00, 94.00
  11 , k_3_0_5_hive_2 ,    8800  ,   500 (               |        - *-  ),83.00, 86.00, 88.00, 90.00, 96.00
  11 , k_3_0.2_13_hive_rp ,    8800  ,   600 (               |        - *-  ),83.00, 85.00, 88.00, 90.00, 96.00
  11 , k_3_0.15_11_hive_kd ,    8800  ,   800 (               |       -- *-  ),80.00, 86.00, 88.00, 91.00, 94.00
  11 , k_3_0_5_hive_kd ,    8800  ,   600 (               |        - *   ),83.00, 85.00, 88.00, 90.00, 92.00
  11 , k_3_0.2_5_hive_random ,    8800  ,   600 (               |        --*-  ),82.00, 87.00, 88.00, 91.00, 94.00
  11 , k_3_0_7_hive_rp ,    8800  ,   500 (               |        - *   ),83.00, 86.00, 88.00, 91.00, 93.00
  11 , k_3_0.15_11_hive_spectral ,    8800  ,   900 (               |       -- *-  ),79.00, 85.00, 88.00, 92.00, 94.00
  11 , k_3_0.2_11_hive_where ,    8800  ,   900 (               |       -  *-- ),79.00, 83.00, 88.00, 91.00, 97.00
  12 , k_3_0.05_13_hive_spectral ,    8900  ,   400 (               |      ----*-  ),76.00, 87.00, 89.00, 90.00, 94.00
  12 , k_3_0_9_hive_rp ,    8900  ,   400 (               |         -*-  ),85.00, 87.00, 89.00, 91.00, 95.00
  12 , k_3_0.15_13_hive_kd ,    8900  ,   400 (               |         -*   ),85.00, 87.00, 89.00, 91.00, 93.00
  12 , k_3_0.2_9_hive_rp ,    8900  ,   900 (               |       -- *-  ),80.00, 86.00, 89.00, 92.00, 95.00
  12 , k_3_0.05_5_hive_rp ,    8900  ,   600 (               |         -*-  ),84.00, 87.00, 89.00, 92.00, 94.00
  12 , k_3_0.15_7_hive_pca ,    8900  ,   600 (               |         -*-  ),84.00, 88.00, 89.00, 92.00, 95.00
  12 , k_3_0.2_7_hive_2 ,    8900  ,   500 (               |        - *-  ),83.00, 86.00, 89.00, 91.00, 94.00
  12 , k_3_0_11_hive_pca ,    8900  ,   600 (               |        --*-  ),83.00, 88.00, 89.00, 93.00, 94.00
  12 , k_3_0.1_11_hive_rp ,    8900  ,   800 (               |       -- *-  ),80.00, 86.00, 89.00, 93.00, 96.00
  12 , k_3_0.1_7_hive_kd ,    8900  ,   600 (               |         -*   ),85.00, 88.00, 89.00, 94.00, 96.00
  12 , k_3_0.1_9_hive_rp ,    8900  ,   500 (               |        --*-  ),82.00, 87.00, 89.00, 91.00, 94.00
  12 , k_3_0.1_7_hive_rp ,    8900  ,   700 (               |         -*-  ),84.00, 87.00, 89.00, 92.00, 96.00
  12 , k_3_0.25_5_hive_kd ,    8900  ,   500 (               |         -*-  ),86.00, 88.00, 89.00, 91.00, 94.00
  12 , k_3_0.25_5_hive_rp ,    8900  ,   400 (               |       ---*   ),79.00, 87.00, 89.00, 91.00, 93.00
  12 , k_3_0.25_11_hive_random ,    8900  ,   700 (               |        - *-  ),83.00, 86.00, 89.00, 93.00, 95.00
  12 , k_3_0.25_5_hive_random ,    8900  ,   700 (               |          *   ),84.00, 86.00, 89.00, 91.00, 93.00
  12 , k_3_0.25_5_hive_pca ,    8900  ,   400 (               |        --*-  ),82.00, 88.00, 89.00, 91.00, 95.00
  12 , k_3_0.2_11_hive_2 ,    8900  ,   300 (               |        --*-  ),81.00, 88.00, 89.00, 91.00, 94.00
  12 , k_3_0.15_7_hive_rp ,    8900  ,   500 (               |          *   ),84.00, 86.00, 89.00, 91.00, 93.00
  12 , k_3_0.1_5_hive_rp ,    8900  ,   400 (               |         -*-  ),85.00, 88.00, 89.00, 92.00, 94.00
  12 , k_3_0_5_hive_rp ,    8900  ,   500 (               |       -- *-  ),79.00, 86.00, 89.00, 91.00, 94.00
  12 , k_3_0_9_hive_kd ,    8900  ,   600 (               |        - *-  ),82.00, 86.00, 89.00, 91.00, 94.00
  12 , k_3_0_13_hive_kd ,    8900  ,   600 (               |        - *-  ),81.00, 85.00, 89.00, 90.00, 94.00
  13 , k_3_0.1_13_hive_pca ,    9000  ,   500 (               |         -*-- ),85.00, 89.00, 90.00, 92.00, 97.00
  13 , k_3_0.01_13_hive_rp ,    9000  ,   600 (               |         -*-  ),85.00, 88.00, 90.00, 93.00, 95.00
  13 , k_3_0.01_13_hive_2 ,    9000  ,   300 (               |          *-  ),88.00, 90.00, 90.00, 92.00, 95.00
  13 , k_3_0.1_11_hive_2 ,    9000  ,   600 (               |         -*   ),84.00, 88.00, 90.00, 94.00, 96.00
  13 , k_3_0.01_9_hive_kd ,    9000  ,   500 (               |         -*-  ),84.00, 89.00, 90.00, 93.00, 96.00
  13 , k_3_0.1_13_hive_kd ,    9000  ,   200 (               |         -*   ),85.00, 88.00, 90.00, 90.00, 93.00
  13 , k_3_0.01_5_hive_pca ,    9000  ,   600 (               |         -*-  ),86.00, 88.00, 90.00, 93.00, 95.00
  13 , k_3_0.25_7_hive_kd ,    9000  ,   600 (               |         -*-  ),85.00, 88.00, 90.00, 93.00, 94.00
  13 , k_3_0.2_5_hive_kd ,    9000  ,   600 (               |        --*   ),83.00, 88.00, 90.00, 94.00, 96.00
  13 , k_3_0.25_7_hive_rp ,    9000  ,   900 (               |       -- *   ),79.00, 86.00, 90.00, 92.00, 93.00
  13 , k_3_0.2_7_hive_random ,    9000  ,   700 (               |        - *-  ),82.00, 86.00, 90.00, 93.00, 94.00
  13 , k_3_0_11_hive_kd ,    9000  ,   800 (               |        - *-  ),83.00, 86.00, 90.00, 91.00, 95.00
  13 , k_3_0.25_11_hive_kd ,    9000  ,   300 (               |          *-  ),87.00, 89.00, 90.00, 92.00, 96.00
  13 , k_3_0.1_7_hive_2 ,    9000  ,   600 (               |         -*-  ),85.00, 87.00, 90.00, 92.00, 94.00
  13 , k_3_0.2_13_hive_2 ,    9000  ,   700 (               |        - *-  ),82.00, 86.00, 90.00, 92.00, 95.00
  13 , k_3_0.2_7_hive_rp ,    9000  ,   600 (               |        --*-  ),83.00, 88.00, 90.00, 92.00, 95.00
  13 , k_3_0_5_hive_pca ,    9000  ,   600 (               |         -*-  ),85.00, 87.00, 90.00, 92.00, 96.00
  13 , k_3_0_13_hive_rp ,    9000  ,   400 (               |         -*-  ),84.00, 88.00, 90.00, 92.00, 95.00
  13 , k_3_0.15_5_hive_rp ,    9000  ,   800 (               |        --*-- ),82.00, 87.00, 90.00, 93.00, 97.00
  13 , k_3_0.25_9_hive_rp ,    9000  ,   700 (               |          *-  ),85.00, 86.00, 90.00, 92.00, 94.00
  13 , k_3_0_9_hive_pca ,    9000  ,   400 (               |        --*-  ),83.00, 87.00, 90.00, 91.00, 94.00
  13 , k_3_0_9_hive_2 ,    9000  ,   600 (               |        --*-  ),81.00, 88.00, 90.00, 92.00, 95.00
  13 , k_3_0.05_13_hive_rp ,    9000  ,   700 (               |       ---*-  ),80.00, 87.00, 90.00, 92.00, 96.00
  13 , k_3_0.25_11_hive_rp ,    9000  ,   700 (               |        - *-  ),82.00, 86.00, 90.00, 92.00, 94.00
  13 , k_3_0.01_7_hive_kd ,    9000  ,   700 (               |       -- *   ),78.00, 85.00, 90.00, 91.00, 93.00
  14 , k_3_0.01_7_hive_2 ,    9100  ,   400 (               |         - *  ),86.00, 90.00, 91.00, 94.00, 95.00
  14 , k_3_0.2_9_hive_kd ,    9100  ,   400 (               |         - *  ),84.00, 90.00, 91.00, 93.00, 94.00
  14 , k_3_0.05_9_hive_2 ,    9100  ,   600 (               |           *- ),88.00, 89.00, 91.00, 94.00, 98.00
  14 , k_3_0.05_11_hive_pca ,    9100  ,   600 (               |         - *  ),86.00, 88.00, 91.00, 93.00, 95.00
  14 , k_3_0.2_9_hive_2 ,    9100  ,   700 (               |         - *  ),84.00, 87.00, 91.00, 94.00, 95.00
  14 , k_3_0.15_7_hive_kd ,    9100  ,   400 (               |         - *  ),85.00, 90.00, 91.00, 93.00, 95.00
  14 , k_3_0.1_13_hive_rp ,    9100  ,   800 (               |         - *- ),85.00, 87.00, 91.00, 95.00, 97.00
  14 , k_3_0.05_9_hive_rp ,    9100  ,   800 (               |        -- *  ),83.00, 90.00, 91.00, 93.00, 96.00
  14 , k_3_0.01_11_hive_2 ,    9100  ,   500 (               |         - *  ),86.00, 88.00, 91.00, 92.00, 96.00
  14 , k_3_0.15_9_hive_kd ,    9100  ,   700 (               |         - *- ),85.00, 87.00, 91.00, 94.00, 97.00
  14 , k_3_0_11_hive_2 ,    9100  ,   500 (               |         - *- ),86.00, 89.00, 91.00, 93.00, 97.00
  14 , k_3_0.2_11_hive_rp ,    9100  ,   600 (               |         - *  ),85.00, 88.00, 91.00, 92.00, 96.00
  14 , k_3_0.15_11_hive_pca ,    9100  ,   300 (               |         - *  ),85.00, 89.00, 91.00, 92.00, 94.00
  14 , k_3_0.15_7_hive_2 ,    9100  ,   500 (               |         - *  ),85.00, 89.00, 91.00, 93.00, 95.00
  14 , k_3_0.25_11_hive_pca ,    9100  ,   300 (               |         - *  ),85.00, 89.00, 91.00, 92.00, 95.00
  14 , k_3_0.2_5_hive_pca ,    9100  ,   500 (               |         - *  ),85.00, 89.00, 91.00, 93.00, 95.00
  14 , k_3_0.15_9_hive_rp ,    9100  ,   500 (               |           *  ),88.00, 89.00, 91.00, 93.00, 94.00
  14 , k_3_0.25_13_hive_2 ,    9100  ,   400 (               |         - *  ),86.00, 90.00, 91.00, 94.00, 96.00
  14 , k_3_0.1_5_hive_pca ,    9100  ,   400 (               |         - *- ),85.00, 89.00, 91.00, 93.00, 97.00
  14 , k_3_0.2_5_hive_2 ,    9100  ,   400 (               |         - *  ),86.00, 88.00, 91.00, 92.00, 93.00
  14 , k_3_0.25_7_hive_2 ,    9100  ,   400 (               |           *  ),88.00, 89.00, 91.00, 93.00, 95.00
  14 , k_3_0.15_5_hive_kd ,    9100  ,   500 (               |         - *  ),84.00, 87.00, 91.00, 92.00, 96.00
  14 , k_3_0.2_11_hive_pca ,    9100  ,   400 (               |         - *  ),86.00, 90.00, 91.00, 93.00, 96.00
  14 , k_3_0.05_11_hive_2 ,    9100  ,   500 (               |         - *- ),86.00, 89.00, 91.00, 93.00, 97.00
  14 , k_3_0_13_hive_2 ,    9100  ,   500 (               |         - *  ),86.00, 89.00, 91.00, 94.00, 95.00
  14 , k_3_0.1_9_hive_kd ,    9100  ,   400 (               |         - *  ),85.00, 89.00, 91.00, 92.00, 95.00
  14 , k_3_0.2_13_hive_pca ,    9100  ,   600 (               |        -- *  ),82.00, 88.00, 91.00, 94.00, 95.00
  14 , k_3_0.1_5_hive_kd ,    9100  ,   700 (               |        -- *  ),81.00, 88.00, 91.00, 93.00, 94.00
  14 , k_3_0.2_9_hive_pca ,    9100  ,   600 (               |         - *  ),85.00, 88.00, 91.00, 94.00, 96.00
  14 , k_3_0.01_11_hive_pca ,    9100  ,   400 (               |         - *  ),85.00, 88.00, 91.00, 92.00, 94.00
  15 , k_3_0.15_13_hive_pca ,    9200  ,   600 (               |           *- ),87.00, 90.00, 92.00, 94.00, 97.00
  15 , k_3_0.05_13_hive_pca ,    9200  ,   500 (               |         - *- ),84.00, 89.00, 92.00, 94.00, 97.00
  15 , k_3_0.2_5_hive_rp ,    9200  ,   600 (               |        -- *  ),81.00, 89.00, 92.00, 94.00, 95.00
  15 , k_3_0.05_7_hive_2 ,    9200  ,   600 (               |         - *  ),84.00, 89.00, 92.00, 95.00, 96.00
  15 , k_3_0.05_11_hive_kd ,    9200  ,   400 (               |           *  ),89.00, 90.00, 92.00, 94.00, 96.00
  15 , k_3_0.01_11_hive_kd ,    9200  ,   700 (               |        -- *  ),82.00, 87.00, 92.00, 94.00, 95.00
  15 , k_3_0.01_13_hive_pca ,    9200  ,   600 (               |         - *  ),84.00, 89.00, 92.00, 94.00, 95.00
  15 , k_3_0_7_hive_pca ,    9200  ,   600 (               |         --*- ),86.00, 91.00, 92.00, 94.00, 98.00
  15 , k_3_0.1_11_hive_kd ,    9200  ,   400 (               |          -*  ),87.00, 91.00, 92.00, 93.00, 96.00
  15 , k_3_0_13_hive_pca ,    9200  ,   600 (               |         - *- ),86.00, 90.00, 92.00, 93.00, 97.00
  15 , k_3_0.15_13_hive_2 ,    9200  ,   500 (               |         - *- ),85.00, 89.00, 92.00, 94.00, 97.00
  15 , k_3_0.05_7_hive_pca ,    9200  ,   600 (               |           *- ),87.00, 89.00, 92.00, 95.00, 97.00
  15 , k_3_0.01_9_hive_pca ,    9200  ,   600 (               |         - *  ),84.00, 89.00, 92.00, 94.00, 95.00
  15 , k_3_0.15_13_hive_rp ,    9200  ,   400 (               |         - *  ),86.00, 90.00, 92.00, 94.00, 96.00
  15 , k_3_0.2_11_hive_kd ,    9200  ,   500 (               |        -- *  ),82.00, 90.00, 92.00, 93.00, 96.00
  15 , k_3_0.05_5_hive_pca ,    9200  ,   400 (               |          -*- ),89.00, 91.00, 92.00, 95.00, 97.00
  15 , k_3_0.15_11_hive_2 ,    9200  ,   700 (               |           *- ),87.00, 89.00, 92.00, 94.00, 98.00
  15 , k_3_0.25_13_hive_pca ,    9200  ,   600 (               |         - *- ),86.00, 89.00, 92.00, 94.00, 97.00
  15 , k_3_0.05_7_hive_kd ,    9200  ,   600 (               |         - *  ),85.00, 88.00, 92.00, 93.00, 95.00
  15 , k_3_0.2_7_hive_pca ,    9200  ,   400 (               |         - *  ),86.00, 90.00, 92.00, 94.00, 95.00
  15 , k_3_0.1_9_hive_2 ,    9200  ,   600 (               |         - *- ),84.00, 89.00, 92.00, 95.00, 97.00
  15 , k_3_0.05_13_hive_2 ,    9200  ,   500 (               |        -- *- ),81.00, 90.00, 92.00, 93.00, 97.00
  15 , k_3_0.01_7_hive_pca ,    9200  ,   500 (               |         - *  ),86.00, 89.00, 92.00, 93.00, 95.00
  15 , k_3_0.15_5_hive_pca ,    9200  ,   800 (               |         --*- ),84.00, 91.00, 92.00, 94.00, 97.00
  15 , k_3_0.25_9_hive_2 ,    9300  ,   600 (               |         - *  ),86.00, 89.00, 93.00, 94.00, 96.00
  15 , k_3_0.25_7_hive_pca ,    9300  ,   600 (               |         - *- ),85.00, 90.00, 93.00, 94.00, 97.00
  15 , k_3_0.2_7_hive_kd ,    9300  ,   600 (               |          -*- ),88.00, 92.00, 93.00, 94.00, 97.00
  15 , k_3_0.1_7_hive_pca ,    9300  ,   500 (               |          -*- ),87.00, 91.00, 93.00, 94.00, 97.00
  15 , k_3_0.25_11_hive_2 ,    9300  ,   400 (               |           *- ),88.00, 90.00, 93.00, 94.00, 97.00
  15 , k_3_0.05_5_hive_2 ,    9300  ,   400 (               |          -*- ),87.00, 91.00, 93.00, 94.00, 97.00
  15 , k_3_0.1_5_hive_2 ,    9300  ,   600 (               |         - *- ),84.00, 89.00, 93.00, 93.00, 97.00
  15 , k_3_0.1_11_hive_pca ,    9300  ,   400 (               |           *  ),87.00, 90.00, 93.00, 93.00, 96.00
  15 , k_3_0.05_9_hive_pca ,    9300  ,   600 (               |         - *  ),85.00, 88.00, 93.00, 94.00, 96.00
  16 , k_3_0.15_9_hive_2 ,    9400  ,   200 (               |          - * ),87.00, 92.00, 94.00, 94.00, 97.00
  16 , k_3_0.25_5_hive_2 ,    9400  ,   400 (               |          - * ),88.00, 92.00, 94.00, 95.00, 96.00
  16 , k_3_0.1_13_hive_2 ,    9400  ,   400 (               |          - * ),89.00, 92.00, 94.00, 95.00, 97.00
  16 , k_3_0.1_9_hive_pca ,    9400  ,   400 (               |          - * ),89.00, 91.00, 94.00, 95.00, 97.00
  16 , k_3_0.15_9_hive_pca ,    9400  ,   400 (               |          - * ),90.00, 93.00, 94.00, 96.00, 97.00
