rank ,         name ,    med   ,  iqr 
----------------------------------------------------
   1 , k_3_0.15_9_hive_pca ,     800  ,   900 ( -* -          |              ), 3.00,  6.00,  8.00, 13.00, 16.00
   1 , k_3_0.1_13_hive_2 ,     900  ,   800 ( - *--         |              ), 4.00,  7.00,  9.00, 13.00, 19.00
   1 , k_3_0.15_9_hive_2 ,    1000  ,   500 ( - *---        |              ), 3.00,  8.00, 10.00, 13.00, 22.00
   1 , k_3_0.25_5_hive_2 ,    1000  ,   800 ( - *---        |              ), 5.00,  8.00, 10.00, 14.00, 20.00
   1 , k_3_0.25_9_hive_2 ,    1100  ,  1000 (  -*  -        |              ), 6.00, 10.00, 11.00, 19.00, 22.00
   1 , k_3_0.05_5_hive_pca ,    1100  ,   900 ( --* -         |              ), 3.00,  9.00, 11.00, 15.00, 18.00
   1 , k_3_0.1_7_hive_pca ,    1100  ,  1000 ( - *---        |              ), 4.00,  8.00, 11.00, 14.00, 22.00
   1 , k_3_0.1_9_hive_pca ,    1100  ,   700 ( - *--         |              ), 4.00,  8.00, 11.00, 14.00, 19.00
   2 , k_3_0.25_7_hive_pca ,    1200  ,  1100 ( -- *---       |              ), 4.00, 10.00, 12.00, 17.00, 25.00
   2 , k_3_0.2_11_hive_kd ,    1200  ,   700 ( -- *----      |              ), 5.00, 11.00, 12.00, 16.00, 28.00
   2 , k_3_0.2_7_hive_kd ,    1200  ,  1000 ( -  *-         |              ), 3.00,  7.00, 12.00, 13.00, 19.00
   2 , k_3_0.15_11_hive_2 ,    1200  ,  1100 ( -- *--        |              ), 3.00,  9.00, 12.00, 17.00, 21.00
   2 , k_3_0.25_11_hive_2 ,    1200  ,   700 ( -- *--        |              ), 4.00, 10.00, 12.00, 16.00, 20.00
   2 , k_3_0.05_5_hive_2 ,    1200  ,  1000 ( -- *--        |              ), 4.00,  9.00, 12.00, 14.00, 20.00
   2 , k_3_0.05_7_hive_kd ,    1200  ,  1100 (    *  -       |              ), 9.00, 11.00, 12.00, 20.00, 24.00
   2 , k_3_0.1_5_hive_2 ,    1200  ,  1100 ( -- * --       |              ), 4.00, 10.00, 12.00, 19.00, 24.00
   2 , k_3_0.2_7_hive_pca ,    1200  ,   700 (  - *---       |              ), 6.00, 10.00, 12.00, 16.00, 23.00
   2 , k_3_0.1_9_hive_2 ,    1200  ,   900 ( -- * --       |              ), 3.00,  9.00, 12.00, 18.00, 25.00
   2 , k_3_0.1_11_hive_pca ,    1200  ,   600 (  - *--        |              ), 6.00, 11.00, 12.00, 16.00, 20.00
   2 , k_3_0.05_9_hive_pca ,    1200  ,  1100 ( -- *  -       |              ), 5.00, 11.00, 12.00, 20.00, 25.00
   2 , k_3_0.15_13_hive_pca ,    1300  ,  1100 ( -- *--        |              ), 4.00,  9.00, 13.00, 17.00, 22.00
   2 , k_3_0.2_5_hive_rp ,    1300  ,  1000 (  - * ----     |              ), 7.00,  9.00, 13.00, 18.00, 29.00
   2 , k_3_0.05_7_hive_2 ,    1300  ,  1100 (    *---       |              ), 6.00,  7.00, 13.00, 17.00, 25.00
   2 , k_3_0.05_11_hive_kd ,    1300  ,   800 ( -- *-         |              ), 5.00, 10.00, 13.00, 16.00, 18.00
   2 , k_3_0.01_11_hive_kd ,    1300  ,  1100 (  - *  --      |              ), 6.00, 10.00, 13.00, 20.00, 28.00
   2 , k_3_0.01_13_hive_pca ,    1300  ,  1100 (  - * --       |              ), 8.00,  9.00, 13.00, 19.00, 24.00
   2 , k_3_0_7_hive_pca ,    1300  ,   800 ( -- *---       |              ), 3.00,  9.00, 13.00, 15.00, 23.00
   2 , k_3_0.1_11_hive_kd ,    1300  ,   600 (  - *--        |              ), 6.00, 10.00, 13.00, 16.00, 21.00
   2 , k_3_0_13_hive_pca ,    1300  ,  1100 ( -- * --       |              ), 4.00, 10.00, 13.00, 18.00, 23.00
   2 , k_3_0.15_13_hive_2 ,    1300  ,  1100 ( -- * --       |              ), 3.00,  9.00, 13.00, 19.00, 24.00
   2 , k_3_0.05_7_hive_pca ,    1300  ,  1100 ( -  *--        |              ), 3.00,  8.00, 13.00, 17.00, 22.00
   2 , k_3_0.25_13_hive_pca ,    1300  ,  1100 ( -- * --       |              ), 3.00,  9.00, 13.00, 19.00, 23.00
   2 , k_3_0.2_11_hive_pca ,    1300  ,   700 (  --*--        |              ), 6.00, 12.00, 13.00, 17.00, 22.00
   2 , k_3_0.05_13_hive_2 ,    1300  ,   900 ( -- *-----     |              ), 4.00, 10.00, 13.00, 17.00, 30.00
   2 , k_3_0.01_7_hive_pca ,    1300  ,   900 ( -- * --       |              ), 5.00, 11.00, 13.00, 18.00, 24.00
   2 , k_3_0.15_5_hive_pca ,    1300  ,  1400 ( -- *---       |              ), 3.00,  9.00, 13.00, 16.00, 25.00
   3 , k_3_0.01_7_hive_2 ,    1400  ,   700 (  - *--        |              ), 6.00, 10.00, 14.00, 17.00, 22.00
   3 , k_3_0.05_13_hive_pca ,    1400  ,  1000 ( -- *---       |              ), 3.00, 10.00, 14.00, 17.00, 24.00
   3 , k_3_0.01_13_hive_2 ,    1400  ,   600 (  --*--        |              ), 6.00, 13.00, 14.00, 17.00, 20.00
   3 , k_3_0.2_9_hive_kd ,    1400  ,   700 (    *----      |              ), 9.00, 11.00, 14.00, 16.00, 27.00
   3 , k_3_0.05_9_hive_2 ,    1400  ,  1200 ( -- *--        |              ), 3.00,  9.00, 14.00, 16.00, 20.00
   3 , k_3_0.05_11_hive_pca ,    1400  ,  1100 (  - *  -       |              ), 7.00, 10.00, 14.00, 20.00, 23.00
   3 , k_3_0.15_7_hive_kd ,    1400  ,   700 (  - *---       |              ), 8.00, 11.00, 14.00, 16.00, 23.00
   3 , k_3_0.05_9_hive_rp ,    1400  ,  1200 ( ---*----      |              ), 5.00, 12.00, 14.00, 17.00, 27.00
   3 , k_3_0.15_9_hive_kd ,    1400  ,  1200 ( -- *  -       |              ), 4.00, 10.00, 14.00, 21.00, 25.00
   3 , k_3_0.01_9_hive_pca ,    1400  ,  1000 (  - * --       |              ), 7.00,  9.00, 14.00, 19.00, 25.00
   3 , k_3_0.15_13_hive_rp ,    1400  ,   700 (  - *---       |              ), 6.00, 11.00, 14.00, 16.00, 23.00
   3 , k_3_0.2_5_hive_pca ,    1400  ,   900 ( -- * --       |              ), 5.00, 11.00, 14.00, 19.00, 24.00
   3 , k_3_0.25_13_hive_2 ,    1400  ,   600 ( -- *---       |              ), 5.00, 11.00, 14.00, 17.00, 23.00
   3 , k_3_0.1_5_hive_pca ,    1400  ,   600 ( ---* --       |              ), 5.00, 12.00, 14.00, 18.00, 25.00
   3 , k_3_0.25_7_hive_2 ,    1400  ,   800 (  --*          |              ), 8.00, 12.00, 14.00, 18.00, 19.00
   3 , k_3_0.2_13_hive_pca ,    1400  ,  1000 (  - * ---      |              ), 7.00, 10.00, 14.00, 18.00, 28.00
   3 , k_3_0.2_9_hive_pca ,    1400  ,  1000 ( -- * --       |              ), 5.00, 11.00, 14.00, 19.00, 23.00
   3 , k_3_0.1_13_hive_rp ,    1500  ,  1600 ( -   * -       |              ), 4.00,  7.00, 15.00, 21.00, 25.00
   3 , k_3_0_11_hive_2 ,    1500  ,   900 ( --  *-        |              ), 4.00, 10.00, 15.00, 19.00, 22.00
   3 , k_3_0.2_11_hive_rp ,    1500  ,  1100 (  -- * -       |              ), 7.00, 13.00, 15.00, 21.00, 24.00
   3 , k_3_0.15_11_hive_pca ,    1500  ,   600 (   - *--       |              ), 9.00, 12.00, 15.00, 18.00, 24.00
   3 , k_3_0.01_5_hive_pca ,    1500  ,  1000 (  -  * -       |              ), 6.00, 10.00, 15.00, 20.00, 23.00
   3 , k_3_0.15_7_hive_2 ,    1500  ,   900 (     *--       |              ), 9.00, 11.00, 15.00, 18.00, 24.00
   3 , k_3_0.2_5_hive_2 ,    1500  ,   700 (   - * -       |              ),10.00, 13.00, 15.00, 20.00, 23.00
   3 , k_3_0.15_5_hive_kd ,    1500  ,  1000 ( --- * -       |              ), 5.00, 13.00, 15.00, 21.00, 25.00
   3 , k_3_0.05_11_hive_2 ,    1500  ,  1000 ( --- *--       |              ), 5.00, 12.00, 15.00, 19.00, 23.00
   3 , k_3_0_13_hive_2 ,    1500  ,   800 (  -  *--       |              ), 8.00, 10.00, 15.00, 17.00, 24.00
   3 , k_3_0.1_9_hive_kd ,    1500  ,   800 (  -- *--       |              ), 8.00, 13.00, 15.00, 18.00, 25.00
   3 , k_3_0.1_5_hive_kd ,    1500  ,  1100 (  -- * ---     |              ), 8.00, 12.00, 15.00, 20.00, 29.00
   3 , k_3_0.01_11_hive_pca ,    1500  ,   500 (   - *--       |              ),10.00, 14.00, 15.00, 19.00, 24.00
   4 , k_3_0.1_13_hive_pca ,    1600  ,   800 ( --- *--       |              ), 4.00, 12.00, 16.00, 18.00, 24.00
   4 , k_3_0.1_11_hive_2 ,    1600  ,  1000 (  -  * --      |              ), 6.00, 10.00, 16.00, 20.00, 27.00
   4 , k_3_0.2_9_hive_2 ,    1600  ,  1300 (  -  * -       |              ), 7.00, 11.00, 16.00, 21.00, 25.00
   4 , k_3_0.01_9_hive_kd ,    1600  ,   800 ( --- *---      |              ), 4.00, 12.00, 16.00, 18.00, 26.00
   4 , k_3_0.01_11_hive_2 ,    1600  ,   800 (  -- * -       |              ), 7.00, 12.00, 16.00, 20.00, 23.00
   4 , k_3_0.25_7_hive_kd ,    1600  ,   900 (   - *--       |              ),10.00, 12.00, 16.00, 19.00, 25.00
   4 , k_3_0.25_11_hive_pca ,    1600  ,   500 (  -- *--       |              ), 7.00, 13.00, 16.00, 18.00, 25.00
   4 , k_3_0.2_5_hive_kd ,    1600  ,  1100 (  -  * --      |              ), 6.00, 10.00, 16.00, 20.00, 27.00
   4 , k_3_0.15_9_hive_rp ,    1600  ,   700 (   - *-        |              ), 9.00, 12.00, 16.00, 19.00, 20.00
   4 , k_3_0.25_7_hive_rp ,    1600  ,  1200 (   - *  --     |              ),10.00, 12.00, 16.00, 23.00, 30.00
   4 , k_3_0_11_hive_kd ,    1600  ,  1100 (  -- *  -      |              ), 7.00, 13.00, 16.00, 24.00, 27.00
   4 , k_3_0.25_11_hive_kd ,    1600  ,   600 (  -- *-        |              ), 6.00, 13.00, 16.00, 18.00, 22.00
   4 , k_3_0.1_7_hive_2 ,    1600  ,  1000 (   - * -       |              ), 9.00, 13.00, 16.00, 22.00, 24.00
   4 , k_3_0.2_13_hive_2 ,    1600  ,  1200 (  -- * --      |              ), 7.00, 13.00, 16.00, 22.00, 27.00
   4 , k_3_0_5_hive_pca ,    1600  ,   900 ( --- * -       |              ), 5.00, 12.00, 16.00, 20.00, 25.00
   4 , k_3_0_13_hive_rp ,    1600  ,   800 (  -- * -       |              ), 7.00, 14.00, 16.00, 20.00, 25.00
   4 , k_3_0.15_5_hive_rp ,    1600  ,  1300 ( --  * ---     |              ), 4.00,  9.00, 16.00, 21.00, 29.00
   4 , k_3_0.25_9_hive_rp ,    1600  ,  1200 (  -- *         |              ), 8.00, 12.00, 16.00, 23.00, 25.00
   4 , k_3_0_9_hive_2 ,    1600  ,  1100 (  -- * ---     |              ), 8.00, 13.00, 16.00, 21.00, 29.00
   4 , k_3_0.05_13_hive_rp ,    1600  ,  1200 (  -- * ---     |              ), 7.00, 13.00, 16.00, 22.00, 30.00
   4 , k_3_0.25_11_hive_rp ,    1600  ,  1300 (  -- *  -      |              ), 8.00, 13.00, 16.00, 23.00, 27.00
   4 , k_3_0.01_7_hive_kd ,    1600  ,  1200 (   - *  ---    |              ),10.00, 13.00, 16.00, 24.00, 33.00
   4 , k_3_0.01_13_hive_rp ,    1700  ,   900 (  -- * -       |              ), 7.00, 12.00, 17.00, 20.00, 24.00
   4 , k_3_0.1_13_hive_kd ,    1700  ,   300 (   --*--       |              ),11.00, 16.00, 17.00, 19.00, 25.00
   4 , k_3_0.2_7_hive_random ,    1700  ,  1100 (   - * ---     |              ), 9.00, 13.00, 17.00, 22.00, 29.00
   4 , k_3_0.1_11_hive_rp ,    1700  ,  1100 ( --- * ---     |              ), 5.00, 12.00, 17.00, 21.00, 31.00
   4 , k_3_0.25_5_hive_kd ,    1700  ,   800 (   --* -       |              ),10.00, 15.00, 17.00, 20.00, 24.00
   4 , k_3_0.25_11_hive_random ,    1700  ,  1100 (  -- * --      |              ), 7.00, 12.00, 17.00, 21.00, 27.00
   4 , k_3_0.2_7_hive_rp ,    1700  ,   800 (  -- * --      |              ), 8.00, 13.00, 17.00, 20.00, 26.00
   4 , k_3_0_9_hive_pca ,    1700  ,   600 (   --* --      |              ), 9.00, 16.00, 17.00, 20.00, 28.00
   4 , k_3_0.2_11_hive_2 ,    1700  ,   600 (   --* ---     |              ),10.00, 15.00, 17.00, 20.00, 29.00
   5 , k_3_0.15_13_hive_kd ,    1800  ,   600 (    - *-       |              ),12.00, 15.00, 18.00, 21.00, 23.00
   5 , k_3_0.05_11_hive_rp ,    1800  ,  1100 (   -  * -      |              ), 9.00, 14.00, 18.00, 24.00, 27.00
   5 , k_3_0.2_9_hive_rp ,    1800  ,  1600 (  --  * --     |              ), 7.00, 12.00, 18.00, 23.00, 30.00
   5 , k_3_0.05_5_hive_rp ,    1800  ,  1000 (   -  *-       |              ), 9.00, 13.00, 18.00, 21.00, 25.00
   5 , k_3_0.15_7_hive_pca ,    1800  ,  1100 (  --  *-       |              ), 8.00, 14.00, 18.00, 20.00, 25.00
   5 , k_3_0.2_7_hive_2 ,    1800  ,   800 (   -- * -      |              ),10.00, 15.00, 18.00, 23.00, 27.00
   5 , k_3_0_11_hive_pca ,    1800  ,   900 (   -  *--      |              ),10.00, 13.00, 18.00, 21.00, 27.00
   5 , k_3_0.1_7_hive_kd ,    1800  ,  1200 (  -   *-       |              ), 7.00, 10.00, 18.00, 20.00, 23.00
   5 , k_3_0.1_9_hive_rp ,    1800  ,   700 (  --- *--      |              ), 8.00, 15.00, 18.00, 21.00, 28.00
   5 , k_3_0.1_7_hive_rp ,    1800  ,  1000 (  --  *-       |              ), 7.00, 14.00, 18.00, 22.00, 25.00
   5 , k_3_0.25_5_hive_rp ,    1800  ,   800 (   -  *---     |              ),10.00, 14.00, 18.00, 21.00, 31.00
   5 , k_3_0.25_5_hive_random ,    1800  ,  1000 (      * -      |              ),12.00, 14.00, 18.00, 23.00, 26.00
   5 , k_3_0.25_5_hive_pca ,    1800  ,   800 (   -- *--      |              ), 9.00, 16.00, 18.00, 20.00, 28.00
   5 , k_3_0.15_11_hive_kd ,    1800  ,  1000 (  --- * --     |              ), 8.00, 15.00, 18.00, 23.00, 31.00
   5 , k_3_0.15_7_hive_rp ,    1800  ,   900 (   -  *-       |              ),11.00, 14.00, 18.00, 22.00, 25.00
   5 , k_3_0.1_5_hive_rp ,    1800  ,   800 (   -  *-       |              ), 9.00, 14.00, 18.00, 20.00, 23.00
   5 , k_3_0.15_11_hive_spectral ,    1800  ,  1400 (   -  * --     |              ), 9.00, 13.00, 18.00, 24.00, 31.00
   5 , k_3_0_5_hive_rp ,    1800  ,  1000 (   -- * ---    |              ),10.00, 15.00, 18.00, 23.00, 33.00
   5 , k_3_0_9_hive_kd ,    1800  ,  1000 (   -- * -      |              ),10.00, 16.00, 18.00, 23.00, 28.00
   5 , k_3_0_13_hive_kd ,    1800  ,   900 (   -- * --     |              ),10.00, 16.00, 18.00, 24.00, 30.00
   5 , k_3_0.25_11_hive_where ,    1900  ,   900 (    - * -      |              ),13.00, 16.00, 19.00, 24.00, 27.00
   5 , k_3_0.05_13_hive_spectral ,    1900  ,   800 (   -- *-----   |              ), 9.00, 16.00, 19.00, 21.00, 35.00
   5 , k_3_0_9_hive_rp ,    1900  ,   600 (   -- *-       |              ), 9.00, 15.00, 19.00, 21.00, 23.00
   5 , k_3_0.01_5_hive_kd ,    1900  ,   900 (   -- * -      |              ),11.00, 15.00, 19.00, 23.00, 27.00
   5 , k_3_0.25_13_hive_kd ,    1900  ,   800 (  --  *-       |              ), 6.00, 14.00, 19.00, 22.00, 25.00
   5 , k_3_0.01_5_hive_2 ,    1900  ,  1200 ( ---  * -      |              ), 5.00, 12.00, 19.00, 23.00, 28.00
   5 , k_3_0.15_5_hive_2 ,    1900  ,  1500 ( ---  * --     |              ), 5.00, 12.00, 19.00, 24.00, 30.00
   5 , k_3_0.25_9_hive_kd ,    1900  ,  1100 (   -  * --     |              ),11.00, 14.00, 19.00, 23.00, 29.00
   5 , k_3_0.2_7_hive_where ,    1900  ,  1100 (   -  *---     |              ), 9.00, 12.00, 19.00, 22.00, 31.00
   5 , k_3_0_5_hive_2 ,    1900  ,   900 ( ---- *-       |              ), 5.00, 16.00, 19.00, 22.00, 25.00
   5 , k_3_0.2_5_hive_random ,    1900  ,  1000 (   -- *--      |              ), 9.00, 15.00, 19.00, 21.00, 28.00
   6 , k_3_0.05_9_hive_kd ,    2000  ,  1300 (  -    *-      |              ), 6.00, 11.00, 20.00, 22.00, 27.00
   6 , k_3_0.25_7_hive_random ,    2000  ,  1100 (    -- * ----  |              ),13.00, 18.00, 20.00, 26.00, 38.00
   6 , k_3_0.2_9_hive_random ,    2000  ,   600 (    -  *-      |              ),14.00, 17.00, 20.00, 23.00, 28.00
   6 , k_3_0.25_5_hive_where ,    2000  ,  1400 (  ---  *--     |              ), 8.00, 15.00, 20.00, 24.00, 29.00
   6 , k_3_0.05_5_hive_kd ,    2000  ,   600 (    -  *       |              ),13.00, 16.00, 20.00, 22.00, 25.00
   6 , k_3_0_13_hive_spectral ,    2000  ,  1200 (    -- * ---   |              ),13.00, 18.00, 20.00, 26.00, 36.00
   6 , k_3_0.05_13_hive_kd ,    2000  ,   800 (  --   *-      |              ), 7.00, 14.00, 20.00, 21.00, 26.00
   6 , k_3_0.15_11_hive_random ,    2000  ,  1100 (   --  *-      |              ),11.00, 15.00, 20.00, 24.00, 28.00
   6 , k_3_0.15_11_hive_rp ,    2000  ,   700 (    -  *--     |              ),12.00, 16.00, 20.00, 23.00, 29.00
   6 , k_3_0.01_11_hive_rp ,    2000  ,  1000 (   -   *-      |              ), 9.00, 14.00, 20.00, 23.00, 28.00
   6 , k_3_0.25_9_hive_pca ,    2000  ,  1000 (  --   *-      |              ), 8.00, 12.00, 20.00, 22.00, 26.00
   6 , k_3_0.15_13_hive_where ,    2000  ,  1300 (   --  * --    |              ), 9.00, 16.00, 20.00, 26.00, 33.00
   6 , k_3_0.25_13_hive_spectral ,    2000  ,  1200 (   -   *--     |              ), 9.00, 14.00, 20.00, 22.00, 29.00
   6 , k_3_0_11_hive_rp ,    2000  ,   800 (    -  *--     |              ),14.00, 15.00, 20.00, 22.00, 31.00
   6 , k_3_0.2_13_hive_kd ,    2000  ,  1100 ( ---   *---    |              ), 4.00, 13.00, 20.00, 24.00, 32.00
   6 , k_3_0.15_7_hive_random ,    2000  ,   900 (   --  *--     |              ), 9.00, 17.00, 20.00, 24.00, 30.00
   6 , k_3_0.2_13_hive_rp ,    2000  ,  1100 (  ---  *-      |              ), 6.00, 16.00, 20.00, 23.00, 28.00
   6 , k_3_0_5_hive_kd ,    2000  ,   800 (    -  *-      |              ),13.00, 16.00, 20.00, 24.00, 27.00
   6 , k_3_0_7_hive_rp ,    2000  ,   700 (    -  *-      |              ),12.00, 15.00, 20.00, 22.00, 27.00
   6 , k_3_0.2_13_hive_where ,    2000  ,   700 (       *-      |              ),15.00, 17.00, 20.00, 24.00, 28.00
   6 , k_3_0.2_11_hive_spectral ,    2000  ,   900 (   --  *--     |              ),11.00, 16.00, 20.00, 23.00, 31.00
   6 , k_3_0.2_11_hive_where ,    2000  ,  1400 ( ----  * --    |              ), 5.00, 15.00, 20.00, 27.00, 33.00
   6 , k_3_0.01_13_hive_kd ,    2100  ,  1000 (     - * --    |              ),15.00, 18.00, 21.00, 26.00, 33.00
   6 , k_3_0.01_9_hive_rp ,    2100  ,  1100 (   --  *--     |              ),10.00, 15.00, 21.00, 24.00, 29.00
   6 , k_3_0.25_13_hive_rp ,    2100  ,   700 (    -  *--     |              ),12.00, 16.00, 21.00, 23.00, 31.00
   6 , k_3_0.01_5_hive_rp ,    2100  ,   900 (     - * -     |              ),16.00, 18.00, 21.00, 26.00, 31.00
   6 , k_3_0.01_7_hive_rp ,    2100  ,   900 ( ----  *--     |              ), 3.00, 17.00, 21.00, 23.00, 31.00
   6 , k_3_0.2_11_hive_random ,    2100  ,   500 (  ---- *--     |              ), 8.00, 19.00, 21.00, 24.00, 29.00
   6 , k_3_0.05_5_hive_where ,    2100  ,  1100 (   -   *---    |              ),11.00, 14.00, 21.00, 24.00, 33.00
   6 , k_3_0.01_9_hive_2 ,    2100  ,  1000 (  ---  *--     |              ), 6.00, 15.00, 21.00, 24.00, 29.00
   6 , k_3_0.25_9_hive_random ,    2100  ,  1100 (   --  *---    |              ),11.00, 15.00, 21.00, 25.00, 33.00
   6 , k_3_0.2_13_hive_random ,    2100  ,   800 (   --  *--     |              ),10.00, 17.00, 21.00, 25.00, 30.00
   6 , k_3_0.25_13_hive_where ,    2100  ,   700 (   --  *---    |              ),10.00, 16.00, 21.00, 23.00, 33.00
   7 , k_3_0.05_13_hive_random ,    2200  ,  1300 (  ---- * ---   |              ), 8.00, 19.00, 22.00, 28.00, 35.00
   7 , k_3_0_7_hive_kd ,    2200  ,   600 (     --*-      |              ),15.00, 20.00, 22.00, 24.00, 28.00
   7 , k_3_0.15_9_hive_where ,    2200  ,   900 (    -- * ----  |              ),13.00, 19.00, 22.00, 27.00, 37.00
   7 , k_3_0.05_7_hive_spectral ,    2200  ,  1500 (  ---  *  ---  |              ), 7.00, 16.00, 22.00, 29.00, 37.00
   7 , k_3_0.2_9_hive_where ,    2200  ,   800 (    -- * -     |              ),12.00, 19.00, 22.00, 26.00, 29.00
   7 , k_3_0.15_13_hive_spectral ,    2200  ,  1000 (   --- * --    |              ),11.00, 19.00, 22.00, 27.00, 34.00
   7 , k_3_0.05_7_hive_random ,    2200  ,  1000 (    ---*  -    |              ),13.00, 20.00, 22.00, 29.00, 33.00
   7 , k_3_0_7_hive_2 ,    2200  ,  1500 (    -  *  --   |              ),12.00, 16.00, 22.00, 30.00, 36.00
   7 , k_3_0.15_5_hive_where ,    2200  ,   800 (     - * -     |              ),15.00, 19.00, 22.00, 26.00, 30.00
   7 , k_3_0.15_13_hive_random ,    2300  ,   900 (    --- *-     |              ),13.00, 20.00, 23.00, 28.00, 30.00
   7 , k_3_0_13_hive_random ,    2300  ,  1500 (    -   * --   |              ),13.00, 17.00, 23.00, 31.00, 35.00
   7 , k_3_0.05_5_hive_random ,    2300  ,  1200 (   ---  * ---- |              ),10.00, 18.00, 23.00, 30.00, 40.00
   7 , k_3_0.15_5_hive_random ,    2300  ,  1200 (    --  * -    |              ),13.00, 18.00, 23.00, 30.00, 34.00
   7 , k_3_0.25_13_hive_random ,    2300  ,   900 (     -- *--    |              ),17.00, 20.00, 23.00, 25.00, 33.00
   7 , k_3_0.25_7_hive_where ,    2300  ,  1000 (   ---  *---   |              ), 9.00, 18.00, 23.00, 28.00, 35.00
   7 , k_3_0.05_7_hive_rp ,    2300  ,  1200 (    -   *--    |              ),13.00, 16.00, 23.00, 26.00, 33.00
   7 , k_3_0.1_9_hive_random ,    2300  ,   600 (     -- *-     |              ),15.00, 20.00, 23.00, 25.00, 31.00
   7 , k_3_0.2_5_hive_spectral ,    2300  ,  1100 (   ---- * ---  |              ),11.00, 20.00, 23.00, 29.00, 38.00
   7 , k_3_0.25_5_hive_spectral ,    2300  ,   900 (   --   *-     |              ),10.00, 17.00, 23.00, 25.00, 31.00
   7 , k_3_0.01_11_hive_spectral ,    2400  ,  1000 (    ----* ---  |              ),13.00, 23.00, 24.00, 31.00, 38.00
   7 , k_3_0.05_9_hive_random ,    2400  ,  1200 (    -   *-     |              ),13.00, 17.00, 24.00, 28.00, 30.00
   7 , k_3_0.05_5_hive_spectral ,    2400  ,  1500 (     -  * ---  |              ),16.00, 19.00, 24.00, 29.00, 37.00
   7 , k_3_0.25_9_hive_where ,    2400  ,   700 (    --- *-     |              ),13.00, 20.00, 24.00, 26.00, 30.00
   7 , k_3_0.05_11_hive_where ,    2400  ,   900 (    ----* ---  |              ),14.00, 23.00, 24.00, 30.00, 38.00
   7 , k_3_0.15_11_hive_where ,    2400  ,  1000 (    --- *--    |              ),13.00, 21.00, 24.00, 28.00, 34.00
   7 , k_3_0.05_7_hive_where ,    2400  ,  1000 (    --  *--    |              ),12.00, 18.00, 24.00, 27.00, 33.00
   7 , k_3_0.01_11_hive_where ,    2400  ,   900 (     -- * --   |              ),17.00, 22.00, 24.00, 29.00, 35.00
   7 , k_3_0.15_5_hive_spectral ,    2400  ,   700 (      - *---   |              ),18.00, 22.00, 24.00, 27.00, 35.00
   7 , k_3_0.2_5_hive_where ,    2400  ,   700 (    --- *----  |              ),13.00, 20.00, 24.00, 27.00, 38.00
   8 , k_3_0.05_13_hive_where ,    2500  ,   900 (    --- * --   |              ),14.00, 22.00, 25.00, 30.00, 36.00
   8 , k_3_0.01_7_hive_where ,    2500  ,  1300 (     -- * ---- |              ),16.00, 21.00, 25.00, 30.00, 41.00
   8 , k_3_0.2_9_hive_spectral ,    2500  ,  1300 (    ----*  --  |              ),12.00, 24.00, 25.00, 32.00, 37.00
   8 , k_3_0.2_13_hive_spectral ,    2500  ,   700 (     -- *-     |              ),16.00, 22.00, 25.00, 27.00, 29.00
   8 , k_3_0.1_5_hive_where ,    2500  ,  1500 (    --- *  --- |              ),12.00, 20.00, 25.00, 33.00, 42.00
   8 , k_3_0.01_11_hive_random ,    2500  ,  1200 (     ---* ---  |              ),15.00, 23.00, 25.00, 31.00, 39.00
   8 , k_3_0_7_hive_random ,    2500  ,   900 (     -- * --   |              ),17.00, 22.00, 25.00, 30.00, 35.00
   8 , k_3_0.01_9_hive_random ,    2500  ,  1500 (    --  *  --  |              ),13.00, 18.00, 25.00, 32.00, 39.00
   8 , k_3_0.05_11_hive_random ,    2500  ,  1100 (     -- *  -   |              ),15.00, 22.00, 25.00, 33.00, 35.00
   8 , k_3_0.1_11_hive_random ,    2500  ,  1000 (    --  * --   |              ),13.00, 19.00, 25.00, 29.00, 35.00
   8 , k_3_0.01_9_hive_where ,    2600  ,  1800 (    ---  * --- |              ),14.00, 20.00, 26.00, 33.00, 41.00
   8 , k_3_0.15_9_hive_random ,    2600  ,   900 (    ---  *     |              ),14.00, 20.00, 26.00, 28.00, 31.00
   8 , k_3_0.05_9_hive_spectral ,    2600  ,  1300 (    ---  * --  |              ),14.00, 22.00, 26.00, 33.00, 39.00
   8 , k_3_0.15_7_hive_spectral ,    2600  ,   900 (   ----  *---  |              ), 9.00, 21.00, 26.00, 29.00, 39.00
   8 , k_3_0.1_9_hive_spectral ,    2600  ,   900 (     --  *---  |              ),16.00, 22.00, 26.00, 30.00, 39.00
   8 , k_3_0.01_7_hive_random ,    2600  ,  1100 (    ---  *---  |              ),14.00, 21.00, 26.00, 31.00, 37.00
   8 , k_3_0.01_5_hive_random ,    2700  ,  1300 (     --- *--   |              ),16.00, 24.00, 27.00, 31.00, 35.00
   8 , k_3_0.1_7_hive_where ,    2700  ,  1100 (     --  *-----|              ),16.00, 22.00, 27.00, 31.00, 44.00
   8 , k_3_0.1_5_hive_spectral ,    2700  ,   800 (      -- *--   |              ),18.00, 24.00, 27.00, 29.00, 35.00
   8 , k_3_0.25_7_hive_spectral ,    2700  ,  1000 (     --  *---  |              ),15.00, 21.00, 27.00, 30.00, 38.00
   8 , k_3_0.2_7_hive_spectral ,    2700  ,  1700 (    --   * --  |              ),14.00, 18.00, 27.00, 34.00, 39.00
   9 , k_3_0_11_hive_where ,    2800  ,  1100 (       - * --  |              ),20.00, 23.00, 28.00, 34.00, 37.00
   9 , k_3_0.25_11_hive_spectral ,    2800  ,  1500 (     --- *     |              ),16.00, 23.00, 28.00, 32.00, 33.00
   9 , k_3_0.15_7_hive_where ,    2800  ,  1100 (     --  * --  |              ),15.00, 22.00, 28.00, 33.00, 37.00
   9 , k_3_0.05_11_hive_spectral ,    2800  ,   900 (         *---  |              ),23.00, 25.00, 28.00, 31.00, 39.00
   9 , k_3_0.1_5_hive_random ,    2800  ,   900 (      -- *---- |              ),18.00, 24.00, 28.00, 31.00, 42.00
   9 , k_3_0.01_13_hive_random ,    2800  ,  1000 (    ---- * --  |              ),13.00, 25.00, 28.00, 33.00, 37.00
   9 , k_3_0.1_7_hive_random ,    2800  ,   800 (     --- * -   |              ),15.00, 24.00, 28.00, 32.00, 36.00
   9 , k_3_0_5_hive_random ,    2800  ,   800 (      -- *---  |              ),18.00, 25.00, 28.00, 30.00, 38.00
   9 , k_3_0_9_hive_spectral ,    2800  ,  1200 (      -- * --  |              ),19.00, 24.00, 28.00, 34.00, 39.00
   9 , k_3_0.25_9_hive_spectral ,    2800  ,  1300 (     -   *--   |              ),16.00, 19.00, 28.00, 30.00, 36.00
   9 , k_3_0.1_11_hive_spectral ,    2800  ,   900 (    ---- * --- |              ),14.00, 24.00, 28.00, 33.00, 40.00
   9 , k_3_0.01_5_hive_where ,    2800  ,  1100 (      -- *  -  |              ),18.00, 24.00, 28.00, 35.00, 39.00
   9 , k_3_0.05_9_hive_where ,    2800  ,  1400 (       - * --  |              ),20.00, 24.00, 28.00, 32.00, 39.00
   9 , k_3_0.1_13_hive_where ,    2800  ,  1100 (     --- * ----|              ),15.00, 23.00, 28.00, 33.00, 45.00
   9 , k_3_0.1_13_hive_random ,    2900  ,  1300 (          * -- |              ),20.00, 22.00, 29.00, 35.00, 42.00
   9 , k_3_0_9_hive_where ,    2900  ,  1100 (     ---  *-   |              ),15.00, 23.00, 29.00, 33.00, 35.00
   9 , k_3_0_11_hive_spectral ,    2900  ,  1600 (     -    * ---|              ),17.00, 19.00, 29.00, 35.00, 47.00
   9 , k_3_0.15_9_hive_spectral ,    2900  ,   900 (       -- *--  |              ),20.00, 26.00, 29.00, 33.00, 38.00
   9 , k_3_0_11_hive_random ,    2900  ,  1400 (      --- *----|              ),18.00, 26.00, 29.00, 33.00, 43.00
  10 , k_3_0.1_7_hive_spectral ,    3000  ,  1000 (      --  *--  |              ),18.00, 25.00, 30.00, 33.00, 37.00
  10 , k_3_0.01_13_hive_where ,    3000  ,  1400 (       -  * -  |              ),20.00, 23.00, 30.00, 36.00, 39.00
  10 , k_3_0.01_7_hive_spectral ,    3000  ,  1200 (        - * -- |              ),23.00, 26.00, 30.00, 36.00, 40.00
  10 , k_3_0_13_hive_where ,    3000  ,  1000 (        - *--- |              ),24.00, 28.00, 30.00, 34.00, 41.00
  10 , k_3_0.01_9_hive_spectral ,    3000  ,   900 (       -- *--- |              ),22.00, 28.00, 30.00, 34.00, 40.00
  10 , k_3_0_9_hive_random ,    3000  ,  1300 (        - *  - |              ),24.00, 26.00, 30.00, 37.00, 41.00
  10 , k_3_0.1_13_hive_spectral ,    3100  ,   900 (          *--  |              ),23.00, 25.00, 31.00, 31.00, 37.00
  10 , k_3_0_7_hive_where ,    3100  ,   600 (        --*----|              ),23.00, 30.00, 31.00, 34.00, 45.00
  10 , k_3_0.01_13_hive_spectral ,    3200  ,  1200 (     ---   *-- |              ),16.00, 25.00, 32.00, 35.00, 41.00
  10 , k_3_0_5_hive_spectral ,    3200  ,   700 (        -  *---|              ),23.00, 27.00, 32.00, 34.00, 44.00
  10 , k_3_0.01_5_hive_spectral ,    3300  ,  1000 (       --  * - |              ),20.00, 27.00, 33.00, 37.00, 42.00
  10 , k_3_0.1_11_hive_where ,    3300  ,  1000 (       --  *---|              ),22.00, 28.00, 33.00, 35.00, 47.00
  11 , k_3_0_5_hive_where ,    3500  ,   800 (         -- * -|              ),28.00, 33.00, 35.00, 40.00, 45.00
  11 , k_3_0.1_9_hive_where ,    3500  ,  1000 (        --- * -|              ),25.00, 33.00, 35.00, 40.00, 48.00
  11 , k_3_0_7_hive_spectral ,    3600  ,  1400 (      ---   *--|              ),18.00, 27.00, 36.00, 38.00, 44.00
  12 , k_3_0.1_13_hive_entropic ,    6600  ,   700 (               |     - *--    ),60.00, 65.00, 66.00, 69.00, 74.00
  12 , k_3_0.05_13_hive_entropic ,    6700  ,   700 (               |     - *-     ),62.00, 65.00, 67.00, 70.00, 73.00
  13 , k_3_0.05_7_hive_entropic ,    6800  ,   700 (               |     --* -    ),61.00, 66.00, 68.00, 73.00, 76.00
  13 , k_3_0.15_13_hive_entropic ,    6900  ,   900 (               |     -- *-    ),61.00, 66.00, 69.00, 73.00, 76.00
  13 , k_3_0.2_5_hive_entropic ,    6900  ,   800 (               |      - *--   ),63.00, 66.00, 69.00, 73.00, 77.00
  13 , k_3_0.25_13_hive_entropic ,    6900  ,   500 (               |      - *-    ),65.00, 66.00, 69.00, 71.00, 74.00
  13 , k_3_0.2_11_hive_entropic ,    6900  ,   400 (               |     -- *-    ),60.00, 68.00, 69.00, 71.00, 75.00
  13 , k_3_0.15_11_hive_entropic ,    6900  ,   700 (               |      - *-    ),63.00, 67.00, 69.00, 73.00, 75.00
  13 , k_3_0.05_5_hive_entropic ,    6900  ,   600 (               |     -- *--   ),61.00, 66.00, 69.00, 71.00, 77.00
  13 , k_3_0.25_7_hive_entropic ,    6900  ,   500 (               |      - *-    ),63.00, 67.00, 69.00, 72.00, 74.00
  13 , k_3_0.15_7_hive_entropic ,    6900  ,   900 (               |      - *--   ),63.00, 66.00, 69.00, 73.00, 77.00
  14 , k_3_0.05_11_hive_entropic ,    7000  ,   600 (               |      - *-    ),64.00, 66.00, 70.00, 72.00, 75.00
  14 , k_3_0.01_11_hive_entropic ,    7000  ,   500 (               |     -- *-    ),61.00, 67.00, 70.00, 71.00, 76.00
  14 , k_3_0_7_hive_entropic ,    7000  ,   300 (               |       -*--   ),68.00, 69.00, 70.00, 71.00, 79.00
  14 , k_3_0.2_13_hive_entropic ,    7000  ,   600 (               |      --*--   ),64.00, 69.00, 70.00, 72.00, 77.00
  14 , k_3_0.01_9_hive_entropic ,    7000  ,   600 (               |     -- *--   ),62.00, 68.00, 70.00, 73.00, 77.00
  14 , k_3_0.2_9_hive_entropic ,    7100  ,   400 (               |       - *    ),68.00, 70.00, 71.00, 74.00, 76.00
  14 , k_3_0.1_9_hive_entropic ,    7100  ,   700 (               |     --  *    ),61.00, 68.00, 71.00, 74.00, 76.00
  14 , k_3_0_13_hive_entropic ,    7100  ,  1000 (               |      -  *-   ),64.00, 66.00, 71.00, 74.00, 77.00
  15 , k_3_0.15_9_hive_entropic ,    7200  ,   600 (               |       - *-   ),66.00, 69.00, 72.00, 74.00, 79.00
  15 , k_3_0.25_9_hive_entropic ,    7200  ,   700 (               |      -  *-   ),65.00, 68.00, 72.00, 74.00, 77.00
  15 , k_3_0.1_5_hive_entropic ,    7200  ,   700 (               |      -  *    ),65.00, 68.00, 72.00, 75.00, 76.00
  15 , k_3_0_9_hive_entropic ,    7200  ,   400 (               |      -- *-   ),65.00, 69.00, 72.00, 73.00, 77.00
  15 , k_3_0.25_5_hive_entropic ,    7200  ,   500 (               |       - *    ),68.00, 70.00, 72.00, 74.00, 76.00
  15 , k_3_0.25_11_hive_entropic ,    7200  ,   600 (               |       --*-   ),68.00, 71.00, 72.00, 76.00, 77.00
  15 , k_3_0_5_hive_entropic ,    7300  ,   800 (               |      -- *-   ),65.00, 69.00, 73.00, 74.00, 79.00
  15 , k_3_0.01_7_hive_entropic ,    7300  ,   500 (               |       - *-   ),68.00, 70.00, 73.00, 74.00, 78.00
  15 , k_3_0.01_13_hive_entropic ,    7300  ,   500 (               |       - *    ),67.00, 70.00, 73.00, 74.00, 76.00
  15 , k_3_0.2_7_hive_entropic ,    7300  ,   400 (               |       --*-   ),67.00, 71.00, 73.00, 74.00, 79.00
  15 , k_3_0.15_5_hive_entropic ,    7300  ,   600 (               |        -*-   ),70.00, 71.00, 73.00, 75.00, 78.00
  15 , k_3_0.1_7_hive_entropic ,    7300  ,   500 (               |        -*-   ),69.00, 71.00, 73.00, 76.00, 78.00
  16 , k_3_0.1_11_hive_entropic ,    7400  ,   700 (               |     ---- *   ),62.00, 71.00, 74.00, 76.00, 79.00
  16 , k_3_0.05_9_hive_entropic ,    7400  ,   500 (               |          *-  ),71.00, 73.00, 74.00, 76.00, 82.00
  16 , k_3_0_11_hive_entropic ,    7500  ,   400 (               |        - *-  ),70.00, 73.00, 75.00, 77.00, 82.00
  16 , k_3_0.01_5_hive_entropic ,    7600  ,   400 (               |         -*-  ),71.00, 75.00, 76.00, 78.00, 80.00
