rank ,         name ,    med   ,  iqr 
----------------------------------------------------
   1 , k_3_0.05_11_hive_entropic ,    6800  ,   600 (  -   *---     |              ),62.00, 64.00, 68.00, 69.00, 73.00
   1 , k_3_0.05_7_hive_entropic ,    6800  ,   500 (   -- * --     |              ),64.00, 66.00, 68.00, 71.00, 73.00
   1 , k_3_0.01_11_hive_entropic ,    6800  ,   400 (    - * -      |              ),65.00, 67.00, 68.00, 71.00, 72.00
   1 , k_3_0.25_11_hive_entropic ,    6800  ,   500 (    - *  --    |              ),65.00, 67.00, 68.00, 72.00, 75.00
   1 , k_3_0_5_hive_entropic ,    6900  ,   400 (       *---    |              ),66.00, 67.00, 69.00, 70.00, 75.00
   1 , k_3_0.2_13_hive_entropic ,    6900  ,   400 (   --- *--     |              ),64.00, 68.00, 69.00, 71.00, 73.00
   1 , k_3_0.01_9_hive_entropic ,    6900  ,   400 (   --  *--     |              ),64.00, 67.00, 69.00, 70.00, 74.00
   2 , k_3_0_11_hive_entropic ,    7000  ,   200 (    --- *-     |              ),65.00, 69.00, 70.00, 71.00, 73.00
   2 , k_3_0.15_9_hive_entropic ,    7000  ,   400 (   ---  *-     |              ),64.00, 68.00, 70.00, 71.00, 74.00
   2 , k_3_0.1_13_hive_entropic ,    7000  ,   600 (     -  * --   |              ),66.00, 68.00, 70.00, 74.00, 76.00
   2 , k_3_0.05_13_hive_entropic ,    7000  ,   400 (    -   *-     |              ),65.00, 67.00, 70.00, 71.00, 74.00
   2 , k_3_0.15_5_hive_entropic ,    7000  ,   500 (     -- * --   |              ),66.00, 69.00, 70.00, 73.00, 76.00
   3 , k_3_0.2_9_hive_entropic ,    7100  ,   300 (     -- *-     |              ),67.00, 69.00, 71.00, 72.00, 74.00
   3 , k_3_0.25_9_hive_entropic ,    7100  ,   400 (     -  *-     |              ),66.00, 68.00, 71.00, 72.00, 74.00
   3 , k_3_0.15_13_hive_entropic ,    7100  ,   400 (     -- * -    |              ),66.00, 69.00, 71.00, 73.00, 75.00
   3 , k_3_0_13_hive_entropic ,    7100  ,   600 (     -  * -    |              ),66.00, 68.00, 71.00, 73.00, 75.00
   3 , k_3_0.01_13_hive_entropic ,    7100  ,   400 (      --* ---  |              ),68.00, 70.00, 71.00, 73.00, 78.00
   3 , k_3_0.05_9_hive_entropic ,    7100  ,   500 (     ---* --   |              ),66.00, 70.00, 71.00, 73.00, 76.00
   3 , k_3_0.2_7_hive_entropic ,    7100  ,   600 (   ---  *      |              ),64.00, 68.00, 71.00, 73.00, 74.00
   3 , k_3_0.15_11_hive_entropic ,    7100  ,   500 (     -  * -    |              ),67.00, 68.00, 71.00, 73.00, 75.00
   3 , k_3_0.05_5_hive_entropic ,    7100  ,   600 (     -- * ---  |              ),66.00, 69.00, 71.00, 74.00, 77.00
   3 , k_3_0.1_7_hive_entropic ,    7100  ,   500 (   -----* -    |              ),64.00, 70.00, 71.00, 73.00, 75.00
   3 , k_3_0.2_5_hive_entropic ,    7200  ,   400 (         * --  |              ),70.00, 71.00, 72.00, 75.00, 78.00
   3 , k_3_0_9_hive_entropic ,    7200  ,   500 (     --  *--   |              ),66.00, 69.00, 72.00, 73.00, 76.00
   3 , k_3_0.2_11_hive_entropic ,    7200  ,   700 (     --  *---  |              ),66.00, 69.00, 72.00, 74.00, 78.00
   3 , k_3_0.25_7_hive_entropic ,    7200  ,   700 (  ---    *---  |              ),62.00, 67.00, 72.00, 73.00, 77.00
   3 , k_3_0.01_5_hive_entropic ,    7200  ,   600 (         *--   |              ),66.00, 67.00, 72.00, 73.00, 76.00
   4 , k_3_0_7_hive_entropic ,    7300  ,   400 (     ---  *    |              ),67.00, 71.00, 73.00, 73.00, 75.00
   4 , k_3_0.1_11_hive_entropic ,    7300  ,   400 (      --  *--  |              ),68.00, 71.00, 73.00, 74.00, 77.00
   4 , k_3_0.01_7_hive_entropic ,    7300  ,   400 (      --- *--  |              ),68.00, 72.00, 73.00, 75.00, 77.00
   4 , k_3_0.25_13_hive_entropic ,    7300  ,   500 (     ---- *--  |              ),66.00, 72.00, 73.00, 75.00, 77.00
   4 , k_3_0.25_5_hive_entropic ,    7300  ,   600 (       -- *    |              ),69.00, 72.00, 73.00, 77.00, 78.00
   4 , k_3_0.15_7_hive_entropic ,    7300  ,   600 (     ---  *--  |              ),67.00, 70.00, 73.00, 75.00, 78.00
   4 , k_3_0.1_5_hive_entropic ,    7400  ,   300 (        - *--  |              ),71.00, 72.00, 74.00, 74.00, 77.00
   4 , k_3_0.1_9_hive_entropic ,    7500  ,   600 (        -  * - |              ),70.00, 72.00, 75.00, 77.00, 79.00
   5 , k_3_0_11_hive_where ,    9400  ,   300 (               |       - *    ),91.00, 93.00, 94.00, 96.00, 97.00
   5 , k_3_0_5_hive_spectral ,    9400  ,   200 (               |         *-   ),92.00, 93.00, 94.00, 95.00, 96.00
   5 , k_3_0.01_7_hive_spectral ,    9400  ,   100 (               |        -*-   ),93.00, 94.00, 94.00, 95.00, 97.00
   5 , k_3_0_7_hive_spectral ,    9400  ,   300 (               |         *    ),93.00, 93.00, 94.00, 96.00, 97.00
   5 , k_3_0_5_hive_where ,    9400  ,   200 (               |         *-   ),93.00, 93.00, 94.00, 95.00, 96.00
   5 , k_3_0.1_9_hive_where ,    9400  ,   100 (               |        -*-   ),93.00, 94.00, 94.00, 95.00, 96.00
   6 , k_3_0.1_7_hive_spectral ,    9500  ,   200 (               |          *   ),94.00, 94.00, 95.00, 96.00, 97.00
   6 , k_3_0.01_5_hive_random ,    9500  ,   200 (               |         -*   ),94.00, 95.00, 95.00, 96.00, 97.00
   6 , k_3_0.1_7_hive_where ,    9500  ,   300 (               |        - *   ),92.00, 94.00, 95.00, 96.00, 97.00
   6 , k_3_0.01_13_hive_spectral ,    9500  ,   100 (               |        - *   ),93.00, 94.00, 95.00, 95.00, 97.00
   6 , k_3_0.01_13_hive_where ,    9500  ,   200 (               |        - *   ),92.00, 94.00, 95.00, 96.00, 96.00
   6 , k_3_0.1_13_hive_spectral ,    9500  ,   200 (               |         -*   ),94.00, 95.00, 95.00, 96.00, 96.00
   6 , k_3_0.25_11_hive_spectral ,    9500  ,   100 (               |         -*-  ),94.00, 95.00, 95.00, 96.00, 98.00
   6 , k_3_0.15_7_hive_where ,    9500  ,   200 (               |        - *   ),92.00, 94.00, 95.00, 96.00, 97.00
   6 , k_3_0.05_11_hive_spectral ,    9500  ,   200 (               |        - *   ),92.00, 94.00, 95.00, 96.00, 96.00
   6 , k_3_0.1_5_hive_random ,    9500  ,   200 (               |        - *   ),92.00, 94.00, 95.00, 96.00, 97.00
   6 , k_3_0.2_9_hive_spectral ,    9500  ,   200 (               |         -*   ),94.00, 95.00, 95.00, 97.00, 97.00
   6 , k_3_0.1_5_hive_spectral ,    9500  ,   200 (               |        - *   ),93.00, 94.00, 95.00, 96.00, 97.00
   6 , k_3_0.25_7_hive_spectral ,    9500  ,   100 (               |        --*   ),93.00, 95.00, 95.00, 96.00, 97.00
   6 , k_3_0.01_13_hive_random ,    9500  ,   200 (               |        - *   ),93.00, 94.00, 95.00, 96.00, 97.00
   6 , k_3_0_9_hive_where ,    9500  ,   200 (               |         -*   ),94.00, 95.00, 95.00, 96.00, 97.00
   6 , k_3_0.2_13_hive_spectral ,    9500  ,   100 (               |         -*   ),94.00, 95.00, 95.00, 96.00, 97.00
   6 , k_3_0_11_hive_spectral ,    9500  ,   200 (               |       -- *   ),91.00, 94.00, 95.00, 96.00, 96.00
   6 , k_3_0.1_7_hive_random ,    9500  ,   200 (               |        - *   ),93.00, 94.00, 95.00, 96.00, 97.00
   6 , k_3_0.05_5_hive_spectral ,    9500  ,   200 (               |         -*   ),94.00, 95.00, 95.00, 96.00, 97.00
   6 , k_3_0.05_9_hive_spectral ,    9500  ,   100 (               |        --*   ),93.00, 95.00, 95.00, 96.00, 97.00
   6 , k_3_0_13_hive_where ,    9500  ,   100 (               |        --*   ),93.00, 95.00, 95.00, 96.00, 97.00
   6 , k_3_0_5_hive_random ,    9500  ,   300 (               |          *   ),92.00, 93.00, 95.00, 95.00, 96.00
   6 , k_3_0_9_hive_spectral ,    9500  ,   200 (               |        - *   ),92.00, 94.00, 95.00, 96.00, 97.00
   6 , k_3_0.25_9_hive_where ,    9500  ,   200 (               |         -*   ),94.00, 95.00, 95.00, 96.00, 97.00
   6 , k_3_0.05_11_hive_where ,    9500  ,   200 (               |        --*   ),92.00, 95.00, 95.00, 96.00, 97.00
   6 , k_3_0.01_9_hive_spectral ,    9500  ,   200 (               |        - *   ),93.00, 94.00, 95.00, 95.00, 96.00
   6 , k_3_0.1_9_hive_spectral ,    9500  ,   200 (               |        - *   ),92.00, 94.00, 95.00, 95.00, 96.00
   6 , k_3_0.01_5_hive_spectral ,    9500  ,   100 (               |        - *   ),93.00, 94.00, 95.00, 95.00, 97.00
   6 , k_3_0_11_hive_random ,    9500  ,   200 (               |       -- *   ),91.00, 94.00, 95.00, 96.00, 97.00
   6 , k_3_0.05_7_hive_where ,    9500  ,   200 (               |        - *   ),93.00, 94.00, 95.00, 96.00, 97.00
   6 , k_3_0.25_9_hive_spectral ,    9500  ,   200 (               |          *   ),94.00, 94.00, 95.00, 96.00, 97.00
   6 , k_3_0.01_11_hive_random ,    9500  ,   300 (               |        - *   ),92.00, 94.00, 95.00, 96.00, 97.00
   6 , k_3_0.1_11_hive_spectral ,    9500  ,   200 (               |        - *   ),93.00, 94.00, 95.00, 96.00, 97.00
   6 , k_3_0.01_11_hive_where ,    9500  ,   200 (               |        - *   ),93.00, 94.00, 95.00, 96.00, 97.00
   6 , k_3_0_7_hive_where ,    9500  ,   200 (               |        - *   ),93.00, 94.00, 95.00, 96.00, 96.00
   6 , k_3_0.01_7_hive_random ,    9500  ,   200 (               |        - *   ),93.00, 94.00, 95.00, 96.00, 97.00
   6 , k_3_0_7_hive_random ,    9500  ,   300 (               |        - *   ),93.00, 94.00, 95.00, 96.00, 96.00
   6 , k_3_0.01_9_hive_random ,    9500  ,   100 (               |         -*   ),94.00, 95.00, 95.00, 96.00, 97.00
   6 , k_3_0.05_11_hive_random ,    9500  ,   200 (               |        --*   ),93.00, 95.00, 95.00, 96.00, 97.00
   6 , k_3_0.01_5_hive_where ,    9500  ,   300 (               |        - *   ),92.00, 94.00, 95.00, 95.00, 97.00
   6 , k_3_0_9_hive_random ,    9500  ,   100 (               |        - *   ),93.00, 94.00, 95.00, 95.00, 96.00
   6 , k_3_0.05_9_hive_where ,    9500  ,   200 (               |        - *   ),92.00, 94.00, 95.00, 95.00, 96.00
   6 , k_3_0.1_11_hive_where ,    9500  ,   200 (               |        - *   ),93.00, 94.00, 95.00, 96.00, 96.00
   7 , k_3_0.25_11_hive_where ,    9600  ,   200 (               |          -*  ),95.00, 96.00, 96.00, 97.00, 97.00
   7 , k_3_0.15_13_hive_random ,    9600  ,   200 (               |         - *  ),94.00, 95.00, 96.00, 96.00, 97.00
   7 , k_3_0.05_13_hive_spectral ,    9600  ,   100 (               |        ---*  ),93.00, 96.00, 96.00, 97.00, 97.00
   7 , k_3_0.01_13_hive_kd ,    9600  ,   200 (               |         - *  ),94.00, 95.00, 96.00, 96.00, 97.00
   7 , k_3_0.01_9_hive_where ,    9600  ,   300 (               |        -- *  ),93.00, 95.00, 96.00, 96.00, 97.00
   7 , k_3_0.01_9_hive_rp ,    9600  ,   200 (               |         - *  ),94.00, 95.00, 96.00, 97.00, 98.00
   7 , k_3_0.25_7_hive_random ,    9600  ,   200 (               |        -- *  ),93.00, 95.00, 96.00, 97.00, 97.00
   7 , k_3_0_13_hive_random ,    9600  ,   300 (               |           *  ),94.00, 94.00, 96.00, 97.00, 97.00
   7 , k_3_0.25_13_hive_rp ,    9600  ,   200 (               |         --*  ),94.00, 96.00, 96.00, 97.00, 98.00
   7 , k_3_0.2_9_hive_random ,    9600  ,   100 (               |          -*  ),95.00, 96.00, 96.00, 97.00, 97.00
   7 , k_3_0.05_13_hive_where ,    9600  ,   100 (               |         - *  ),94.00, 95.00, 96.00, 96.00, 97.00
   7 , k_3_0.25_5_hive_where ,    9600  ,   100 (               |          -*  ),95.00, 96.00, 96.00, 97.00, 98.00
   7 , k_3_0.05_5_hive_kd ,    9600  ,   100 (               |          -*  ),95.00, 96.00, 96.00, 97.00, 97.00
   7 , k_3_0.01_7_hive_where ,    9600  ,   200 (               |        -- *  ),92.00, 95.00, 96.00, 96.00, 97.00
   7 , k_3_0.15_9_hive_random ,    9600  ,   200 (               |         - *  ),94.00, 95.00, 96.00, 97.00, 97.00
   7 , k_3_0.05_11_hive_rp ,    9600  ,   200 (               |         --*  ),94.00, 96.00, 96.00, 97.00, 98.00
   7 , k_3_0_13_hive_spectral ,    9600  ,   200 (               |        -- *  ),93.00, 95.00, 96.00, 97.00, 97.00
   7 , k_3_0.05_5_hive_random ,    9600  ,   200 (               |        -- *  ),93.00, 95.00, 96.00, 96.00, 97.00
   7 , k_3_0.15_5_hive_random ,    9600  ,   200 (               |        -- *  ),93.00, 95.00, 96.00, 97.00, 97.00
   7 , k_3_0.01_5_hive_kd ,    9600  ,   100 (               |          -*  ),95.00, 96.00, 96.00, 97.00, 98.00
   7 , k_3_0.15_11_hive_random ,    9600  ,   100 (               |          -*  ),95.00, 96.00, 96.00, 97.00, 98.00
   7 , k_3_0.01_5_hive_rp ,    9600  ,   200 (               |         --*  ),94.00, 96.00, 96.00, 97.00, 97.00
   7 , k_3_0.15_11_hive_rp ,    9600  ,   100 (               |          -*  ),95.00, 96.00, 96.00, 97.00, 98.00
   7 , k_3_0.01_11_hive_rp ,    9600  ,   200 (               |         - *  ),94.00, 95.00, 96.00, 97.00, 98.00
   7 , k_3_0.25_13_hive_kd ,    9600  ,   100 (               |          -*  ),95.00, 96.00, 96.00, 97.00, 98.00
   7 , k_3_0.01_11_hive_spectral ,    9600  ,   300 (               |           *  ),94.00, 94.00, 96.00, 97.00, 97.00
   7 , k_3_0.05_13_hive_random ,    9600  ,   200 (               |         - *  ),94.00, 95.00, 96.00, 97.00, 98.00
   7 , k_3_0.01_5_hive_2 ,    9600  ,   200 (               |          -*  ),95.00, 96.00, 96.00, 97.00, 98.00
   7 , k_3_0.25_9_hive_pca ,    9600  ,   200 (               |          -*  ),95.00, 96.00, 96.00, 97.00, 98.00
   7 , k_3_0.1_13_hive_random ,    9600  ,   100 (               |         - *  ),94.00, 95.00, 96.00, 96.00, 97.00
   7 , k_3_0.05_9_hive_random ,    9600  ,   200 (               |         - *  ),94.00, 95.00, 96.00, 97.00, 97.00
   7 , k_3_0.25_13_hive_random ,    9600  ,   200 (               |         - *  ),94.00, 95.00, 96.00, 97.00, 97.00
   7 , k_3_0.15_13_hive_where ,    9600  ,   200 (               |         - *  ),94.00, 95.00, 96.00, 97.00, 97.00
   7 , k_3_0_7_hive_kd ,    9600  ,   200 (               |          -*  ),95.00, 96.00, 96.00, 97.00, 97.00
   7 , k_3_0.2_7_hive_2 ,    9600  ,   100 (               |          -*  ),95.00, 96.00, 96.00, 97.00, 98.00
   7 , k_3_0.25_13_hive_spectral ,    9600  ,   200 (               |           *  ),95.00, 95.00, 96.00, 97.00, 98.00
   7 , k_3_0.25_7_hive_where ,    9600  ,   200 (               |         - *  ),94.00, 95.00, 96.00, 96.00, 98.00
   7 , k_3_0.15_9_hive_where ,    9600  ,   200 (               |        -- *  ),93.00, 95.00, 96.00, 97.00, 97.00
   7 , k_3_0.1_9_hive_rp ,    9600  ,   100 (               |          -*  ),95.00, 96.00, 96.00, 97.00, 98.00
   7 , k_3_0_11_hive_rp ,    9600  ,   200 (               |         - *  ),94.00, 95.00, 96.00, 97.00, 97.00
   7 , k_3_0.1_5_hive_where ,    9600  ,   200 (               |        -  *  ),93.00, 94.00, 96.00, 96.00, 97.00
   7 , k_3_0.05_7_hive_spectral ,    9600  ,   200 (               |         - *  ),94.00, 95.00, 96.00, 97.00, 98.00
   7 , k_3_0.25_9_hive_kd ,    9600  ,   200 (               |        -- *  ),93.00, 95.00, 96.00, 97.00, 98.00
   7 , k_3_0.05_7_hive_rp ,    9600  ,   200 (               |         --*  ),94.00, 96.00, 96.00, 97.00, 97.00
   7 , k_3_0.15_7_hive_spectral ,    9600  ,   100 (               |        -- *  ),93.00, 95.00, 96.00, 96.00, 98.00
   7 , k_3_0.01_7_hive_rp ,    9600  ,   100 (               |         --*  ),94.00, 96.00, 96.00, 96.00, 98.00
   7 , k_3_0.2_11_hive_random ,    9600  ,   200 (               |          -*  ),95.00, 96.00, 96.00, 97.00, 98.00
   7 , k_3_0.2_13_hive_kd ,    9600  ,   100 (               |          -*  ),95.00, 96.00, 96.00, 97.00, 98.00
   7 , k_3_0.15_7_hive_random ,    9600  ,   200 (               |          -*  ),95.00, 96.00, 96.00, 97.00, 98.00
   7 , k_3_0.1_9_hive_random ,    9600  ,   100 (               |        -- *  ),93.00, 95.00, 96.00, 96.00, 97.00
   7 , k_3_0_5_hive_2 ,    9600  ,   100 (               |          -*  ),95.00, 96.00, 96.00, 97.00, 98.00
   7 , k_3_0.01_9_hive_2 ,    9600  ,   200 (               |         --*  ),94.00, 96.00, 96.00, 97.00, 98.00
   7 , k_3_0.15_9_hive_spectral ,    9600  ,   100 (               |        -- *  ),93.00, 95.00, 96.00, 96.00, 97.00
   7 , k_3_0.25_11_hive_random ,    9600  ,   200 (               |         - *  ),94.00, 95.00, 96.00, 97.00, 98.00
   7 , k_3_0.15_11_hive_where ,    9600  ,   200 (               |        -- *  ),93.00, 95.00, 96.00, 97.00, 97.00
   7 , k_3_0.2_13_hive_2 ,    9600  ,   200 (               |          -*  ),95.00, 96.00, 96.00, 97.00, 98.00
   7 , k_3_0.2_9_hive_where ,    9600  ,   100 (               |         - *  ),94.00, 95.00, 96.00, 96.00, 97.00
   7 , k_3_0.25_5_hive_pca ,    9600  ,   100 (               |          -*  ),95.00, 96.00, 96.00, 97.00, 98.00
   7 , k_3_0_5_hive_kd ,    9600  ,   200 (               |         - *  ),94.00, 95.00, 96.00, 97.00, 97.00
   7 , k_3_0_7_hive_rp ,    9600  ,   200 (               |         --*  ),94.00, 96.00, 96.00, 97.00, 97.00
   7 , k_3_0.15_5_hive_spectral ,    9600  ,   100 (               |         - *  ),94.00, 95.00, 96.00, 96.00, 97.00
   7 , k_3_0.15_7_hive_rp ,    9600  ,   100 (               |          -*  ),95.00, 96.00, 96.00, 97.00, 98.00
   7 , k_3_0.15_13_hive_spectral ,    9600  ,   200 (               |         - *  ),94.00, 95.00, 96.00, 97.00, 97.00
   7 , k_3_0.05_7_hive_random ,    9600  ,   200 (               |         - *  ),94.00, 95.00, 96.00, 96.00, 97.00
   7 , k_3_0.2_5_hive_spectral ,    9600  ,   200 (               |        -- *  ),93.00, 95.00, 96.00, 97.00, 98.00
   7 , k_3_0.2_13_hive_where ,    9600  ,   200 (               |          -*  ),95.00, 96.00, 96.00, 97.00, 97.00
   7 , k_3_0.2_7_hive_spectral ,    9600  ,   200 (               |        -- *  ),93.00, 95.00, 96.00, 97.00, 97.00
   7 , k_3_0.15_11_hive_spectral ,    9600  ,   200 (               |        ---*  ),93.00, 96.00, 96.00, 97.00, 98.00
   7 , k_3_0.2_11_hive_spectral ,    9600  ,   200 (               |         - *  ),94.00, 95.00, 96.00, 97.00, 98.00
   7 , k_3_0.1_11_hive_random ,    9600  ,   300 (               |        -  *  ),92.00, 94.00, 96.00, 97.00, 97.00
   7 , k_3_0.25_5_hive_spectral ,    9600  ,   200 (               |           *  ),95.00, 95.00, 96.00, 97.00, 97.00
   7 , k_3_0.25_9_hive_random ,    9600  ,   200 (               |         --*  ),94.00, 96.00, 96.00, 97.00, 97.00
   7 , k_3_0.2_13_hive_random ,    9600  ,   100 (               |          -*  ),95.00, 96.00, 96.00, 97.00, 98.00
   7 , k_3_0.25_13_hive_where ,    9600  ,   200 (               |         - *  ),94.00, 95.00, 96.00, 97.00, 98.00
   7 , k_3_0_5_hive_rp ,    9600  ,   100 (               |          -*  ),95.00, 96.00, 96.00, 97.00, 98.00
   7 , k_3_0.2_5_hive_where ,    9600  ,   200 (               |           *  ),95.00, 95.00, 96.00, 96.00, 98.00
   7 , k_3_0_9_hive_kd ,    9600  ,   200 (               |         - *  ),94.00, 95.00, 96.00, 97.00, 98.00
   7 , k_3_0.15_5_hive_where ,    9600  ,   100 (               |           *  ),95.00, 95.00, 96.00, 96.00, 97.00
   7 , k_3_0.2_11_hive_where ,    9600  ,   200 (               |         - *  ),94.00, 95.00, 96.00, 97.00, 98.00
   7 , k_3_0.1_13_hive_where ,    9600  ,   100 (               |         - *  ),94.00, 95.00, 96.00, 96.00, 97.00
   8 , k_3_0.15_13_hive_pca ,    9700  ,   100 (               |           *  ),96.00, 97.00, 97.00, 98.00, 98.00
   8 , k_3_0.01_7_hive_2 ,    9700  ,   100 (               |          -*  ),95.00, 96.00, 97.00, 97.00, 98.00
   8 , k_3_0.05_9_hive_kd ,    9700  ,   100 (               |          -*  ),95.00, 96.00, 97.00, 97.00, 98.00
   8 , k_3_0.1_13_hive_pca ,    9700  ,     0 (               |           *  ),96.00, 97.00, 97.00, 97.00, 98.00
   8 , k_3_0.01_13_hive_rp ,    9700  ,   100 (               |           *  ),96.00, 96.00, 97.00, 97.00, 98.00
   8 , k_3_0.05_13_hive_pca ,    9700  ,   200 (               |           *  ),96.00, 97.00, 97.00, 98.00, 98.00
   8 , k_3_0_9_hive_rp ,    9700  ,   100 (               |          -*  ),95.00, 96.00, 97.00, 97.00, 98.00
   8 , k_3_0.01_13_hive_2 ,    9700  ,   100 (               |           *  ),96.00, 96.00, 97.00, 97.00, 97.00
   8 , k_3_0.2_9_hive_kd ,    9700  ,   100 (               |          -*  ),95.00, 96.00, 97.00, 97.00, 98.00
   8 , k_3_0.15_13_hive_kd ,    9700  ,   100 (               |           *  ),96.00, 96.00, 97.00, 97.00, 97.00
   8 , k_3_0.2_5_hive_rp ,    9700  ,   200 (               |          -*- ),95.00, 96.00, 97.00, 98.00, 99.00
   8 , k_3_0.15_9_hive_2 ,    9700  ,   100 (               |           *  ),96.00, 97.00, 97.00, 98.00, 98.00
   8 , k_3_0.05_7_hive_2 ,    9700  ,   200 (               |          -*  ),95.00, 96.00, 97.00, 98.00, 98.00
   8 , k_3_0.05_9_hive_2 ,    9700  ,   100 (               |           *- ),96.00, 97.00, 97.00, 98.00, 99.00
   8 , k_3_0.05_11_hive_pca ,    9700  ,   100 (               |          -*  ),95.00, 96.00, 97.00, 97.00, 98.00
   8 , k_3_0.1_11_hive_2 ,    9700  ,   200 (               |          -*  ),95.00, 96.00, 97.00, 98.00, 98.00
   8 , k_3_0.05_11_hive_kd ,    9700  ,   200 (               |           *  ),96.00, 96.00, 97.00, 97.00, 98.00
   8 , k_3_0.01_11_hive_kd ,    9700  ,   100 (               |         --*  ),94.00, 96.00, 97.00, 97.00, 98.00
   8 , k_3_0.05_13_hive_kd ,    9700  ,   200 (               |          -*  ),95.00, 96.00, 97.00, 97.00, 98.00
   8 , k_3_0.2_9_hive_2 ,    9700  ,   200 (               |          -*  ),95.00, 96.00, 97.00, 98.00, 98.00
   8 , k_3_0.01_9_hive_kd ,    9700  ,   100 (               |          -*  ),95.00, 96.00, 97.00, 97.00, 98.00
   8 , k_3_0.15_7_hive_kd ,    9700  ,   100 (               |           *  ),96.00, 97.00, 97.00, 98.00, 98.00
   8 , k_3_0.25_9_hive_2 ,    9700  ,   200 (               |           *  ),96.00, 96.00, 97.00, 97.00, 98.00
   8 , k_3_0.01_13_hive_pca ,    9700  ,   100 (               |          -*  ),95.00, 96.00, 97.00, 97.00, 98.00
   8 , k_3_0.25_5_hive_2 ,    9700  ,   100 (               |           *  ),96.00, 97.00, 97.00, 98.00, 98.00
   8 , k_3_0_7_hive_pca ,    9700  ,   200 (               |           *  ),96.00, 97.00, 97.00, 98.00, 98.00
   8 , k_3_0.1_13_hive_rp ,    9700  ,   200 (               |          -*  ),95.00, 96.00, 97.00, 98.00, 98.00
   8 , k_3_0.05_9_hive_rp ,    9700  ,   100 (               |          -*  ),95.00, 96.00, 97.00, 97.00, 98.00
   8 , k_3_0.01_11_hive_2 ,    9700  ,   100 (               |           *  ),96.00, 96.00, 97.00, 97.00, 98.00
   8 , k_3_0.1_11_hive_kd ,    9700  ,   100 (               |           *  ),96.00, 96.00, 97.00, 97.00, 98.00
   8 , k_3_0.2_9_hive_rp ,    9700  ,   100 (               |          -*  ),95.00, 96.00, 97.00, 97.00, 98.00
   8 , k_3_0.1_13_hive_kd ,    9700  ,   100 (               |          -*  ),95.00, 96.00, 97.00, 97.00, 98.00
   8 , k_3_0.15_9_hive_kd ,    9700  ,   100 (               |           *  ),96.00, 96.00, 97.00, 97.00, 98.00
   8 , k_3_0_11_hive_2 ,    9700  ,     0 (               |          -*  ),95.00, 97.00, 97.00, 97.00, 98.00
   8 , k_3_0.2_11_hive_rp ,    9700  ,   100 (               |          -*- ),95.00, 96.00, 97.00, 97.00, 99.00
   8 , k_3_0.15_5_hive_2 ,    9700  ,   200 (               |          -*  ),95.00, 96.00, 97.00, 98.00, 98.00
   8 , k_3_0_13_hive_pca ,    9700  ,   200 (               |           *  ),96.00, 97.00, 97.00, 98.00, 98.00
   8 , k_3_0.25_7_hive_pca ,    9700  ,   200 (               |           *  ),96.00, 96.00, 97.00, 98.00, 98.00
   8 , k_3_0.15_13_hive_2 ,    9700  ,   200 (               |          -*- ),95.00, 97.00, 97.00, 98.00, 99.00
   8 , k_3_0.15_11_hive_pca ,    9700  ,   100 (               |           *  ),96.00, 96.00, 97.00, 97.00, 98.00
   8 , k_3_0.01_5_hive_pca ,    9700  ,   100 (               |           *  ),96.00, 96.00, 97.00, 97.00, 98.00
   8 , k_3_0.05_5_hive_rp ,    9700  ,   100 (               |          -*  ),95.00, 96.00, 97.00, 97.00, 98.00
   8 , k_3_0.15_7_hive_2 ,    9700  ,   200 (               |           *  ),96.00, 96.00, 97.00, 98.00, 98.00
   8 , k_3_0.01_9_hive_pca ,    9700  ,   200 (               |          -*- ),95.00, 96.00, 97.00, 98.00, 99.00
   8 , k_3_0.15_13_hive_rp ,    9700  ,     0 (               |           *- ),96.00, 97.00, 97.00, 97.00, 99.00
   8 , k_3_0.25_7_hive_kd ,    9700  ,   100 (               |          -*  ),95.00, 96.00, 97.00, 97.00, 98.00
   8 , k_3_0.15_7_hive_pca ,    9700  ,   100 (               |          -*  ),95.00, 96.00, 97.00, 97.00, 98.00
   8 , k_3_0.25_11_hive_pca ,    9700  ,   100 (               |          -*  ),95.00, 96.00, 97.00, 97.00, 98.00
   8 , k_3_0.2_5_hive_kd ,    9700  ,   200 (               |          -*  ),95.00, 96.00, 97.00, 98.00, 98.00
   8 , k_3_0.2_5_hive_pca ,    9700  ,   100 (               |          -*  ),95.00, 96.00, 97.00, 97.00, 98.00
   8 , k_3_0.2_11_hive_kd ,    9700  ,   200 (               |         --*  ),94.00, 96.00, 97.00, 97.00, 98.00
   8 , k_3_0.15_9_hive_rp ,    9700  ,   100 (               |           *  ),96.00, 97.00, 97.00, 97.00, 98.00
   8 , k_3_0.2_7_hive_kd ,    9700  ,   100 (               |           *  ),96.00, 97.00, 97.00, 98.00, 98.00
   8 , k_3_0.05_5_hive_pca ,    9700  ,   100 (               |           *  ),97.00, 97.00, 97.00, 98.00, 98.00
   8 , k_3_0.25_7_hive_rp ,    9700  ,   200 (               |        ---*  ),93.00, 96.00, 97.00, 97.00, 98.00
   8 , k_3_0.2_7_hive_random ,    9700  ,   100 (               |          -*  ),95.00, 96.00, 97.00, 97.00, 98.00
   8 , k_3_0_11_hive_pca ,    9700  ,   200 (               |           *  ),96.00, 96.00, 97.00, 98.00, 98.00
   8 , k_3_0.25_13_hive_2 ,    9700  ,   100 (               |           *  ),96.00, 97.00, 97.00, 98.00, 98.00
   8 , k_3_0.1_11_hive_rp ,    9700  ,   100 (               |          -*  ),95.00, 96.00, 97.00, 97.00, 98.00
   8 , k_3_0.1_7_hive_kd ,    9700  ,   100 (               |          -*  ),95.00, 96.00, 97.00, 97.00, 98.00
   8 , k_3_0.1_7_hive_rp ,    9700  ,   200 (               |          -*  ),95.00, 96.00, 97.00, 97.00, 98.00
   8 , k_3_0_11_hive_kd ,    9700  ,   100 (               |          -*  ),95.00, 96.00, 97.00, 97.00, 98.00
   8 , k_3_0.25_5_hive_kd ,    9700  ,   100 (               |          -*  ),95.00, 96.00, 97.00, 97.00, 98.00
   8 , k_3_0.1_5_hive_pca ,    9700  ,   100 (               |           *  ),96.00, 97.00, 97.00, 97.00, 98.00
   8 , k_3_0.2_5_hive_2 ,    9700  ,   100 (               |           *  ),96.00, 96.00, 97.00, 97.00, 98.00
   8 , k_3_0.15_11_hive_2 ,    9700  ,   200 (               |          -*  ),95.00, 96.00, 97.00, 97.00, 98.00
   8 , k_3_0.25_7_hive_2 ,    9700  ,   100 (               |           *  ),96.00, 96.00, 97.00, 97.00, 98.00
   8 , k_3_0.1_7_hive_pca ,    9700  ,   100 (               |           *  ),96.00, 97.00, 97.00, 98.00, 98.00
   8 , k_3_0.25_11_hive_kd ,    9700  ,   100 (               |          -*  ),95.00, 96.00, 97.00, 97.00, 98.00
   8 , k_3_0.25_5_hive_rp ,    9700  ,   100 (               |         --*  ),94.00, 96.00, 97.00, 97.00, 98.00
   8 , k_3_0.15_5_hive_kd ,    9700  ,   100 (               |          -*  ),95.00, 96.00, 97.00, 97.00, 98.00
   8 , k_3_0.2_7_hive_where ,    9700  ,   100 (               |         --*  ),94.00, 96.00, 97.00, 97.00, 98.00
   8 , k_3_0.05_5_hive_where ,    9700  ,   200 (               |         --*  ),94.00, 96.00, 97.00, 97.00, 98.00
   8 , k_3_0.25_13_hive_pca ,    9700  ,   200 (               |           *  ),96.00, 96.00, 97.00, 98.00, 98.00
   8 , k_3_0.1_7_hive_2 ,    9700  ,   100 (               |          -*  ),95.00, 96.00, 97.00, 97.00, 98.00
   8 , k_3_0.2_11_hive_pca ,    9700  ,   100 (               |           *  ),96.00, 96.00, 97.00, 97.00, 98.00
   8 , k_3_0.25_11_hive_2 ,    9700  ,   100 (               |           *  ),97.00, 97.00, 97.00, 98.00, 98.00
   8 , k_3_0.05_5_hive_2 ,    9700  ,   100 (               |           *  ),96.00, 97.00, 97.00, 98.00, 98.00
   8 , k_3_0.05_7_hive_kd ,    9700  ,   100 (               |          -*  ),95.00, 96.00, 97.00, 97.00, 98.00
   8 , k_3_0.1_5_hive_2 ,    9700  ,   200 (               |          -*  ),95.00, 97.00, 97.00, 97.00, 98.00
   8 , k_3_0.2_7_hive_pca ,    9700  ,     0 (               |           *  ),96.00, 97.00, 97.00, 97.00, 98.00
   8 , k_3_0.2_13_hive_rp ,    9700  ,   100 (               |          -*  ),95.00, 96.00, 97.00, 97.00, 98.00
   8 , k_3_0.1_9_hive_2 ,    9700  ,   200 (               |           *  ),96.00, 97.00, 97.00, 98.00, 98.00
   8 , k_3_0.05_11_hive_2 ,    9700  ,   100 (               |           *  ),96.00, 96.00, 97.00, 97.00, 98.00
   8 , k_3_0_13_hive_2 ,    9700  ,   100 (               |           *  ),96.00, 97.00, 97.00, 98.00, 98.00
   8 , k_3_0.2_7_hive_rp ,    9700  ,   100 (               |          -*  ),95.00, 96.00, 97.00, 97.00, 98.00
   8 , k_3_0.25_5_hive_random ,    9700  ,   100 (               |          -*  ),95.00, 96.00, 97.00, 97.00, 98.00
   8 , k_3_0_5_hive_pca ,    9700  ,   100 (               |          -*  ),95.00, 96.00, 97.00, 97.00, 98.00
   8 , k_3_0_13_hive_rp ,    9700  ,   100 (               |         --*  ),94.00, 96.00, 97.00, 97.00, 98.00
   8 , k_3_0.1_9_hive_kd ,    9700  ,   100 (               |          -*  ),95.00, 96.00, 97.00, 97.00, 98.00
   8 , k_3_0.15_11_hive_kd ,    9700  ,   100 (               |          -*  ),95.00, 96.00, 97.00, 97.00, 97.00
   8 , k_3_0.15_5_hive_rp ,    9700  ,   200 (               |          -*  ),95.00, 96.00, 97.00, 97.00, 98.00
   8 , k_3_0.25_9_hive_rp ,    9700  ,   200 (               |          -*  ),95.00, 96.00, 97.00, 97.00, 98.00
   8 , k_3_0_9_hive_pca ,    9700  ,     0 (               |          -*  ),95.00, 97.00, 97.00, 97.00, 98.00
   8 , k_3_0.2_11_hive_2 ,    9700  ,   100 (               |          -*  ),95.00, 96.00, 97.00, 97.00, 98.00
   8 , k_3_0.1_11_hive_pca ,    9700  ,   100 (               |           *  ),96.00, 97.00, 97.00, 98.00, 98.00
   8 , k_3_0.2_5_hive_random ,    9700  ,   200 (               |          -*  ),95.00, 96.00, 97.00, 97.00, 97.00
   8 , k_3_0_9_hive_2 ,    9700  ,   100 (               |          -*  ),95.00, 96.00, 97.00, 97.00, 98.00
   8 , k_3_0.1_5_hive_rp ,    9700  ,   100 (               |           *  ),96.00, 96.00, 97.00, 97.00, 98.00
   8 , k_3_0.1_9_hive_pca ,    9700  ,   100 (               |           *  ),96.00, 97.00, 97.00, 98.00, 98.00
   8 , k_3_0.2_13_hive_pca ,    9700  ,   100 (               |          -*  ),95.00, 96.00, 97.00, 97.00, 98.00
   8 , k_3_0_7_hive_2 ,    9700  ,   100 (               |          -*  ),95.00, 96.00, 97.00, 97.00, 98.00
   8 , k_3_0.05_13_hive_2 ,    9700  ,   200 (               |          -*  ),95.00, 96.00, 97.00, 97.00, 98.00
   8 , k_3_0.1_5_hive_kd ,    9700  ,   100 (               |         --*  ),94.00, 96.00, 97.00, 97.00, 98.00
   8 , k_3_0.2_9_hive_pca ,    9700  ,   100 (               |          -*  ),95.00, 96.00, 97.00, 97.00, 98.00
   8 , k_3_0.01_11_hive_pca ,    9700  ,   100 (               |          -*  ),95.00, 96.00, 97.00, 97.00, 98.00
   8 , k_3_0.05_9_hive_pca ,    9700  ,   100 (               |           *  ),96.00, 97.00, 97.00, 98.00, 98.00
   8 , k_3_0.05_13_hive_rp ,    9700  ,   100 (               |         --*  ),94.00, 96.00, 97.00, 97.00, 98.00
   8 , k_3_0.01_7_hive_pca ,    9700  ,   100 (               |          -*  ),95.00, 96.00, 97.00, 97.00, 98.00
   8 , k_3_0.15_5_hive_pca ,    9700  ,   200 (               |          -*  ),95.00, 97.00, 97.00, 98.00, 98.00
   8 , k_3_0.25_11_hive_rp ,    9700  ,   100 (               |          -*  ),95.00, 96.00, 97.00, 97.00, 98.00
   8 , k_3_0_13_hive_kd ,    9700  ,   100 (               |          -*  ),95.00, 96.00, 97.00, 97.00, 98.00
   8 , k_3_0.01_7_hive_kd ,    9700  ,   200 (               |         --*  ),94.00, 96.00, 97.00, 97.00, 98.00
   9 , k_3_0.1_13_hive_2 ,    9800  ,   100 (               |            * ),96.00, 97.00, 98.00, 98.00, 99.00
   9 , k_3_0.05_7_hive_pca ,    9800  ,   100 (               |            * ),96.00, 97.00, 98.00, 98.00, 98.00
   9 , k_3_0.15_9_hive_pca ,    9800  ,   100 (               |            * ),97.00, 97.00, 98.00, 98.00, 99.00
