rank ,         name ,    med   ,  iqr 
----------------------------------------------------
   1 , k_3_0.25_5_derby_entropic ,    8100  ,   300 (  ---- *----   |              ),77.00, 80.00, 81.00, 82.00, 85.00
   2 , k_3_0.25_7_derby_entropic ,    8200  ,   400 (    --  *---   |              ),79.00, 80.00, 82.00, 83.00, 85.00
   2 , k_3_0_13_derby_entropic ,    8200  ,   400 (      --*  --- |              ),80.00, 82.00, 82.00, 84.00, 87.00
   2 , k_3_0.2_11_derby_entropic ,    8200  ,   500 (    --- *   -- |              ),79.00, 81.00, 82.00, 85.00, 87.00
   2 , k_3_0_7_derby_entropic ,    8200  ,   400 (    --- *   -- |              ),79.00, 81.00, 82.00, 85.00, 87.00
   2 , k_3_0.25_11_derby_entropic ,    8200  ,   300 (  ----  *---   |              ),77.00, 80.00, 82.00, 83.00, 85.00
   2 , k_3_0.2_7_derby_entropic ,    8200  ,   300 (       -*----  |              ),81.00, 82.00, 82.00, 83.00, 86.00
   2 , k_3_0.2_9_derby_entropic ,    8200  ,   300 (      - *  --  |              ),80.00, 81.00, 82.00, 84.00, 86.00
   2 , k_3_0.05_9_derby_entropic ,    8200  ,   300 (    --  *---   |              ),79.00, 80.00, 82.00, 83.00, 85.00
   2 , k_3_0_9_derby_entropic ,    8300  ,   400 (      -- *  -  |              ),80.00, 82.00, 83.00, 85.00, 86.00
   2 , k_3_0_11_derby_entropic ,    8300  ,   400 (      -  *  -- |              ),80.00, 81.00, 83.00, 85.00, 87.00
   2 , k_3_0.2_5_derby_entropic ,    8300  ,   300 (         * --  |              ),81.00, 81.00, 83.00, 84.00, 86.00
   2 , k_3_0.1_11_derby_entropic ,    8300  ,   400 (      -- *  -- |              ),80.00, 82.00, 83.00, 85.00, 87.00
   2 , k_3_0.05_13_derby_entropic ,    8300  ,   400 (    ---- * --- |              ),79.00, 82.00, 83.00, 84.00, 87.00
   3 , k_3_0.01_5_derby_entropic ,    8400  ,   300 (        -  *-- |              ),82.00, 83.00, 84.00, 85.00, 87.00
   3 , k_3_0_5_derby_entropic ,    8400  ,   400 (       --  *-- |              ),81.00, 83.00, 84.00, 85.00, 87.00
   3 , k_3_0.01_7_derby_entropic ,    8400  ,   200 (      ---  *-  |              ),80.00, 83.00, 84.00, 85.00, 86.00
   3 , k_3_0.05_7_derby_entropic ,    8400  ,   200 (      ---  *-- |              ),80.00, 83.00, 84.00, 85.00, 87.00
   3 , k_3_0.1_5_derby_entropic ,    8400  ,   200 (           *-  |              ),83.00, 83.00, 84.00, 85.00, 86.00
   3 , k_3_0.01_11_derby_entropic ,    8400  ,   400 (    ----   *-- |              ),79.00, 82.00, 84.00, 85.00, 87.00
   3 , k_3_0.25_13_derby_entropic ,    8400  ,   200 (       --  *-  |              ),81.00, 83.00, 84.00, 85.00, 86.00
   3 , k_3_0.15_13_derby_entropic ,    8400  ,   300 (    ----   *-- |              ),79.00, 82.00, 84.00, 85.00, 87.00
   3 , k_3_0.2_13_derby_entropic ,    8400  ,   200 (        -  *-  |              ),82.00, 83.00, 84.00, 85.00, 86.00
   4 , k_3_0.15_9_derby_entropic ,    8500  ,   300 (        --- *--|              ),82.00, 84.00, 85.00, 86.00, 88.00
   4 , k_3_0.15_11_derby_entropic ,    8500  ,   200 (         -- *- |              ),83.00, 84.00, 85.00, 86.00, 87.00
   4 , k_3_0.01_9_derby_entropic ,    8500  ,   300 (        --- *--|              ),82.00, 84.00, 85.00, 86.00, 88.00
   4 , k_3_0.1_13_derby_entropic ,    8500  ,   200 (        --- *--|              ),82.00, 84.00, 85.00, 86.00, 88.00
   4 , k_3_0.15_7_derby_entropic ,    8500  ,   200 (        --- *--|              ),82.00, 84.00, 85.00, 86.00, 88.00
   4 , k_3_0.05_5_derby_entropic ,    8500  ,   300 (       ---- *--|              ),81.00, 84.00, 85.00, 86.00, 88.00
   4 , k_3_0.01_13_derby_entropic ,    8500  ,   300 (        --- *- |              ),82.00, 84.00, 85.00, 86.00, 87.00
   4 , k_3_0.1_9_derby_entropic ,    8500  ,   300 (       --   *--|              ),81.00, 83.00, 85.00, 86.00, 88.00
   5 , k_3_0.05_11_derby_entropic ,    8600  ,   300 (           - * |              ),84.00, 85.00, 86.00, 88.00, 88.00
   5 , k_3_0.25_9_derby_entropic ,    8600  ,   300 (         --- *-|              ),83.00, 85.00, 86.00, 87.00, 88.00
   5 , k_3_0.1_7_derby_entropic ,    8600  ,   300 (        ---  *-|              ),82.00, 84.00, 86.00, 87.00, 88.00
   5 , k_3_0.15_5_derby_entropic ,    8600  ,   100 (      ------ *-|              ),80.00, 85.00, 86.00, 86.00, 88.00
   6 , k_3_0_7_derby_random ,    9000  ,   200 (               | -*  --       ),89.00, 90.00, 90.00, 92.00, 94.00
   6 , k_3_0_9_derby_random ,    9000  ,   400 (              -|  *---        ),87.00, 88.00, 90.00, 91.00, 93.00
   6 , k_3_0.1_9_derby_spectral ,    9000  ,   200 (               |--*---        ),88.00, 90.00, 90.00, 91.00, 93.00
   6 , k_3_0.01_7_derby_spectral ,    9000  ,   400 (               |  *   -       ),89.00, 89.00, 90.00, 93.00, 94.00
   7 , k_3_0.25_13_derby_where ,    9100  ,   200 (               | - *          ),89.00, 90.00, 91.00, 92.00, 92.00
   7 , k_3_0_13_derby_where ,    9100  ,   300 (              -|-  * -        ),87.00, 89.00, 91.00, 92.00, 93.00
   7 , k_3_0.1_13_derby_where ,    9100  ,   300 (               |-  * --       ),88.00, 89.00, 91.00, 92.00, 94.00
   7 , k_3_0_5_derby_random ,    9100  ,   100 (               | - *--        ),89.00, 90.00, 91.00, 91.00, 93.00
   7 , k_3_0.15_5_derby_where ,    9100  ,   400 (               |-  *  -       ),88.00, 89.00, 91.00, 93.00, 94.00
   7 , k_3_0.1_9_derby_where ,    9100  ,   200 (               | --*  -       ),89.00, 91.00, 91.00, 93.00, 94.00
   7 , k_3_0.01_5_derby_random ,    9100  ,   300 (               |   * -        ),90.00, 90.00, 91.00, 92.00, 93.00
   7 , k_3_0.1_7_derby_where ,    9100  ,   200 (               |-- * -        ),88.00, 90.00, 91.00, 92.00, 93.00
   7 , k_3_0.05_13_derby_spectral ,    9100  ,   400 (               | - *  -       ),89.00, 90.00, 91.00, 93.00, 94.00
   7 , k_3_0_5_derby_where ,    9100  ,   300 (               |  -*  --      ),90.00, 91.00, 91.00, 93.00, 95.00
   7 , k_3_0.1_9_derby_random ,    9100  ,   200 (               | - *--        ),89.00, 90.00, 91.00, 91.00, 93.00
   7 , k_3_0.15_13_derby_spectral ,    9100  ,   200 (             --|-- *--        ),86.00, 90.00, 91.00, 91.00, 93.00
   7 , k_3_0.15_5_derby_random ,    9100  ,   400 (               |-- *          ),88.00, 90.00, 91.00, 94.00, 94.00
   7 , k_3_0.1_7_derby_random ,    9100  ,   200 (               | - * --       ),89.00, 90.00, 91.00, 92.00, 94.00
   7 , k_3_0.15_7_derby_spectral ,    9100  ,   100 (               |  -* -        ),90.00, 91.00, 91.00, 92.00, 93.00
   7 , k_3_0_11_derby_where ,    9100  ,   100 (               | - *--        ),89.00, 90.00, 91.00, 91.00, 93.00
   7 , k_3_0.1_11_derby_where ,    9100  ,   300 (               |   * --       ),90.00, 90.00, 91.00, 92.00, 94.00
   7 , k_3_0.01_13_derby_2 ,    9100  ,   200 (               |   * ---      ),90.00, 90.00, 91.00, 92.00, 95.00
   7 , k_3_0.15_11_derby_random ,    9100  ,   200 (               | --*          ),89.00, 91.00, 91.00, 93.00, 93.00
   7 , k_3_0.1_13_derby_spectral ,    9100  ,   300 (               |  -* -        ),90.00, 91.00, 91.00, 92.00, 93.00
   7 , k_3_0.01_9_derby_spectral ,    9100  ,   300 (               | - *  -       ),89.00, 90.00, 91.00, 93.00, 94.00
   7 , k_3_0.05_7_derby_random ,    9100  ,   200 (               | - * -        ),89.00, 90.00, 91.00, 92.00, 93.00
   8 , k_3_0.25_11_derby_where ,    9200  ,   200 (               |  -  *        ),90.00, 91.00, 92.00, 93.00, 93.00
   8 , k_3_0_13_derby_kd ,    9200  ,   100 (               |   --*--      ),91.00, 92.00, 92.00, 93.00, 95.00
   8 , k_3_0_5_derby_2 ,    9200  ,   200 (               |  -  *-       ),90.00, 91.00, 92.00, 92.00, 94.00
   8 , k_3_0.15_7_derby_where ,    9200  ,   200 (               | -   *-       ),89.00, 90.00, 92.00, 92.00, 94.00
   8 , k_3_0.25_7_derby_where ,    9200  ,   300 (               | --  *-       ),89.00, 91.00, 92.00, 93.00, 94.00
   8 , k_3_0.01_13_derby_where ,    9200  ,   300 (               | --  *--      ),89.00, 91.00, 92.00, 93.00, 95.00
   8 , k_3_0.1_5_derby_spectral ,    9200  ,   200 (               |  -  *-       ),90.00, 91.00, 92.00, 92.00, 94.00
   8 , k_3_0_7_derby_spectral ,    9200  ,   400 (              -|--   *-       ),87.00, 90.00, 92.00, 93.00, 94.00
   8 , k_3_0.25_5_derby_spectral ,    9200  ,   200 (               |   --* -      ),91.00, 92.00, 92.00, 94.00, 95.00
   8 , k_3_0.01_11_derby_random ,    9200  ,   200 (               | --  *-       ),89.00, 91.00, 92.00, 93.00, 94.00
   8 , k_3_0_11_derby_rp ,    9200  ,   200 (               |  -  *-       ),90.00, 91.00, 92.00, 93.00, 94.00
   8 , k_3_0.01_9_derby_pca ,    9200  ,   200 (               |  -  *-       ),90.00, 91.00, 92.00, 93.00, 94.00
   8 , k_3_0.2_5_derby_random ,    9200  ,   200 (               |  -  *--      ),90.00, 91.00, 92.00, 93.00, 95.00
   8 , k_3_0.05_11_derby_spectral ,    9200  ,   200 (               |  ---*--      ),90.00, 92.00, 92.00, 93.00, 95.00
   8 , k_3_0.01_7_derby_2 ,    9200  ,   200 (               |  -  *-       ),90.00, 91.00, 92.00, 93.00, 94.00
   8 , k_3_0.01_5_derby_kd ,    9200  ,   200 (               |  ---*-       ),90.00, 92.00, 92.00, 93.00, 94.00
   8 , k_3_0.15_11_derby_where ,    9200  ,   300 (               | --  *--      ),89.00, 91.00, 92.00, 93.00, 95.00
   8 , k_3_0.2_13_derby_where ,    9200  ,   300 (               |     *--      ),91.00, 91.00, 92.00, 93.00, 95.00
   8 , k_3_0.25_13_derby_spectral ,    9200  ,   100 (               |   --*-       ),91.00, 92.00, 92.00, 93.00, 94.00
   8 , k_3_0.2_9_derby_spectral ,    9200  ,   300 (               | --  *--      ),89.00, 91.00, 92.00, 93.00, 95.00
   8 , k_3_0.05_5_derby_where ,    9200  ,   300 (               |  -  *-       ),90.00, 91.00, 92.00, 93.00, 94.00
   8 , k_3_0.1_11_derby_spectral ,    9200  ,   300 (               | -   *-       ),89.00, 90.00, 92.00, 93.00, 94.00
   8 , k_3_0_13_derby_pca ,    9200  ,   300 (               | --  *--      ),89.00, 91.00, 92.00, 93.00, 95.00
   8 , k_3_0_11_derby_pca ,    9200  ,   200 (               |  -  *-       ),90.00, 91.00, 92.00, 93.00, 94.00
   8 , k_3_0.01_9_derby_random ,    9200  ,   200 (               | --  *-       ),89.00, 91.00, 92.00, 93.00, 94.00
   8 , k_3_0.01_11_derby_2 ,    9200  ,   200 (               |  -  *--      ),90.00, 91.00, 92.00, 93.00, 95.00
   8 , k_3_0.15_11_derby_spectral ,    9200  ,   300 (               | --  *----    ),89.00, 91.00, 92.00, 93.00, 96.00
   8 , k_3_0.25_11_derby_spectral ,    9200  ,   200 (               |  -  *--      ),90.00, 91.00, 92.00, 93.00, 95.00
   8 , k_3_0_11_derby_random ,    9200  ,   300 (               | ----*--      ),89.00, 92.00, 92.00, 93.00, 95.00
   8 , k_3_0.2_5_derby_spectral ,    9200  ,   200 (               | --  *-       ),89.00, 91.00, 92.00, 93.00, 94.00
   8 , k_3_0.2_11_derby_where ,    9200  ,   100 (               |   --*-       ),91.00, 92.00, 92.00, 93.00, 94.00
   8 , k_3_0.01_11_derby_where ,    9200  ,   200 (               |  -  *-       ),90.00, 91.00, 92.00, 93.00, 94.00
   8 , k_3_0.05_11_derby_where ,    9200  ,   200 (               |  ---*-       ),90.00, 92.00, 92.00, 93.00, 94.00
   8 , k_3_0.05_13_derby_where ,    9200  ,   200 (               |  -  *-       ),90.00, 91.00, 92.00, 93.00, 94.00
   8 , k_3_0_7_derby_where ,    9200  ,   200 (               | --  *-       ),89.00, 91.00, 92.00, 93.00, 94.00
   8 , k_3_0.01_7_derby_where ,    9200  ,   200 (               | --  *-       ),89.00, 91.00, 92.00, 92.00, 94.00
   8 , k_3_0_13_derby_random ,    9200  ,   200 (               | --  *--      ),89.00, 91.00, 92.00, 93.00, 95.00
   8 , k_3_0.2_13_derby_2 ,    9200  ,   300 (               | --  *--      ),89.00, 91.00, 92.00, 93.00, 95.00
   8 , k_3_0.2_13_derby_spectral ,    9200  ,   200 (               |  -  *-       ),90.00, 91.00, 92.00, 93.00, 94.00
   8 , k_3_0.25_7_derby_random ,    9200  ,   100 (               |   --*--      ),91.00, 92.00, 92.00, 93.00, 95.00
   8 , k_3_0.25_13_derby_random ,    9200  ,   100 (               |   --*--      ),91.00, 92.00, 92.00, 93.00, 95.00
   8 , k_3_0_13_derby_rp ,    9200  ,   300 (               |  -  *--      ),90.00, 91.00, 92.00, 93.00, 95.00
   8 , k_3_0.05_9_derby_random ,    9200  ,   200 (               |  -  *-       ),90.00, 91.00, 92.00, 93.00, 94.00
   8 , k_3_0.1_13_derby_random ,    9200  ,   300 (               | --  *-       ),89.00, 91.00, 92.00, 92.00, 94.00
   8 , k_3_0.01_13_derby_random ,    9200  ,   300 (               |  -  *--      ),90.00, 91.00, 92.00, 93.00, 95.00
   8 , k_3_0.1_9_derby_pca ,    9200  ,   200 (               |   --* ---    ),91.00, 92.00, 92.00, 94.00, 96.00
   8 , k_3_0.25_7_derby_spectral ,    9200  ,   200 (               |  -  *-       ),90.00, 91.00, 92.00, 93.00, 94.00
   8 , k_3_0_13_derby_spectral ,    9200  ,   300 (               | -   *-       ),89.00, 90.00, 92.00, 93.00, 94.00
   8 , k_3_0.01_9_derby_where ,    9200  ,   200 (               |  -  *--      ),90.00, 91.00, 92.00, 93.00, 95.00
   8 , k_3_0.15_9_derby_rp ,    9200  ,   300 (               |  ---* ---    ),90.00, 92.00, 92.00, 94.00, 96.00
   8 , k_3_0.1_9_derby_rp ,    9200  ,   200 (               |  -  *--      ),90.00, 91.00, 92.00, 93.00, 95.00
   8 , k_3_0_9_derby_spectral ,    9200  ,   300 (               | --  * -      ),89.00, 91.00, 92.00, 94.00, 95.00
   8 , k_3_0.05_13_derby_rp ,    9200  ,   300 (               |  -  *--      ),90.00, 91.00, 92.00, 93.00, 95.00
   8 , k_3_0.1_7_derby_rp ,    9200  ,   200 (               | ----*-       ),89.00, 92.00, 92.00, 93.00, 94.00
   8 , k_3_0.01_7_derby_random ,    9200  ,   200 (               | --  *-       ),89.00, 91.00, 92.00, 93.00, 94.00
   8 , k_3_0.05_13_derby_random ,    9200  ,   200 (               |   --* -      ),91.00, 92.00, 92.00, 94.00, 95.00
   8 , k_3_0.15_13_derby_random ,    9200  ,   300 (               | -   *-       ),89.00, 90.00, 92.00, 93.00, 94.00
   8 , k_3_0.15_9_derby_spectral ,    9200  ,   200 (               |     *-       ),91.00, 91.00, 92.00, 93.00, 94.00
   8 , k_3_0.05_7_derby_kd ,    9200  ,   300 (               |     *        ),91.00, 91.00, 92.00, 94.00, 94.00
   8 , k_3_0.05_7_derby_rp ,    9200  ,   100 (               |  -  *        ),90.00, 91.00, 92.00, 92.00, 93.00
   8 , k_3_0.01_11_derby_rp ,    9200  ,   200 (               | --  *-       ),89.00, 91.00, 92.00, 93.00, 94.00
   8 , k_3_0.05_5_derby_kd ,    9200  ,   200 (               |  -  *--      ),90.00, 91.00, 92.00, 93.00, 95.00
   8 , k_3_0.1_5_derby_2 ,    9200  ,   200 (               | --  *-       ),89.00, 91.00, 92.00, 93.00, 94.00
   8 , k_3_0_9_derby_rp ,    9200  ,   300 (               |  -  * -      ),90.00, 91.00, 92.00, 94.00, 95.00
   8 , k_3_0.1_11_derby_pca ,    9200  ,   300 (               |     *        ),91.00, 91.00, 92.00, 94.00, 94.00
   8 , k_3_0.1_7_derby_spectral ,    9200  ,   300 (               | --  *-       ),89.00, 91.00, 92.00, 93.00, 94.00
   8 , k_3_0.05_7_derby_where ,    9200  ,   200 (               | --  *        ),89.00, 91.00, 92.00, 92.00, 93.00
   8 , k_3_0.15_9_derby_where ,    9200  ,   100 (               |   --*--      ),91.00, 92.00, 92.00, 93.00, 95.00
   8 , k_3_0.25_9_derby_spectral ,    9200  ,   200 (               |  ---*-       ),90.00, 92.00, 92.00, 93.00, 94.00
   8 , k_3_0.01_11_derby_spectral ,    9200  ,   100 (               | --  *-       ),89.00, 91.00, 92.00, 92.00, 94.00
   8 , k_3_0_11_derby_spectral ,    9200  ,   200 (               |  -  *-       ),90.00, 91.00, 92.00, 93.00, 94.00
   8 , k_3_0.01_5_derby_where ,    9200  ,   300 (               |--   *        ),88.00, 90.00, 92.00, 93.00, 93.00
   8 , k_3_0.01_13_derby_spectral ,    9200  ,   200 (               |  -  *-       ),90.00, 91.00, 92.00, 93.00, 94.00
   8 , k_3_0.1_7_derby_pca ,    9200  ,   200 (               |  -  *-       ),90.00, 91.00, 92.00, 92.00, 94.00
   8 , k_3_0.1_11_derby_2 ,    9200  ,   200 (               | --  *-       ),89.00, 91.00, 92.00, 93.00, 94.00
   8 , k_3_0.01_9_derby_rp ,    9200  ,   200 (               |  ---*----    ),90.00, 92.00, 92.00, 93.00, 96.00
   8 , k_3_0.05_9_derby_where ,    9200  ,   300 (               |  ---*--      ),90.00, 92.00, 92.00, 93.00, 95.00
   8 , k_3_0.25_5_derby_2 ,    9200  ,   300 (               |  -  *--      ),90.00, 91.00, 92.00, 93.00, 95.00
   8 , k_3_0.01_9_derby_kd ,    9200  ,   300 (               |  -  * -      ),90.00, 91.00, 92.00, 94.00, 95.00
   9 , k_3_0.1_9_derby_2 ,    9300  ,   200 (               |   -- *-      ),91.00, 92.00, 93.00, 94.00, 95.00
   9 , k_3_0.01_9_derby_2 ,    9300  ,   200 (               |      *-      ),91.00, 91.00, 93.00, 93.00, 95.00
   9 , k_3_0.2_13_derby_kd ,    9300  ,   200 (               |      *-      ),92.00, 92.00, 93.00, 94.00, 95.00
   9 , k_3_0_9_derby_2 ,    9300  ,   200 (               |  -   *       ),90.00, 91.00, 93.00, 93.00, 94.00
   9 , k_3_0_7_derby_2 ,    9300  ,   200 (               |  -   *       ),90.00, 91.00, 93.00, 93.00, 94.00
   9 , k_3_0.01_13_derby_pca ,    9300  ,   200 (               |   -- *       ),91.00, 92.00, 93.00, 93.00, 94.00
   9 , k_3_0.01_5_derby_pca ,    9300  ,   200 (               |  --- *-      ),90.00, 92.00, 93.00, 94.00, 95.00
   9 , k_3_0.2_5_derby_rp ,    9300  ,   300 (               |   -- *---    ),91.00, 92.00, 93.00, 94.00, 96.00
   9 , k_3_0.2_11_derby_kd ,    9300  ,   200 (               |  --- *-      ),90.00, 92.00, 93.00, 94.00, 95.00
   9 , k_3_0.05_11_derby_2 ,    9300  ,   200 (               |  --- *-      ),90.00, 92.00, 93.00, 93.00, 95.00
   9 , k_3_0.2_11_derby_rp ,    9300  ,   200 (               |   -- *---    ),91.00, 92.00, 93.00, 94.00, 96.00
   9 , k_3_0.1_13_derby_rp ,    9300  ,   200 (               |  --- *-      ),90.00, 92.00, 93.00, 94.00, 95.00
   9 , k_3_0.15_9_derby_random ,    9300  ,   200 (               |  --- *-      ),90.00, 92.00, 93.00, 94.00, 95.00
   9 , k_3_0.15_7_derby_2 ,    9300  ,   100 (               |   ---*-      ),91.00, 93.00, 93.00, 94.00, 95.00
   9 , k_3_0.05_9_derby_pca ,    9300  ,   200 (               |   -- *-      ),91.00, 92.00, 93.00, 94.00, 95.00
   9 , k_3_0_5_derby_kd ,    9300  ,   300 (               |  ----*---    ),90.00, 93.00, 93.00, 94.00, 96.00
   9 , k_3_0_9_derby_kd ,    9300  ,   200 (               |   -- *-      ),91.00, 92.00, 93.00, 94.00, 95.00
   9 , k_3_0.01_13_derby_rp ,    9300  ,   200 (               |   -- *-      ),91.00, 92.00, 93.00, 94.00, 95.00
   9 , k_3_0.01_7_derby_pca ,    9300  ,   300 (               |  --- *----   ),90.00, 92.00, 93.00, 93.00, 97.00
   9 , k_3_0.1_7_derby_2 ,    9300  ,   200 (               |  --- *       ),90.00, 92.00, 93.00, 93.00, 94.00
   9 , k_3_0_5_derby_rp ,    9300  ,   200 (               |  --- *-      ),90.00, 92.00, 93.00, 94.00, 95.00
   9 , k_3_0.15_7_derby_kd ,    9300  ,   200 (               |   -- *-      ),91.00, 92.00, 93.00, 94.00, 95.00
   9 , k_3_0.25_5_derby_pca ,    9300  ,   100 (               |   ---*       ),91.00, 93.00, 93.00, 94.00, 94.00
   9 , k_3_0.2_7_derby_where ,    9300  ,   200 (               |   -- *       ),91.00, 92.00, 93.00, 93.00, 94.00
   9 , k_3_0.2_11_derby_random ,    9300  ,   100 (               |     -*-      ),92.00, 93.00, 93.00, 94.00, 95.00
   9 , k_3_0.05_7_derby_spectral ,    9300  ,   300 (               |  -   *---    ),90.00, 91.00, 93.00, 94.00, 96.00
   9 , k_3_0.1_13_derby_pca ,    9300  ,   300 (               | --   *---    ),89.00, 91.00, 93.00, 93.00, 96.00
   9 , k_3_0.15_11_derby_kd ,    9300  ,   300 (               |  -   *       ),90.00, 91.00, 93.00, 94.00, 94.00
   9 , k_3_0.2_11_derby_2 ,    9300  ,   200 (               |   -- *-      ),91.00, 92.00, 93.00, 94.00, 95.00
   9 , k_3_0_5_derby_pca ,    9300  ,   300 (               |  -   *-      ),90.00, 91.00, 93.00, 94.00, 95.00
   9 , k_3_0.01_5_derby_spectral ,    9300  ,   300 (               |  --- *-      ),90.00, 92.00, 93.00, 94.00, 95.00
   9 , k_3_0_9_derby_pca ,    9300  ,   200 (               |  --- *-      ),90.00, 92.00, 93.00, 93.00, 95.00
   9 , k_3_0.01_7_derby_rp ,    9300  ,   200 (               |   -- *-      ),91.00, 92.00, 93.00, 94.00, 95.00
   9 , k_3_0.15_7_derby_rp ,    9300  ,   300 (               |   -- *-      ),91.00, 92.00, 93.00, 94.00, 95.00
   9 , k_3_0.05_7_derby_2 ,    9300  ,   200 (               |   -- *-      ),91.00, 92.00, 93.00, 93.00, 95.00
   9 , k_3_0.15_5_derby_2 ,    9300  ,   300 (               |  -   *---    ),90.00, 91.00, 93.00, 94.00, 96.00
   9 , k_3_0.25_5_derby_random ,    9300  ,   200 (               | ---- *---    ),89.00, 92.00, 93.00, 94.00, 96.00
   9 , k_3_0.1_13_derby_2 ,    9300  ,   300 (               |  -   *---    ),90.00, 91.00, 93.00, 94.00, 96.00
   9 , k_3_0.2_7_derby_random ,    9300  ,   200 (               |      *-      ),92.00, 92.00, 93.00, 94.00, 95.00
   9 , k_3_0.1_13_derby_kd ,    9300  ,   200 (               | -----*       ),89.00, 93.00, 93.00, 94.00, 94.00
   9 , k_3_0.2_13_derby_random ,    9300  ,   200 (               |   -- *       ),91.00, 92.00, 93.00, 94.00, 94.00
   9 , k_3_0.2_7_derby_rp ,    9300  ,   200 (               |      *-      ),92.00, 92.00, 93.00, 94.00, 95.00
   9 , k_3_0.15_9_derby_pca ,    9300  ,   200 (               |   -- *---    ),91.00, 92.00, 93.00, 94.00, 96.00
   9 , k_3_0.25_9_derby_where ,    9300  ,   300 (               |   -- *       ),91.00, 92.00, 93.00, 95.00, 95.00
   9 , k_3_0.15_13_derby_2 ,    9300  ,   200 (               |     -*---    ),92.00, 93.00, 93.00, 94.00, 96.00
   9 , k_3_0.05_11_derby_random ,    9300  ,   200 (               |  --- *---    ),90.00, 92.00, 93.00, 94.00, 96.00
   9 , k_3_0.01_13_derby_kd ,    9300  ,   100 (               |     -*-      ),92.00, 93.00, 93.00, 94.00, 95.00
   9 , k_3_0_13_derby_2 ,    9300  ,   300 (               |  --- *-      ),90.00, 92.00, 93.00, 94.00, 95.00
   9 , k_3_0.05_9_derby_2 ,    9300  ,   300 (               |  --- *-      ),90.00, 92.00, 93.00, 94.00, 95.00
   9 , k_3_0.2_9_derby_random ,    9300  ,   200 (               | ---- *---    ),89.00, 92.00, 93.00, 94.00, 96.00
   9 , k_3_0.01_5_derby_rp ,    9300  ,   200 (               |   -- *       ),91.00, 92.00, 93.00, 93.00, 94.00
   9 , k_3_0.01_11_derby_pca ,    9300  ,   300 (               | ---- *-      ),89.00, 92.00, 93.00, 93.00, 95.00
   9 , k_3_0.2_11_derby_spectral ,    9300  ,   200 (               |   -- *-      ),91.00, 92.00, 93.00, 94.00, 95.00
   9 , k_3_0.05_9_derby_kd ,    9300  ,   200 (               |   -- *       ),91.00, 92.00, 93.00, 93.00, 94.00
   9 , k_3_0.15_11_derby_rp ,    9300  ,   200 (               |   -- *-      ),91.00, 92.00, 93.00, 94.00, 95.00
   9 , k_3_0_9_derby_where ,    9300  ,   200 (               |   -- *-      ),91.00, 92.00, 93.00, 94.00, 95.00
   9 , k_3_0.15_5_derby_spectral ,    9300  ,   300 (               |   -- *-      ),91.00, 92.00, 93.00, 94.00, 95.00
   9 , k_3_0_7_derby_kd ,    9300  ,   200 (               |   -- *-      ),91.00, 92.00, 93.00, 94.00, 95.00
   9 , k_3_0.1_5_derby_pca ,    9300  ,   200 (               |  --- *-      ),90.00, 92.00, 93.00, 94.00, 95.00
   9 , k_3_0_5_derby_spectral ,    9300  ,   200 (               |  --- *-      ),90.00, 92.00, 93.00, 94.00, 95.00
   9 , k_3_0.15_11_derby_2 ,    9300  ,   400 (               |  --- * --    ),90.00, 92.00, 93.00, 95.00, 96.00
   9 , k_3_0.15_7_derby_pca ,    9300  ,   100 (               |   ---*-      ),91.00, 93.00, 93.00, 94.00, 95.00
   9 , k_3_0_7_derby_rp ,    9300  ,   300 (               |      * --    ),92.00, 92.00, 93.00, 95.00, 96.00
   9 , k_3_0.25_9_derby_pca ,    9300  ,   200 (               |   -- *-      ),91.00, 92.00, 93.00, 94.00, 95.00
   9 , k_3_0.25_7_derby_pca ,    9300  ,   300 (               |  --- *-      ),90.00, 92.00, 93.00, 94.00, 95.00
   9 , k_3_0.05_9_derby_spectral ,    9300  ,   200 (               |  -   *-      ),90.00, 91.00, 93.00, 93.00, 95.00
   9 , k_3_0.05_11_derby_rp ,    9300  ,   300 (               |  --- *-      ),90.00, 92.00, 93.00, 94.00, 95.00
   9 , k_3_0.15_13_derby_where ,    9300  ,   100 (               |   -- *---    ),91.00, 92.00, 93.00, 93.00, 96.00
   9 , k_3_0.2_7_derby_spectral ,    9300  ,   200 (               |   -- *-      ),91.00, 92.00, 93.00, 94.00, 95.00
   9 , k_3_0.05_5_derby_random ,    9300  ,   300 (               |  --- *-      ),90.00, 92.00, 93.00, 94.00, 95.00
   9 , k_3_0.2_7_derby_kd ,    9300  ,   100 (               |   -- *       ),91.00, 92.00, 93.00, 93.00, 94.00
   9 , k_3_0.15_11_derby_pca ,    9300  ,   300 (               |  -   *-      ),90.00, 91.00, 93.00, 94.00, 95.00
   9 , k_3_0.25_7_derby_2 ,    9300  ,   200 (               |      *       ),92.00, 92.00, 93.00, 94.00, 94.00
   9 , k_3_0.1_9_derby_kd ,    9300  ,   300 (               |   -- *-      ),91.00, 92.00, 93.00, 94.00, 95.00
   9 , k_3_0.05_5_derby_pca ,    9300  ,   100 (               |  --- *-      ),90.00, 92.00, 93.00, 93.00, 95.00
   9 , k_3_0.1_11_derby_random ,    9300  ,   200 (               |  --- *       ),90.00, 92.00, 93.00, 93.00, 94.00
   9 , k_3_0.1_5_derby_where ,    9300  ,   300 (               | --   *-      ),89.00, 91.00, 93.00, 94.00, 95.00
   9 , k_3_0.15_9_derby_2 ,    9300  ,   300 (               |  -   *-      ),90.00, 91.00, 93.00, 94.00, 95.00
   9 , k_3_0.05_5_derby_spectral ,    9300  ,   300 (               |  -   *-      ),90.00, 91.00, 93.00, 94.00, 95.00
   9 , k_3_0_11_derby_kd ,    9300  ,   200 (               |  -   *-      ),90.00, 91.00, 93.00, 93.00, 95.00
   9 , k_3_0.2_5_derby_kd ,    9300  ,   200 (               |   -- *---    ),91.00, 92.00, 93.00, 94.00, 96.00
   9 , k_3_0.2_7_derby_2 ,    9300  ,   200 (               |   -- *-      ),91.00, 92.00, 93.00, 94.00, 95.00
   9 , k_3_0.25_9_derby_2 ,    9300  ,   200 (               |   -- *-      ),91.00, 92.00, 93.00, 94.00, 95.00
   9 , k_3_0_7_derby_pca ,    9300  ,   200 (               |      *---    ),91.00, 91.00, 93.00, 93.00, 96.00
   9 , k_3_0.2_9_derby_pca ,    9300  ,   300 (               |   ---* --    ),91.00, 93.00, 93.00, 95.00, 96.00
   9 , k_3_0.25_13_derby_2 ,    9300  ,   200 (               |     -* --    ),92.00, 93.00, 93.00, 95.00, 96.00
   9 , k_3_0.1_5_derby_random ,    9300  ,   200 (               |   -- *       ),91.00, 92.00, 93.00, 93.00, 94.00
   9 , k_3_0.05_13_derby_2 ,    9300  ,   200 (               |      *-      ),92.00, 92.00, 93.00, 93.00, 95.00
   9 , k_3_0.05_9_derby_rp ,    9300  ,   200 (               |   ---*-      ),91.00, 93.00, 93.00, 94.00, 95.00
   9 , k_3_0.01_11_derby_kd ,    9300  ,   200 (               |   -- *-      ),91.00, 92.00, 93.00, 94.00, 95.00
   9 , k_3_0.05_13_derby_pca ,    9300  ,   100 (               |     -*-      ),92.00, 93.00, 93.00, 94.00, 95.00
   9 , k_3_0.2_5_derby_pca ,    9300  ,   200 (               |   -- *-      ),91.00, 92.00, 93.00, 94.00, 95.00
   9 , k_3_0_11_derby_2 ,    9300  ,   100 (               | -----*---    ),89.00, 93.00, 93.00, 94.00, 96.00
   9 , k_3_0.25_11_derby_random ,    9300  ,   300 (               |      *---    ),91.00, 91.00, 93.00, 94.00, 96.00
   9 , k_3_0.2_9_derby_2 ,    9300  ,   200 (               |   -- *-      ),91.00, 92.00, 93.00, 94.00, 95.00
   9 , k_3_0.2_5_derby_2 ,    9300  ,   200 (               |   ---*---    ),91.00, 93.00, 93.00, 94.00, 96.00
   9 , k_3_0.25_5_derby_rp ,    9300  ,   200 (               |   ---*---    ),91.00, 93.00, 93.00, 94.00, 96.00
   9 , k_3_0.01_5_derby_2 ,    9300  ,   200 (               |  ----*-      ),90.00, 93.00, 93.00, 94.00, 95.00
   9 , k_3_0.15_13_derby_pca ,    9300  ,   200 (               |  --- *-      ),90.00, 92.00, 93.00, 94.00, 95.00
   9 , k_3_0.1_5_derby_rp ,    9300  ,   300 (               |   -- *---    ),91.00, 92.00, 93.00, 94.00, 96.00
   9 , k_3_0.25_11_derby_pca ,    9300  ,   200 (               |   -- *---    ),91.00, 92.00, 93.00, 94.00, 96.00
  10 , k_3_0.25_11_derby_2 ,    9400  ,   300 (               |  ---- *--    ),90.00, 93.00, 94.00, 95.00, 96.00
  10 , k_3_0.01_7_derby_kd ,    9400  ,   200 (               |     - *--    ),92.00, 93.00, 94.00, 95.00, 96.00
  10 , k_3_0.25_13_derby_pca ,    9400  ,   100 (               |     --*--    ),92.00, 94.00, 94.00, 95.00, 96.00
  10 , k_3_0.15_7_derby_random ,    9400  ,   200 (               |   --  *      ),91.00, 92.00, 94.00, 94.00, 95.00
  10 , k_3_0.05_5_derby_2 ,    9400  ,   200 (               |   --  *      ),91.00, 92.00, 94.00, 94.00, 95.00
  10 , k_3_0.2_13_derby_rp ,    9400  ,   300 (               |   --- *      ),91.00, 93.00, 94.00, 95.00, 95.00
  10 , k_3_0.25_5_derby_kd ,    9400  ,   300 (               |   --  *--    ),91.00, 92.00, 94.00, 95.00, 96.00
  10 , k_3_0.25_7_derby_rp ,    9400  ,   300 (               |  ---- *--    ),90.00, 93.00, 94.00, 95.00, 96.00
  10 , k_3_0.25_7_derby_kd ,    9400  ,   200 (               |     - *--    ),92.00, 93.00, 94.00, 95.00, 96.00
  10 , k_3_0.15_5_derby_kd ,    9400  ,   300 (               |   --- *--    ),91.00, 93.00, 94.00, 95.00, 96.00
  10 , k_3_0.25_9_derby_random ,    9400  ,   200 (               |     - *      ),92.00, 93.00, 94.00, 95.00, 95.00
  10 , k_3_0.15_5_derby_pca ,    9400  ,   300 (               |  ---  *--    ),90.00, 92.00, 94.00, 95.00, 96.00
  10 , k_3_0.2_7_derby_pca ,    9400  ,   100 (               |     - *      ),92.00, 93.00, 94.00, 94.00, 95.00
  10 , k_3_0.25_11_derby_kd ,    9400  ,   200 (               |   --  *      ),91.00, 92.00, 94.00, 94.00, 95.00
  10 , k_3_0.25_11_derby_rp ,    9400  ,   200 (               |       *      ),93.00, 93.00, 94.00, 94.00, 95.00
  10 , k_3_0.2_13_derby_pca ,    9400  ,   200 (               |   --- *      ),91.00, 93.00, 94.00, 95.00, 95.00
  10 , k_3_0.2_9_derby_where ,    9400  ,   300 (               | ----- *--    ),89.00, 93.00, 94.00, 95.00, 96.00
  10 , k_3_0.05_11_derby_pca ,    9400  ,   200 (               |   --- *--    ),91.00, 93.00, 94.00, 95.00, 96.00
  10 , k_3_0.15_13_derby_rp ,    9400  ,   300 (               |   --  *      ),91.00, 92.00, 94.00, 95.00, 95.00
  10 , k_3_0.25_9_derby_rp ,    9400  ,   100 (               |     - *--    ),92.00, 93.00, 94.00, 94.00, 96.00
  10 , k_3_0.15_13_derby_kd ,    9400  ,   200 (               |   --  *      ),91.00, 92.00, 94.00, 94.00, 95.00
  10 , k_3_0.05_13_derby_kd ,    9400  ,   200 (               |   --  *--    ),91.00, 92.00, 94.00, 94.00, 96.00
  10 , k_3_0.2_11_derby_pca ,    9400  ,   200 (               |   --- *---   ),91.00, 93.00, 94.00, 95.00, 97.00
  10 , k_3_0.25_13_derby_rp ,    9400  ,   100 (               |     - *      ),92.00, 93.00, 94.00, 94.00, 95.00
  10 , k_3_0.1_11_derby_kd ,    9400  ,   100 (               |     - *      ),92.00, 93.00, 94.00, 94.00, 95.00
  10 , k_3_0.15_9_derby_kd ,    9400  ,   200 (               |     - *      ),92.00, 93.00, 94.00, 94.00, 95.00
  10 , k_3_0.2_5_derby_where ,    9400  ,   200 (               |   --- *--    ),91.00, 93.00, 94.00, 95.00, 96.00
  10 , k_3_0.25_9_derby_kd ,    9400  ,   200 (               |     - *--    ),92.00, 93.00, 94.00, 95.00, 96.00
  10 , k_3_0.1_11_derby_rp ,    9400  ,   200 (               |   --  *      ),91.00, 92.00, 94.00, 94.00, 95.00
  10 , k_3_0.05_5_derby_rp ,    9400  ,   100 (               |       *      ),93.00, 93.00, 94.00, 94.00, 95.00
  10 , k_3_0.2_9_derby_kd ,    9400  ,   200 (               |       *--    ),93.00, 93.00, 94.00, 95.00, 96.00
  10 , k_3_0.15_5_derby_rp ,    9400  ,   300 (               |  ---  *--    ),90.00, 92.00, 94.00, 94.00, 96.00
  10 , k_3_0.1_5_derby_kd ,    9400  ,   300 (               |   --  *      ),91.00, 92.00, 94.00, 94.00, 95.00
  10 , k_3_0.05_7_derby_pca ,    9400  ,   300 (               |   --- *      ),91.00, 93.00, 94.00, 95.00, 95.00
  10 , k_3_0.25_13_derby_kd ,    9400  ,   200 (               |   --- *      ),91.00, 93.00, 94.00, 94.00, 95.00
  10 , k_3_0.05_11_derby_kd ,    9400  ,   300 (               |     - *--    ),92.00, 93.00, 94.00, 95.00, 96.00
  10 , k_3_0.2_9_derby_rp ,    9400  ,   200 (               |   --- *      ),91.00, 93.00, 94.00, 94.00, 95.00
  10 , k_3_0.1_7_derby_kd ,    9400  ,   300 (               |   --  *--    ),91.00, 92.00, 94.00, 95.00, 96.00
  11 , k_3_0.25_5_derby_where ,    9500  ,   200 (               |     -- *-    ),92.00, 94.00, 95.00, 95.00, 96.00
